date time lat lon depth mag dist baz cordeg phase phi delta err_phi_min err_phi_max err_dt_min err_dt_max confidence_level SplitInt SplitInt_err_min SplitInt_err_max delta_XC phi_XC Qa E_red Eig_ratio category 15-Apr-2016 14:11:26 13.400800 -92.367000 22.410000 6.100000 94.258910 293.887340 4.247807 SKS 117.000000 4.000000 -Inf Inf 0.000000 Inf 7068.646435 0.045283 -0.072084 0.162649 0.039228 73.887340 -0.948517 64.017374 0.011879 null-measurement
20-Apr-2016 08:33:47 0.639000 -80.210400 14.000000 6.200000 95.355560 276.358260 4.247807 SKS 122.000000 0.512821 97.000000 5.000000 0.000000 4.000000 5506.927812 -0.373754 -0.466282 -0.281225 0.379433 -38.641740 0.289067 64.454506 0.021546 poor
07-Jun-2016 10:51:37 18.363700 -105.173100 10.000000 6.300000 98.167190 306.631060 4.247807 SKS 110.000000 1.333333 -Inf Inf 0.000000 Inf 53326.862058 0.659760 0.437600 0.881920 0.625476 77.631060 -0.264321 84.773447 0.057093 poor
25-Jul-2016 17:26:50 -26.106700 -70.511100 72.000000 6.100000 107.258570 250.159510 4.247807 SKS 126.000000 1.230769 89.000000 149.000000 0.615385 2.461538 20627.642298 -1.107232 -1.291161 -0.923304 1.081290 -70.840490 0.443581 88.994251 0.123084 good
29-Jul-2016 21:18:24 18.542900 145.507300 196.000000 7.700000 100.569950 49.633370 4.247807 SKS 98.000000 1.025641 70.000000 122.000000 0.615385 1.641026 9432.316051 -1.005412 -1.113309 -0.897515 0.989814 -85.366630 0.883233 92.587985 0.090434 good
04-Aug-2016 14:15:12 -22.334300 -66.007800 270.000000 6.200000 101.679720 250.044610 4.247807 SKS 129.000000 1.128205 91.000000 149.000000 0.512821 2.153846 10212.362672 -0.967317 -1.107038 -0.827595 0.955178 -67.955390 0.424694 93.782527 0.089416 good
04-Aug-2016 16:24:33 24.944700 142.014100 510.000000 6.300000 93.468720 48.640630 4.247807 SKS 107.000000 0.923077 72.000000 126.000000 0.512821 1.743590 8603.490469 -0.804532 -0.912462 -0.696602 0.787885 -84.359370 0.587275 91.333190 0.094029 good
23-Aug-2016 19:39:44 -7.287200 122.434500 533.000000 6.000000 105.571200 84.533040 4.247807 SKS 161.000000 1.025641 -Inf Inf 0.000000 Inf 16624.940244 -0.390966 -0.540287 -0.241645 0.403029 -52.466960 -0.357653 52.607092 0.043040 poor
24-Nov-2016 18:43:47 11.909700 -88.896800 10.000000 6.900000 93.108740 290.367620 4.247807 SKS 119.000000 1.230769 113.000000 -1.000000 0.205128 2.871795 1515.827631 -0.328042 -0.395775 -0.260308 0.342355 -23.632380 -0.556020 91.499440 0.010983 poor
21-Feb-2017 14:09:04 -19.281400 -63.904700 595.980000 6.500000 98.132780 250.820920 4.247807 SKS 128.000000 0.923077 -Inf Inf 0.000000 Inf 197554.142821 -0.804136 -1.058722 -0.549551 0.839179 -70.179080 0.414406 75.574231 0.081289 poor
10-May-2017 23:23:36 -56.414000 -25.743200 15.000000 6.500000 108.066900 203.759700 4.247807 SKS 113.000000 4.000000 -Inf Inf 0.000000 Inf 6442.949814 -0.019734 -0.116410 0.076942 0.026453 68.759700 -0.976531 4.214104 0.011709 null-measurement
12-May-2017 10:41:26 12.918700 -90.061100 16.000000 6.200000 93.125110 291.886550 4.247807 SKS 166.000000 0.410256 112.000000 21.000000 0.000000 4.000000 7632.926963 -0.368348 -0.474849 -0.261848 0.407767 -21.113450 0.776281 45.397667 0.022813 poor
20-May-2017 01:06:14 9.381800 123.953700 533.000000 6.000000 94.547710 71.797710 4.247807 SKS 94.000000 1.230769 81.000000 127.000000 0.512821 2.256410 4878.614278 -0.726644 -0.879911 -0.573378 0.687005 -55.202290 -0.152032 78.611298 0.095163 average
10-Oct-2017 06:32:21 -18.571500 -69.752600 85.000000 6.300000 101.574430 255.293570 4.247807 SKS 135.000000 1.128205 97.000000 155.000000 0.615385 2.461538 8189.610413 -0.944047 -1.084160 -0.803934 0.937469 -63.706430 0.365355 88.941992 0.065788 good
24-Oct-2017 10:47:47 -7.216800 123.073500 553.810000 6.700000 105.968840 84.013950 4.247807 SKS 82.000000 3.384615 -Inf Inf 0.000000 Inf 6143.393806 0.033165 -0.089374 0.155705 0.041378 36.013950 -1.009977 20.040740 0.013290 null-measurement
14-Jan-2018 09:18:45 -15.767500 -74.709200 39.000000 7.100000 103.043880 260.725900 4.247807 SKS 111.000000 0.923077 85.000000 164.000000 0.307692 2.871795 11706.003732 -0.753769 -0.908519 -0.599020 0.773180 -56.274100 0.538818 76.087126 0.056156 average
21-Jan-2018 01:06:42 -18.880600 -69.444500 116.000000 6.300000 101.579780 254.859950 4.247807 SKS 129.000000 1.025641 -Inf Inf 0.000000 Inf 84546.655799 -0.932186 -1.149055 -0.715316 0.944235 -61.140050 0.662138 83.096144 0.085798 poor
24-Aug-2018 09:04:08 -11.035500 -70.828400 630.000000 7.100000 97.036290 261.453960 4.247807 SKS 124.000000 1.025641 101.000000 150.000000 0.615385 1.538462 9080.352280 -1.012005 -1.144348 -0.879662 1.005300 -52.546040 0.887888 90.363639 0.112448 good
07-Sep-2018 02:12:06 -2.253200 -78.790300 110.500000 6.200000 96.420710 273.312250 4.247807 SKS 112.000000 0.923077 99.000000 168.000000 0.307692 2.153846 3727.712197 -0.517115 -0.598530 -0.435699 0.520274 -40.687750 -0.057160 86.472940 0.029712 good
28-Sep-2018 10:02:45 -0.255900 119.846200 20.000000 7.500000 98.745270 81.416170 4.247807 SKS 153.000000 0.205128 -Inf Inf 0.000000 Inf 3363.745166 -0.118916 -0.196316 -0.041516 0.133073 -54.583830 0.000873 23.467545 0.006502 null-measurement
01-Nov-2018 22:19:51 -19.582700 -69.265600 102.000000 6.200000 101.946600 254.226720 4.247807 SKS 142.000000 1.641026 123.000000 152.000000 0.923077 2.564103 9879.663932 -0.998383 -1.205848 -0.790918 1.049927 -56.773280 0.220529 94.847809 0.109619 good
15-Nov-2018 20:02:22 -56.706500 -25.546000 15.000000 6.400000 108.263010 203.503430 4.247807 SKS 28.000000 2.769231 -Inf Inf 0.000000 Inf 14108.390475 -0.282312 -0.439343 -0.125281 0.305789 69.503430 -0.812170 37.023718 0.027382 poor
01-Feb-2019 16:14:12 14.680200 -92.452700 66.000000 6.700000 93.353340 294.791290 4.247807 SKS 49.000000 0.820513 -Inf Inf 0.000000 Inf 31081.541601 0.520896 0.269260 0.772532 0.584392 70.791290 0.203367 39.039800 0.055559 poor
01-Mar-2019 08:50:42 -14.713100 -70.154600 267.000000 7.000000 99.154640 258.359640 4.247807 SKS 156.000000 2.051282 -Inf Inf 0.000000 Inf 18668.288112 -0.666897 -0.929722 -0.404073 0.670103 -58.640360 -0.446331 84.478339 0.035405 poor
