date time lat lon depth mag dist baz cordeg phase phi delta err_phi_min err_phi_max err_dt_min err_dt_max confidence_level SplitInt SplitInt_err_min SplitInt_err_max delta_XC phi_XC Qa E_red Eig_ratio category 15-Apr-2016 14:11:26 13.400800 -92.367000 22.410000 6.100000 92.862680 291.714060 8.716947 SKS 15.000000 3.179487 -Inf Inf 0.000000 Inf 23443.142395 -0.185408 -0.440183 0.069367 0.143454 -34.285940 -1.054924 72.380610 0.015354 poor
19-Apr-2016 05:25:39 -55.728300 -27.230700 14.000000 6.200000 105.856610 203.241120 8.716947 SKS 18.000000 4.000000 -Inf Inf 0.000000 Inf 74585.725939 0.349790 0.046250 0.653330 0.395701 -30.758880 -0.992975 34.393638 0.030650 poor
18-May-2016 16:46:43 0.494700 -79.616000 29.950000 6.900000 93.086290 273.674150 8.716947 SKS 8.000000 1.435897 -Inf Inf 0.000000 Inf 4576.034311 0.198109 0.069879 0.326338 0.224231 49.674150 -0.771842 19.020765 0.013662 poor
28-May-2016 09:46:59 -56.240900 -26.935300 78.000000 7.200000 106.217060 202.823390 8.716947 SKS 169.000000 0.615385 -Inf Inf 0.000000 Inf 458762.791981 0.554162 0.233723 0.874601 0.690572 -29.176610 0.408376 47.211903 0.077106 poor
05-Jun-2016 16:25:33 -4.587000 125.626400 429.620000 6.300000 108.161480 78.444160 8.716947 SKS 5.000000 0.923077 169.000000 76.000000 0.000000 3.897436 14635.402551 0.450595 0.314077 0.587112 0.536102 34.444160 -0.098978 57.312910 0.063881 poor
07-Jun-2016 10:51:37 18.363700 -105.173100 10.000000 6.300000 97.249460 304.277640 8.716947 SKS 131.000000 1.641026 -Inf Inf 0.000000 Inf 42028.322631 -0.321590 -0.420067 -0.223112 0.334929 -8.722360 -0.693866 78.944009 0.014431 poor
07-Jun-2016 19:15:15 1.278900 126.371200 31.000000 6.300000 104.486590 73.644360 8.716947 SKS 47.000000 1.230769 4.000000 63.000000 0.512821 2.461538 12012.635885 0.936426 0.783573 1.089278 0.956131 33.644360 0.474874 89.070270 0.081062 average
25-Jul-2016 17:26:50 -26.106700 -70.511100 72.000000 6.100000 104.847050 247.964300 8.716947 SKS 67.000000 2.358974 -Inf Inf 0.000000 Inf 13271.730749 -0.001134 -0.126880 0.124612 0.000000 -68.035700 -0.999207 3.327012 0.023389 null-measurement
04-Aug-2016 14:15:12 -22.334300 -66.007800 270.000000 6.200000 99.267400 247.900780 8.716947 SKS 70.000000 4.000000 -Inf Inf 0.000000 Inf 16184.739517 -0.085888 -0.245190 0.073415 0.105276 -66.099220 -0.949255 14.406973 0.032011 null-measurement
04-Aug-2016 16:24:33 24.944700 142.014100 510.000000 6.300000 95.892860 46.553240 8.716947 SKS 43.000000 4.000000 40.000000 44.000000 2.769231 4.000000 4619.331931 -0.018492 -0.118110 0.081126 0.000000 85.553240 -0.946387 83.250881 0.013653 null-measurement
21-Aug-2016 03:45:23 -55.313300 -31.750800 12.000000 6.100000 106.854160 205.747890 8.716947 SKS 145.000000 0.410256 -Inf Inf 0.000000 Inf 18036.965364 0.337826 0.225145 0.450507 0.378236 -24.252110 0.644649 41.280753 0.028915 poor
23-Aug-2016 19:39:44 -7.287200 122.434500 533.000000 6.000000 107.785340 82.799900 8.716947 SKS 40.000000 1.230769 6.000000 68.000000 0.512821 2.153846 34882.059007 1.080395 0.837224 1.323567 1.199414 42.799900 0.904917 82.482015 0.216300 average
20-Nov-2016 20:57:44 -31.622600 -68.625900 108.000000 6.400000 107.284560 242.544850 8.716947 SKIKS 149.000000 3.487179 -Inf Inf 0.000000 Inf 23301.630027 -0.100943 -0.290280 0.088394 0.086761 -79.455150 -1.054418 24.511524 0.056067 null-measurement
01-Dec-2016 22:40:26 -15.312200 -70.827000 12.000000 6.200000 97.722940 256.208770 8.716947 SKS 17.000000 1.128205 -Inf Inf 0.000000 Inf 665105.669818 0.471250 -0.266858 1.209357 0.000000 -58.791230 -1.770089 36.843457 0.265671 poor
29-Dec-2016 22:30:19 -9.027900 118.663900 79.000000 6.300000 106.282090 86.809690 8.716947 SKS 14.000000 1.333333 4.000000 36.000000 0.615385 2.256410 6205.321307 0.614774 0.460248 0.769300 0.609135 43.809690 -0.211473 91.517515 0.070505 good
10-Jan-2017 06:13:48 4.478200 122.617100 627.170000 7.300000 99.583130 74.164140 8.716947 SKS 48.000000 1.128205 10.000000 62.000000 0.615385 2.153846 4405.026393 0.841085 0.722826 0.959343 0.891988 37.164140 0.548734 91.109184 0.053221 good
18-Feb-2017 12:10:17 -23.861300 -66.659200 222.000000 6.400000 100.755520 247.205920 8.716947 SKS 153.000000 1.846154 -Inf Inf 0.000000 Inf 5581.604465 -0.156406 -0.243693 -0.069118 0.163361 -70.794080 -0.885724 39.663132 0.014871 poor
21-Feb-2017 14:09:04 -19.281400 -63.904700 595.980000 6.500000 95.727510 248.704100 8.716947 SKS 157.000000 3.384615 -Inf Inf 0.000000 Inf 11162.734402 -0.066345 -0.187655 0.054964 0.079140 -67.295900 -0.960986 20.451373 0.022943 null-measurement
15-Apr-2017 08:19:43 -23.265300 -67.722500 155.000000 6.300000 101.055920 248.330180 8.716947 SKS 71.000000 3.179487 -Inf Inf 0.000000 Inf 9948.147516 -0.169267 -0.295809 -0.042725 0.164656 -65.669820 -0.911162 20.392805 0.023163 poor
23-Sep-2017 12:53:01 16.625800 -95.077800 10.000000 6.100000 92.287050 295.820180 8.716947 SKS 19.000000 2.051282 -Inf Inf 0.000000 Inf 4825.297579 -0.303524 -0.537627 -0.069420 0.316170 -26.179820 -0.856609 50.807252 0.050334 poor
10-Oct-2017 06:32:21 -18.571500 -69.752600 85.000000 6.300000 99.217300 253.111030 8.716947 SKS 165.000000 4.000000 -Inf Inf 0.000000 Inf 11717.461720 0.014396 -0.125577 0.154368 0.024255 30.111030 -0.996422 8.815370 0.019740 null-measurement
24-Oct-2017 10:47:47 -7.216800 123.073500 553.810000 6.700000 108.192670 82.283000 8.716947 SKS 12.000000 1.435897 -Inf Inf 0.000000 Inf 48928.787028 0.808712 0.595373 1.022051 0.826698 41.283000 -0.098594 75.259827 0.063698 poor
24-Oct-2017 10:47:47 -7.216800 123.073500 553.810000 6.700000 108.192670 82.283000 8.716947 SKKS 60.000000 1.435897 4.000000 77.000000 0.410256 4.000000 16721.863784 0.902335 0.702173 1.102497 0.912408 28.283000 -0.122219 78.539052 0.067463 poor
14-Jan-2018 09:18:45 -15.767500 -74.709200 39.000000 7.100000 100.764450 258.478600 8.716947 SKS 74.000000 2.871795 -Inf Inf 0.000000 Inf 8724.448690 0.199070 0.016770 0.381370 0.220322 28.478600 -0.936881 53.412692 0.014935 poor
21-Jan-2018 01:06:42 -18.880600 -69.444500 116.000000 6.300000 99.217340 252.680580 8.716947 SKS 168.000000 1.948718 -Inf Inf 0.000000 Inf 18083.248809 0.267922 0.087254 0.448591 0.281656 32.680580 -0.853470 17.586312 0.036965 poor
25-Mar-2018 20:14:47 -6.634300 129.817200 169.000000 6.400000 112.556880 76.822080 8.716947 SKS 42.000000 1.025641 170.000000 74.000000 0.102564 2.871795 65098.248482 0.880991 0.628314 1.133668 1.000708 40.822080 0.949480 65.914358 0.202920 poor
25-Mar-2018 20:14:47 -6.634300 129.817200 169.000000 6.400000 112.556880 76.822080 8.716947 SKKS 33.000000 0.410256 -Inf Inf 0.000000 Inf 84512.978999 0.392342 0.134583 0.650101 0.499756 26.822080 0.680877 26.887322 0.097247 poor
02-Apr-2018 13:40:34 -20.658800 -63.005800 559.000000 6.800000 96.096730 247.124730 8.716947 SKS 154.000000 1.948718 -Inf Inf 0.000000 Inf 11241.675513 -0.169292 -0.301557 -0.037028 0.181339 -69.875270 -0.883181 13.139668 0.034054 poor
10-Apr-2018 10:19:34 -31.025800 -71.529200 66.000000 6.200000 108.768450 244.737560 8.716947 SKS 150.000000 0.923077 -Inf Inf 0.000000 Inf 5869.052950 -0.128412 -0.219041 -0.037784 0.165315 -71.262440 -0.740503 18.900216 0.013889 null-measurement
28-Jul-2018 17:07:23 -7.103900 122.726300 578.160000 6.000000 107.866420 82.450530 8.716947 SKKS 25.000000 0.717949 -Inf Inf 0.000000 Inf 142578.772929 0.600585 0.374780 0.826390 0.627259 41.450530 0.453016 61.388922 0.076392 poor
28-Jul-2018 22:47:38 -8.239500 116.508000 14.000000 6.400000 104.189980 87.739560 8.716947 SKS 75.000000 1.128205 -Inf Inf 0.000000 Inf 37445.457470 0.431979 0.190401 0.673558 0.473522 41.739560 -0.328934 38.014778 0.042875 poor
05-Aug-2018 11:46:38 -8.258100 116.437500 34.000000 6.900000 104.152010 87.802990 8.716947 SKS 66.000000 1.128205 14.000000 81.000000 0.410256 2.974359 8603.464775 0.714759 0.570265 0.859253 0.701270 39.802990 0.018056 69.738491 0.071536 poor
17-Aug-2018 15:35:01 -7.371800 119.801700 529.000000 6.500000 105.959250 84.757720 8.716947 SKS 13.000000 0.923077 179.000000 72.000000 0.205128 2.564103 6959.322800 0.509666 0.410313 0.609019 0.508842 40.757720 -0.078768 72.691884 0.040486 poor
24-Aug-2018 09:04:08 -11.035500 -70.828400 630.000000 7.100000 94.769610 259.302940 8.716947 SKS 77.000000 2.666667 -Inf Inf 0.000000 Inf 6668.538152 -0.026762 -0.127947 0.074422 0.035809 -56.697060 -1.015972 13.783561 0.021309 null-measurement
28-Aug-2018 07:08:11 -10.773000 124.187100 14.000000 6.200000 111.442940 84.193910 8.716947 SKS 1.000000 3.076923 175.000000 73.000000 0.205128 4.000000 9969.777011 0.429376 0.242028 0.616724 0.413288 48.193910 -0.923168 64.683443 0.022420 poor
07-Sep-2018 02:12:06 -2.253200 -78.790300 110.500000 6.200000 94.400210 271.129050 8.716947 SKS 3.000000 2.871795 -Inf Inf 0.000000 Inf 1546.352457 0.036740 -0.018518 0.091997 0.017953 48.129050 -0.996637 47.615065 0.005683 null-measurement
28-Sep-2018 10:02:45 -0.255900 119.846200 20.000000 7.500000 101.015860 79.525750 8.716947 SKS 48.000000 0.615385 171.000000 77.000000 0.102564 3.897436 7020.116525 0.537962 0.429548 0.646376 0.521251 34.525750 0.524487 84.711983 0.025522 poor
01-Nov-2018 22:19:51 -19.582700 -69.265600 102.000000 6.200000 99.576620 252.047740 8.716947 SKS 69.000000 1.846154 -Inf Inf 0.000000 Inf 11881.704817 0.096573 -0.019289 0.212436 0.092330 27.047740 -0.882344 13.993544 0.030492 null-measurement
01-Mar-2019 08:50:42 -14.713100 -70.154600 267.000000 7.000000 96.839140 256.190220 8.716947 SKS 81.000000 4.000000 -Inf Inf 0.000000 Inf 12631.548415 -0.165510 -0.392077 0.061056 0.159013 -54.809780 -0.942373 48.431455 0.020996 poor
31-Mar-2019 07:04:04 -1.944600 -80.810100 18.000000 6.200000 95.640110 272.760940 8.716947 SKS 178.000000 2.974359 -Inf Inf 0.000000 Inf 12777.261720 -0.278195 -0.446035 -0.110356 0.281314 -45.239060 -0.867112 47.120424 0.026662 poor
06-Apr-2019 21:55:01 -6.828500 125.041600 539.000000 6.300000 109.323140 80.549680 8.716947 SKS 24.000000 1.230769 178.000000 68.000000 0.410256 2.871795 32112.535015 0.948551 0.707621 1.189482 1.067294 42.549680 0.387524 61.454523 0.150525 poor
12-Apr-2019 11:40:49 -1.814600 122.579800 15.460000 6.800000 104.050510 78.662850 8.716947 SKS 50.000000 0.923077 171.000000 76.000000 0.102564 4.000000 18221.486961 0.747240 0.553112 0.941367 0.746764 31.662850 0.363552 62.387093 0.068787 poor
31-May-2019 10:12:32 6.279500 126.479000 98.720000 6.100000 100.920070 70.073590 8.716947 SKS 26.000000 0.820513 176.000000 53.000000 0.410256 1.230769 13905.471639 0.782498 0.661141 0.903856 0.753933 30.073590 0.828075 88.974001 0.152799 good
04-Jun-2019 04:39:16 29.066500 139.289000 422.000000 6.400000 91.130200 46.129600 8.716947 SKS 42.000000 4.000000 -Inf Inf 0.000000 Inf 16766.801544 -0.161548 -0.304889 -0.018207 0.140889 85.129600 -0.923224 51.883429 0.022233 poor
14-Jun-2019 00:19:12 -30.055700 -72.081900 11.000000 6.400000 108.498620 245.841090 8.716947 SKS 154.000000 4.000000 -Inf Inf 0.000000 Inf 9015.655504 -0.022716 -0.153546 0.108115 0.000000 -73.158910 -1.048538 22.052496 0.010045 null-measurement
24-Jun-2019 02:53:39 -6.407800 129.169200 212.000000 7.300000 111.942010 77.144130 8.716947 SKS 14.000000 1.230769 177.000000 49.000000 0.512821 2.358974 15795.228099 0.928619 0.764607 1.092631 0.909380 49.144130 -0.164576 83.667081 0.109398 average
24-Jun-2019 02:53:39 -6.407800 129.169200 212.000000 7.300000 111.942010 77.144130 8.716947 SKKS 173.000000 1.641026 -Inf Inf 0.000000 Inf 14905.191757 0.244051 0.083486 0.404615 0.267416 34.144130 -0.753061 39.060122 0.027602 poor
28-Jun-2019 15:51:31 19.851500 144.347700 410.000000 6.400000 101.304360 47.679370 8.716947 SKS 44.000000 4.000000 -Inf Inf 0.000000 Inf 413764.044964 0.125106 -0.142622 0.392833 0.126869 -3.320630 -1.021569 59.883409 0.012909 null-measurement
07-Jul-2019 15:08:40 0.512600 126.189200 35.000000 6.900000 104.913890 74.324790 8.716947 SKS 15.000000 1.025641 177.000000 52.000000 0.512821 1.948718 6262.350394 0.878078 0.767880 0.988276 0.835369 32.324790 0.395620 89.428145 0.071538 good
14-Jul-2019 09:10:51 -0.585800 128.034000 18.980000 7.200000 106.983050 73.722640 8.716947 SKS 18.000000 0.615385 -Inf Inf 0.000000 Inf 15875.622457 0.547649 0.390823 0.704476 0.526429 32.722640 0.494163 62.902536 0.039198 poor
19-Sep-2019 07:06:33 -6.070800 111.842200 610.000000 6.100000 99.337630 89.407540 8.716947 SKS 29.000000 0.615385 2.000000 83.000000 0.205128 2.666667 8469.585769 0.509353 0.408464 0.610241 0.507474 45.407540 0.427827 78.058739 0.045270 average
14-Nov-2019 16:17:40 1.621300 126.415600 33.000000 7.100000 104.269550 73.368830 8.716947 SKS 46.000000 1.025641 174.000000 67.000000 0.307692 2.666667 10971.171470 0.797799 0.636590 0.959008 0.814851 28.368830 0.374302 84.314764 0.069069 average
