date time lat lon depth mag dist baz cordeg phase phi delta err_phi_min err_phi_max err_dt_min err_dt_max confidence_level SplitInt SplitInt_err_min SplitInt_err_max delta_XC phi_XC Qa E_red Eig_ratio category 20-Apr-2016 08:33:47 0.639000 -80.210400 14.000000 6.200000 93.486840 274.288470 -2.938293 SKS 89.000000 3.692308 30.000000 93.000000 0.205128 4.000000 13023.050497 0.292125 0.088906 0.495344 0.319394 45.288470 -0.885753 56.655176 0.035754 poor
18-May-2016 16:46:43 0.494700 -79.616000 29.950000 6.900000 93.161800 273.768890 -2.938293 SKS 92.000000 4.000000 -Inf Inf 0.000000 Inf 15464.139505 0.000886 -0.184813 0.186584 0.000000 -44.231110 -0.972832 14.447832 0.028702 null-measurement
28-May-2016 09:46:59 -56.240900 -26.935300 78.000000 7.200000 106.416490 202.905260 -2.938293 SKS 33.000000 4.000000 24.000000 40.000000 1.435897 4.000000 30403.675523 -0.153040 -0.568413 0.262332 0.000000 20.905260 -0.464403 79.287752 0.072437 average
07-Jun-2016 10:51:37 18.363700 -105.173100 10.000000 6.300000 97.220190 304.387070 -2.938293 SKS 130.000000 1.435897 -Inf Inf 0.000000 Inf 31135.598722 -0.229512 -0.383389 -0.075635 0.252369 -8.612930 -0.746567 25.598894 0.031427 poor
07-Jun-2016 19:15:15 1.278900 126.371200 31.000000 6.300000 104.351300 73.692200 -2.938293 SKS 46.000000 1.128205 164.000000 72.000000 0.000000 4.000000 34698.212742 0.875092 0.649537 1.100647 0.871641 26.692200 0.313255 79.827930 0.102454 poor
25-Jul-2016 17:26:50 -26.106700 -70.511100 72.000000 6.100000 104.995400 248.084790 -2.938293 SKS 154.000000 4.000000 -Inf Inf 0.000000 Inf 25415.098828 -0.147085 -0.325452 0.031283 0.153200 -75.915210 -1.076175 34.648198 0.028337 null-measurement
04-Aug-2016 14:15:12 -22.334300 -66.007800 270.000000 6.200000 99.415920 248.007620 -2.938293 SKS 73.000000 3.487179 -Inf Inf 0.000000 Inf 24410.670374 -0.273866 -0.501999 -0.045732 0.283879 -60.992380 -0.943759 40.240114 0.043155 poor
04-Aug-2016 16:24:33 24.944700 142.014100 510.000000 6.300000 95.705550 46.631610 -2.938293 SKS 51.000000 1.333333 -Inf Inf 0.000000 Inf 6402.297008 -0.154041 -0.221744 -0.086339 0.159990 -84.368390 -0.875157 47.482929 0.012108 poor
19-Aug-2016 07:32:22 -55.285200 -31.876600 10.000000 7.400000 107.069830 205.911820 -2.938293 SKS 114.000000 4.000000 -Inf Inf 0.000000 Inf 11111.524456 -0.101731 -0.267075 0.063612 0.114216 67.911820 -0.996324 22.146686 0.011668 null-measurement
21-Aug-2016 03:45:23 -55.313300 -31.750800 12.000000 6.100000 107.053900 205.832730 -2.938293 SKS 31.000000 1.846154 -Inf Inf 0.000000 Inf 64808.091316 -0.252346 -0.498270 -0.006422 0.279629 71.832730 -0.756915 18.849510 0.065605 poor
20-Sep-2016 16:21:16 30.501700 142.047800 9.000000 6.100000 91.167650 43.435900 -2.938293 SKKS 57.000000 0.923077 -Inf Inf 0.000000 Inf 1813.493457 -0.348154 -0.506664 -0.189645 0.454323 87.435900 -0.196103 42.873329 0.078900 poor
20-Nov-2016 20:57:44 -31.622600 -68.625900 108.000000 6.400000 107.444910 242.666990 -2.938293 SKS 156.000000 4.000000 -Inf Inf 0.000000 Inf 28262.624384 0.132971 -0.068658 0.334599 0.140889 21.666990 -0.980232 47.148593 0.022619 null-measurement
20-Nov-2016 20:57:44 -31.622600 -68.625900 108.000000 6.400000 107.444910 242.666990 -2.938293 SKKS 145.000000 2.666667 127.000000 150.000000 0.615385 4.000000 13316.376717 -0.392929 -0.577836 -0.208021 0.379946 -79.333010 -0.847115 77.714417 0.025981 poor
20-Nov-2016 20:57:44 -31.622600 -68.625900 108.000000 6.400000 107.444910 242.666990 -2.938293 SKIKS 145.000000 2.666667 130.000000 150.000000 0.717949 4.000000 12327.693191 -0.392313 -0.567519 -0.217106 0.379946 -79.333010 -0.847115 77.717620 0.025963 average
10-Jan-2017 06:13:48 4.478200 122.617100 627.170000 7.300000 99.449230 74.224920 -2.938293 SKS 175.000000 2.461538 -Inf Inf 0.000000 Inf 939878.444080 0.558543 0.069526 1.047561 0.610064 34.224920 -0.628218 62.105615 0.065022 poor
21-Feb-2017 14:09:04 -19.281400 -63.904700 595.980000 6.500000 95.874140 248.802750 -2.938293 SKS 155.000000 4.000000 -Inf Inf 0.000000 Inf 11442.092585 -0.012467 -0.185718 0.160785 0.000000 -73.197250 -1.072268 69.824549 0.014274 null-measurement
15-Apr-2017 08:19:43 -23.265300 -67.722500 155.000000 6.300000 101.203420 248.441530 -2.938293 SKS 66.000000 4.000000 -Inf Inf 0.000000 Inf 54068.545048 -0.010753 -0.168991 0.147486 0.000000 -69.558470 -0.987628 43.252690 0.008960 null-measurement
10-May-2017 23:23:36 -56.414000 -25.743200 15.000000 6.500000 106.238370 202.214520 -2.938293 SKS 26.000000 1.435897 -Inf Inf 0.000000 Inf 33941.420854 -0.168027 -0.347994 0.011940 0.157548 65.214520 -0.761814 8.682611 0.032239 poor
23-Sep-2017 12:53:01 16.625800 -95.077800 10.000000 6.100000 92.287220 295.912640 -2.938293 SKS 17.000000 0.820513 -Inf Inf 0.000000 Inf 4295.468045 -0.226653 -0.397663 -0.055643 0.215217 -19.087360 -0.540985 17.546203 0.051586 poor
10-Oct-2017 06:32:21 -18.571500 -69.752600 85.000000 6.300000 99.353030 253.219800 -2.938293 SKS 72.000000 3.794872 -Inf Inf 0.000000 Inf 3707.739640 -0.012701 -0.080535 0.055132 0.000000 -62.780200 -1.004890 15.098131 0.008149 null-measurement
24-Oct-2017 10:47:47 -7.216800 123.073500 553.810000 6.700000 108.080980 82.314390 -2.938293 SKS 10.000000 1.435897 172.000000 81.000000 0.000000 4.000000 20944.002318 0.710248 0.473896 0.946601 0.752858 36.314390 -0.066047 68.319168 0.064832 poor
24-Oct-2017 10:47:47 -7.216800 123.073500 553.810000 6.700000 108.080980 82.314390 -2.938293 SKKS 66.000000 1.333333 -Inf Inf 0.000000 Inf 62874.680212 0.569161 0.263464 0.874859 0.608061 37.314390 -0.185107 49.152543 0.106049 poor
15-Dec-2017 16:47:58 -7.492100 108.174300 90.000000 6.500000 97.596380 93.049390 -2.938293 SKKS 30.000000 0.820513 18.000000 50.000000 0.512821 1.128205 3945.891680 0.619287 0.542559 0.696016 0.583000 53.049390 0.167954 88.343845 0.092951 good
21-Jan-2018 01:06:42 -18.880600 -69.444500 116.000000 6.300000 99.354170 252.789190 -2.938293 SKS 69.000000 3.897436 66.000000 70.000000 2.153846 4.000000 4112.134069 0.078863 -0.038015 0.195740 0.083928 22.789190 -1.005958 73.501874 0.008578 null-measurement
02-Apr-2018 13:40:34 -20.658800 -63.005800 559.000000 6.800000 96.247060 247.223840 -2.938293 SKS 65.000000 3.692308 -Inf Inf 0.000000 Inf 12266.420352 -0.081481 -0.223569 0.060606 0.092526 -69.776160 -0.980143 24.634194 0.023222 null-measurement
10-Apr-2018 10:19:34 -31.025800 -71.529200 66.000000 6.200000 108.924100 244.865160 -2.938293 SKS 59.000000 3.692308 -Inf Inf 0.000000 Inf 83998.357560 0.223852 -0.050454 0.498158 0.210381 11.865160 -0.993200 51.309470 0.065540 poor
17-Aug-2018 15:35:01 -7.371800 119.801700 529.000000 6.500000 105.854850 84.794830 -2.938293 SKS 7.000000 1.538462 175.000000 81.000000 0.000000 4.000000 19904.770889 0.494317 0.309097 0.679538 0.481192 50.794830 -0.684893 63.192258 0.040307 poor
24-Aug-2018 09:04:08 -11.035500 -70.828400 630.000000 7.100000 94.888730 259.401260 -2.938293 SKS 75.000000 2.974359 72.000000 77.000000 1.538462 4.000000 2025.932577 0.107904 -0.000084 0.215891 0.108891 29.401260 -0.977326 83.367829 0.007702 null-measurement
07-Sep-2018 02:12:06 -2.253200 -78.790300 110.500000 6.200000 94.483860 271.227800 -2.938293 SKS 88.000000 0.820513 -Inf Inf 0.000000 Inf 1949.914466 0.087097 0.041983 0.132210 0.101979 46.227800 -0.804750 19.674528 0.006121 null-measurement
28-Sep-2018 10:02:45 -0.255900 119.846200 20.000000 7.500000 100.896400 79.580400 -2.938293 SKS 14.000000 0.820513 -Inf Inf 0.000000 Inf 18534.370506 0.605553 0.503459 0.707647 0.610943 38.580400 0.147235 93.108561 0.031938 poor
01-Nov-2018 22:19:51 -19.582700 -69.265600 102.000000 6.200000 99.715050 252.157030 -2.938293 SKS 68.000000 3.794872 65.000000 70.000000 2.051282 4.000000 5020.535445 -0.011377 -0.133213 0.110459 0.019614 -68.842970 -0.954204 67.489037 0.010326 null-measurement
15-Nov-2018 20:02:22 -56.706500 -25.546000 15.000000 6.400000 106.440590 201.966050 -2.938293 SKS 110.000000 3.692308 -Inf Inf 0.000000 Inf 38483.090859 -0.105053 -0.323082 0.112976 0.093796 63.966050 -0.998159 8.768018 0.052052 null-measurement
11-Dec-2018 02:26:29 -58.544600 -26.385600 133.000000 7.100000 108.263440 201.423550 -2.938293 SKS 113.000000 4.000000 -Inf Inf 0.000000 Inf 6354.249793 -0.034676 -0.131068 0.061716 0.048901 67.423550 -1.000741 5.215880 0.011676 null-measurement
11-Dec-2018 02:26:29 -58.544600 -26.385600 133.000000 7.100000 108.263440 201.423550 -2.938293 SKKS 104.000000 4.000000 -Inf Inf 0.000000 Inf 84404.536418 0.127084 -0.329515 0.583683 0.000000 -44.576450 -0.724891 24.455408 0.068295 poor
05-Jan-2019 19:25:38 -8.144000 -71.587000 570.410000 6.800000 93.416400 261.995990 -2.938293 SKS 116.000000 0.205128 -Inf Inf 0.000000 Inf 30883.734237 -0.183581 -0.289114 -0.078048 0.192794 -53.004010 0.644121 33.206158 0.009646 poor
06-Jan-2019 17:27:18 2.258000 126.758000 43.210000 6.600000 103.905850 72.713090 -2.938293 SKS 171.000000 2.256410 164.000000 66.000000 0.102564 4.000000 11812.965137 0.501326 0.341165 0.661487 0.509526 32.713090 -0.707991 61.866076 0.030558 poor
21-Jan-2019 23:59:23 -10.327800 119.152100 26.000000 6.000000 107.426310 87.480140 -2.938293 SKS 11.000000 1.948718 -Inf Inf 0.000000 Inf 69728.597964 0.583333 0.268293 0.898372 0.579555 54.480140 -0.689517 60.695820 0.093367 poor
01-Mar-2019 08:50:42 -14.713100 -70.154600 267.000000 7.000000 96.966800 256.293610 -2.938293 SKS 76.000000 4.000000 -Inf Inf 0.000000 Inf 1893.853700 0.000402 -0.058742 0.059547 0.023937 30.293610 -1.009830 3.506090 0.005097 null-measurement
31-Mar-2019 07:04:04 -1.944600 -80.810100 18.000000 6.200000 95.718540 272.863830 -2.938293 SKS 23.000000 0.512821 -Inf Inf 0.000000 Inf 22347.511334 0.300243 0.162362 0.438124 0.317733 52.863830 -0.081793 20.405914 0.056461 poor
12-Apr-2019 11:40:49 -1.814600 122.579800 15.460000 6.800000 103.928610 78.709060 -2.938293 SKS 45.000000 0.820513 -1.000000 70.000000 0.307692 2.153846 16562.460724 0.724906 0.590978 0.858833 0.785662 36.709060 0.732607 69.759871 0.080101 poor
04-Jun-2019 04:39:16 29.066500 139.289000 422.000000 6.400000 90.942400 46.213780 -2.938293 SKS 81.000000 0.410256 45.000000 135.000000 0.000000 4.000000 13963.842843 -0.373257 -0.468838 -0.277676 0.364778 -84.786220 0.526592 68.715312 0.027485 poor
14-Jun-2019 00:19:12 -30.055700 -72.081900 11.000000 6.400000 108.651820 245.969020 -2.938293 SKS 61.000000 4.000000 -Inf Inf 0.000000 Inf 15001.992831 0.176503 -0.050124 0.403130 0.198925 14.969020 -0.974516 60.785028 0.015447 poor
24-Jun-2019 02:53:39 -6.407800 129.169200 212.000000 7.300000 111.815870 77.167560 -2.938293 SKKS 174.000000 2.769231 -Inf Inf 0.000000 Inf 483539.076384 0.264951 -0.081627 0.611530 0.255300 39.167560 -0.913937 52.135536 0.043731 poor
28-Jun-2019 15:51:31 19.851500 144.347700 410.000000 6.400000 101.118420 47.750320 -2.938293 SKS 140.000000 3.076923 -Inf Inf 0.000000 Inf 31803.419370 0.032338 -0.115492 0.180169 0.057963 3.750320 -0.953412 9.840367 0.031257 null-measurement
07-Jul-2019 15:08:40 0.512600 126.189200 35.000000 6.900000 104.780350 74.371030 -2.938293 SKS 13.000000 1.025641 170.000000 64.000000 0.307692 2.871795 19118.014715 0.835264 0.672862 0.997666 0.825403 42.371030 0.036549 85.161992 0.076917 average
14-Nov-2019 16:17:40 1.621300 126.415600 33.000000 7.100000 104.133550 73.417420 -2.938293 SKS 37.000000 0.615385 172.000000 67.000000 0.307692 2.153846 8702.453444 0.585805 0.480662 0.690949 0.616268 25.417420 0.635989 77.005450 0.047485 average
