date time lat lon depth mag dist baz cordeg phase phi delta err_phi_min err_phi_max err_dt_min err_dt_max confidence_level SplitInt SplitInt_err_min SplitInt_err_max delta_XC phi_XC Qa E_red Eig_ratio category 
20-Apr-2016 08:33:47 0.639000 -80.210400 14.000000 6.200000 93.978230 274.806520 -17.909514 SKS 6.000000 4.000000 -Inf Inf 0.000000 Inf 18374.826584 -0.003532 -0.174046 0.166982 0.022350 -37.193480 -0.954573 12.080482 0.022312 null-measurement 
18-May-2016 16:46:43 0.494700 -79.616000 29.950000 6.900000 93.655710 274.285100 -17.909514 SKS 9.000000 2.871795 -Inf Inf 0.000000 Inf 59942.950582 0.199750 0.011115 0.388384 0.215437 52.285100 -0.887234 47.956780 0.025995 poor 
28-May-2016 09:46:59 -56.240900 -26.935300 78.000000 7.200000 106.837500 203.293230 -17.909514 SKS 21.000000 3.692308 -Inf Inf 0.000000 Inf 10759.381908 0.009185 -0.124407 0.142776 0.000000 66.293230 -1.006527 23.712632 0.022714 null-measurement 
05-Jun-2016 16:25:33 -4.587000 125.626400 429.620000 6.300000 107.488850 78.936510 -17.909514 SKS 173.000000 0.615385 -Inf Inf 0.000000 Inf 24901.638518 0.082218 -0.072127 0.236563 0.144480 32.936510 -0.657214 2.504197 0.039537 null-measurement 
07-Jun-2016 10:51:37 18.363700 -105.173100 10.000000 6.300000 97.504390 304.948720 -17.909514 SKS 49.000000 1.846154 -Inf Inf 0.000000 Inf 1791840.996619 0.678632 0.243800 1.113463 0.747411 86.948720 -0.459705 71.370696 0.087418 poor 
25-Jul-2016 17:26:50 -26.106700 -70.511100 72.000000 6.100000 105.560050 248.594330 -17.909514 SKS 71.000000 0.923077 -Inf Inf 0.000000 Inf 4805.612675 -0.063714 -0.131177 0.003749 0.061114 -67.405670 -0.858136 6.538757 0.008448 null-measurement 
04-Aug-2016 14:15:12 -22.334300 -66.007800 270.000000 6.200000 99.980620 248.513680 -17.909514 SKS 71.000000 3.179487 -Inf Inf 0.000000 Inf 7462.697134 -0.063335 -0.172408 0.045739 0.062140 -63.486320 -0.992112 45.779916 0.006535 null-measurement 
04-Aug-2016 16:24:33 24.944700 142.014100 510.000000 6.300000 95.168490 47.148250 -17.909514 SKS 124.000000 1.128205 54.000000 136.000000 0.102564 3.384615 18128.345752 -0.403214 -0.533318 -0.273109 0.400977 89.148250 -0.425004 79.728972 0.033589 average 
21-Aug-2016 03:45:23 -55.313300 -31.750800 12.000000 6.100000 107.493680 206.222870 -17.909514 SKS 114.000000 4.000000 -Inf Inf 0.000000 Inf 7241.225919 0.053035 -0.044809 0.150879 0.046165 -21.777130 -0.971197 26.098566 0.013494 null-measurement 
23-Aug-2016 19:39:44 -7.287200 122.434500 533.000000 6.000000 107.136680 83.278630 -17.909514 SKS 4.000000 2.769231 -Inf Inf 0.000000 Inf 65682.666796 0.733646 0.331226 1.136067 0.796190 52.278630 -0.821353 46.344213 0.068689 poor 
04-Nov-2016 16:20:44 -35.094500 -71.045700 90.000000 6.300000 111.808810 241.773810 -17.909514 SKS 70.000000 4.000000 -Inf Inf 0.000000 Inf 75717.390625 -0.498733 -0.887401 -0.110066 0.649145 -67.226190 -0.791798 28.847920 0.138826 poor 
18-Feb-2017 12:10:17 -23.861300 -66.659200 222.000000 6.400000 101.470700 247.821580 -17.909514 SKS 160.000000 3.282051 -Inf Inf 0.000000 Inf 8441.970031 0.057913 -0.041551 0.157376 0.058109 24.821580 -0.978378 20.298579 0.016129 null-measurement 
21-Feb-2017 14:09:04 -19.281400 -63.904700 595.980000 6.500000 96.438330 249.307620 -17.909514 SKS 164.000000 1.230769 -Inf Inf 0.000000 Inf 332652.375360 0.142613 -0.028354 0.313581 0.130972 26.307620 -0.834346 29.975647 0.016070 null-measurement 
15-Apr-2017 08:19:43 -23.265300 -67.722500 155.000000 6.300000 101.767860 248.949480 -17.909514 SKS 72.000000 4.000000 -Inf Inf 0.000000 Inf 11302.200676 -0.162041 -0.308180 -0.015902 0.184465 -62.050520 -0.976127 50.777334 0.012078 poor 
11-Aug-2017 05:28:25 14.006500 120.739100 172.000000 6.200000 90.713740 69.504680 -17.909514 SKS 163.000000 2.256410 -Inf Inf 0.000000 Inf 5233.696371 0.157509 0.043071 0.271947 0.192721 27.504680 -0.905036 38.087537 0.029892 poor 
23-Sep-2017 12:53:01 16.625800 -95.077800 10.000000 6.100000 92.640640 296.430700 -17.909514 SKS 47.000000 0.615385 -Inf Inf 0.000000 Inf 11445.188000 0.376077 0.166891 0.585263 0.396043 73.430700 0.028382 46.178732 0.044281 poor 
10-Oct-2017 06:32:21 -18.571500 -69.752600 85.000000 6.300000 99.912360 253.734390 -17.909514 SKS 78.000000 4.000000 74.000000 82.000000 1.333333 4.000000 10809.329208 -0.158668 -0.305026 -0.012309 0.178163 -57.265610 -0.949940 54.275887 0.025659 poor 
02-Apr-2018 13:40:34 -20.658800 -63.005800 559.000000 6.800000 96.812160 247.727220 -17.909514 SKS 69.000000 4.000000 -Inf Inf 0.000000 Inf 5301.756887 -0.015713 -0.092549 0.061122 0.021910 -68.272780 -0.944538 9.763830 0.015909 null-measurement 
17-Aug-2018 15:35:01 -7.371800 119.801700 529.000000 6.500000 105.322660 85.242140 -17.909514 SKS 74.000000 1.435897 178.000000 83.000000 0.102564 4.000000 12121.450658 0.427697 0.287181 0.568213 0.441011 37.242140 -0.514790 64.275658 0.042755 poor 
17-Aug-2018 23:22:24 8.779100 -83.152700 15.000000 6.100000 90.315950 282.618490 -17.909514 SKS 97.000000 1.743590 -Inf Inf 0.000000 Inf 27388.681844 0.141236 -0.017985 0.300458 0.194529 58.618490 -0.741717 24.338057 0.072366 poor 
24-Aug-2018 09:04:08 -11.035500 -70.828400 630.000000 7.100000 95.435690 259.914490 -17.909514 SKS 179.000000 1.333333 -Inf Inf 0.000000 Inf 31662.466564 0.315434 0.141702 0.489165 0.316512 40.914490 -0.702440 45.196050 0.042532 poor 
07-Sep-2018 02:12:06 -2.253200 -78.790300 110.500000 6.200000 94.989510 271.748640 -17.909514 SKS 97.000000 4.000000 -Inf Inf 0.000000 Inf 19603.476852 0.218089 0.017638 0.418540 0.207426 55.748640 -0.865106 67.483391 0.017272 poor 
28-Sep-2018 10:02:45 -0.255900 119.846200 20.000000 7.500000 100.349010 80.054430 -17.909514 SKS 65.000000 1.025641 -Inf Inf 0.000000 Inf 82547.211687 0.471901 0.260482 0.683320 0.463190 31.054430 -0.318916 59.610154 0.028577 poor 
01-Nov-2018 22:19:51 -19.582700 -69.265600 102.000000 6.200000 100.275860 252.670360 -17.909514 SKS 77.000000 3.692308 72.000000 79.000000 1.025641 4.000000 6660.901987 -0.063763 -0.199808 0.072282 0.076991 -56.329640 -1.017101 69.806045 0.012690 null-measurement 
11-Dec-2018 02:26:29 -58.544600 -26.385600 133.000000 7.100000 108.674470 201.794520 -17.909514 SKS 18.000000 4.000000 -Inf Inf 0.000000 Inf 9440.919324 -0.004054 -0.196837 0.188729 0.025037 60.794520 -0.945200 50.818676 0.012706 null-measurement 
22-Feb-2019 10:17:23 -2.186200 -77.050500 145.000000 7.500000 93.698640 270.574390 -17.909514 SKS 93.000000 4.000000 -Inf Inf 0.000000 Inf 5886.940955 0.101682 -0.027910 0.231274 0.097313 49.574390 -0.940715 38.315965 0.009912 null-measurement 
01-Mar-2019 08:50:42 -14.713100 -70.154600 267.000000 7.000000 97.520780 256.808380 -17.909514 SKS 80.000000 3.487179 -Inf Inf 0.000000 Inf 6423.089316 -0.128839 -0.276825 0.019146 0.138935 -56.191620 -0.933724 42.185312 0.015427 null-measurement 
31-Mar-2019 07:04:04 -1.944600 -80.810100 18.000000 6.200000 96.216710 273.391570 -17.909514 SKS 103.000000 4.000000 96.000000 110.000000 2.871795 4.000000 29873.782092 0.357807 0.113885 0.601730 0.312164 60.391570 -0.868979 68.154597 0.077921 poor 
12-Apr-2019 11:40:49 -1.814600 122.579800 15.460000 6.800000 103.379100 79.177120 -17.909514 SKS 71.000000 1.333333 -Inf Inf 0.000000 Inf 17076.306879 0.288217 0.127364 0.449071 0.310652 34.177120 -0.586126 27.510298 0.040099 poor 
04-Jun-2019 04:39:16 29.066500 139.289000 422.000000 6.400000 90.406630 46.715870 -17.909514 SKS 123.000000 1.435897 80.000000 133.000000 0.307692 2.974359 22093.507234 -0.508954 -0.670366 -0.347542 0.526380 -88.284130 -0.330053 76.056132 0.059389 average 
14-Jun-2019 00:19:12 -30.055700 -72.081900 11.000000 6.400000 109.217350 246.473720 -17.909514 SKS 124.000000 0.615385 74.000000 151.000000 0.307692 2.051282 3847.813140 -0.537522 -0.620948 -0.454096 0.570347 -72.526280 0.470417 80.248264 0.024473 average 
07-Jul-2019 15:08:40 0.512600 126.189200 35.000000 6.900000 104.222250 74.847670 -17.909514 SKS 53.000000 0.512821 -Inf Inf 0.000000 Inf 12361.822312 0.332516 0.205889 0.459142 0.394016 25.847670 0.085949 42.997891 0.024566 poor 
19-Sep-2019 07:06:33 -6.070800 111.842200 610.000000 6.100000 98.732780 89.927960 -17.909514 SKS 175.000000 2.769231 -Inf Inf 0.000000 Inf 29274.811697 -0.196894 -0.405839 0.012051 0.228114 -44.072040 -0.786575 26.956653 0.047248 poor 
29-Oct-2019 01:04:43 6.756700 125.008200 15.000000 6.600000 98.869200 71.384700 -17.909514 SKKS 96.000000 2.153846 -Inf Inf 0.000000 Inf 83832.655142 -1.254216 -1.783346 -0.725087 1.755329 -62.615300 0.278800 82.740662 0.243723 poor 
14-Nov-2019 16:17:40 1.621300 126.415600 33.000000 7.100000 103.573990 73.897450 -17.909514 SKS 62.000000 1.435897 -Inf Inf 0.000000 Inf 34602.656101 0.487582 0.267186 0.707979 0.479775 25.897450 -0.474473 51.073702 0.048754 poor 
