0.300000 60.000000 1.500000 100.000000 1 2 2 8 3 7 8 9 5 8 
0.400000 40.000000 1.800000 100.000000 4 2 2 8 3 8 8 5 9 1 
0.500000 50.000000 1.700000 100.000000 10 6 2 2 6 10 1 3 5 5 
1.300000 10.000000 1.900000 125.000000 5 5 5 9 3 7 3 9 4 9 
0.400000 55.000000 1.600000 100.000000 10 2 1 4 9 10 2 3 5 8 
0.500000 55.000000 1.500000 100.000000 3 5 6 10 9 4 3 1 4 9 
0.200000 55.000000 1.400000 100.000000 8 10 5 4 6 6 2 9 3 8 
0.500000 35.000000 1.900000 95.000000 5 4 10 6 10 2 6 7 3 1 
0.600000 35.000000 1.800000 100.000000 4 3 8 1 5 3 1 4 5 3 
0.500000 30.000000 1.900000 95.000000 1 10 6 4 6 3 3 8 9 10 
0.400000 40.000000 1.900000 95.000000 9 4 10 4 9 5 2 7 5 6 
0.600000 45.000000 1.700000 100.000000 4 6 4 4 6 1 1 6 3 9 
1.500000 0.000000 1.900000 120.000000 10 6 5 9 5 7 2 9 9 2 
0.700000 45.000000 1.900000 100.000000 1 10 2 4 3 6 1 4 9 2 
0.300000 60.000000 1.500000 100.000000 7 5 5 9 1 3 2 2 8 10 
0.400000 60.000000 1.400000 100.000000 6 6 5 10 6 4 5 3 9 4 
0.300000 30.000000 1.700000 95.000000 8 10 10 10 4 3 5 5 6 3 
0.300000 70.000000 1.400000 100.000000 9 8 10 2 5 8 1 5 9 6 
0.500000 40.000000 1.800000 100.000000 3 4 7 2 9 4 1 1 8 1 
0.500000 60.000000 1.500000 100.000000 4 10 5 3 5 2 1 9 10 6 
0.300000 70.000000 1.400000 100.000000 9 1 10 9 6 5 9 2 5 10 
0.300000 30.000000 1.800000 95.000000 8 10 6 1 10 10 10 8 1 4 
0.500000 45.000000 1.700000 100.000000 3 9 5 6 1 5 4 3 10 2 
0.400000 35.000000 1.800000 100.000000 5 2 9 5 2 6 6 8 7 1 
0.500000 50.000000 1.700000 100.000000 2 1 2 3 4 8 2 4 10 10 
0.500000 35.000000 1.900000 95.000000 5 10 7 3 3 10 6 2 5 4 
0.700000 45.000000 1.800000 100.000000 6 1 1 3 7 1 2 6 6 6 
0.500000 45.000000 1.800000 100.000000 4 1 8 3 4 2 9 5 9 1 
0.400000 50.000000 1.600000 100.000000 1 6 6 8 4 3 5 10 9 2 
0.300000 35.000000 1.800000 95.000000 9 4 8 10 7 8 2 4 1 7 
0.400000 50.000000 1.600000 100.000000 6 5 5 9 3 10 6 1 9 1 
0.400000 35.000000 1.700000 95.000000 1 3 7 2 5 7 6 3 4 7 
0.600000 40.000000 1.800000 100.000000 6 3 5 1 2 10 3 1 3 8 
0.500000 45.000000 1.800000 100.000000 1 5 4 8 3 9 1 9 4 2 
0.400000 50.000000 1.700000 100.000000 6 9 8 9 1 4 5 10 2 2 
0.300000 60.000000 1.500000 95.000000 4 10 10 9 10 1 8 7 6 4 
0.500000 35.000000 1.900000 95.000000 7 1 5 3 10 9 2 6 3 10 
0.500000 45.000000 1.700000 100.000000 10 6 1 1 8 3 3 4 5 2 
0.300000 60.000000 1.400000 100.000000 5 10 3 5 9 1 7 5 2 3 
0.400000 60.000000 1.600000 100.000000 1 5 5 8 9 2 5 4 10 1 
0.300000 50.000000 1.500000 100.000000 8 5 1 9 3 9 1 7 6 6 
1.500000 5.000000 1.900000 130.000000 6 9 7 10 4 9 5 10 7 6 
0.200000 40.000000 1.400000 100.000000 8 3 9 6 8 3 4 10 6 9 
0.400000 45.000000 1.700000 100.000000 10 9 4 6 5 8 1 3 2 1 
0.500000 35.000000 1.900000 100.000000 10 5 9 9 3 2 1 6 2 5 
0.300000 65.000000 1.400000 100.000000 6 5 2 1 9 3 10 8 5 8 
0.500000 35.000000 1.900000 100.000000 9 5 1 1 2 5 3 7 2 10 
0.500000 35.000000 1.800000 100.000000 3 8 6 2 2 4 3 8 10 4 
0.400000 60.000000 1.500000 100.000000 2 5 5 5 6 4 6 4 8 5 
0.500000 35.000000 1.900000 95.000000 9 1 7 1 6 2 10 7 4 3 
0.400000 60.000000 1.500000 100.000000 8 6 8 5 4 2 7 1 1 6 
0.400000 45.000000 1.700000 100.000000 5 9 1 4 6 2 7 2 8 6 
0.400000 40.000000 1.600000 100.000000 5 9 3 9 3 1 8 10 4 3 
0.400000 40.000000 1.600000 100.000000 1 5 3 8 6 5 8 4 4 3 
0.600000 35.000000 1.900000 95.000000 3 3 2 7 5 7 3 5 1 3 
0.300000 50.000000 1.600000 100.000000 8 8 10 1 3 2 6 8 2 8 
0.400000 35.000000 1.900000 95.000000 7 2 9 7 1 9 10 3 2 8 
1.600000 0.000000 1.900000 130.000000 7 6 10 4 5 6 2 2 7 10 
0.500000 50.000000 1.600000 100.000000 6 9 1 4 4 6 4 5 3 5 
0.500000 30.000000 1.900000 95.000000 8 3 10 5 1 4 6 10 3 6 
0.500000 30.000000 1.800000 95.000000 3 10 1 1 7 7 6 8 3 3 
0.500000 35.000000 1.900000 100.000000 3 2 1 1 7 10 2 2 8 9 
0.400000 60.000000 1.500000 100.000000 9 6 6 5 4 10 2 8 6 1 
0.500000 35.000000 1.800000 95.000000 3 4 7 6 6 10 3 4 3 9 
0.500000 35.000000 1.900000 100.000000 3 5 9 8 1 2 2 2 10 6 
0.800000 60.000000 1.400000 100.000000 10 1 3 1 10 3 5 3 3 4 
0.400000 30.000000 1.900000 95.000000 7 4 1 6 8 2 10 9 5 6 
0.300000 30.000000 1.800000 95.000000 10 4 7 7 2 6 10 1 5 9 
0.400000 35.000000 1.900000 90.000000 3 5 7 7 10 4 3 6 10 4 
0.600000 35.000000 1.900000 95.000000 4 1 3 2 3 4 4 7 7 6 
0.400000 30.000000 1.900000 95.000000 1 1 5 9 10 3 7 10 8 2 
0.500000 30.000000 1.900000 95.000000 2 6 5 10 7 1 3 5 3 7 
0.400000 40.000000 1.700000 100.000000 9 6 4 6 9 1 8 8 3 1 
0.400000 65.000000 1.500000 100.000000 4 8 8 10 1 2 1 4 1 8 
0.600000 35.000000 1.900000 95.000000 10 7 9 3 1 3 4 3 6 6 
1.600000 0.000000 1.900000 130.000000 2 9 10 7 5 7 2 6 9 3 
0.600000 45.000000 1.800000 100.000000 6 1 5 10 1 9 1 6 1 3 
0.600000 45.000000 1.800000 100.000000 2 4 2 3 4 5 10 1 3 9 
1.300000 0.000000 1.800000 120.000000 5 9 10 3 3 6 7 6 5 2 
0.500000 40.000000 1.800000 100.000000 8 3 4 6 6 2 10 1 1 5 
0.400000 50.000000 1.700000 100.000000 10 5 1 2 9 6 2 10 4 9 
0.600000 40.000000 1.900000 100.000000 1 3 1 6 1 8 4 9 6 2 
0.400000 50.000000 1.700000 100.000000 1 9 10 7 4 1 9 2 2 5 
0.500000 50.000000 1.600000 100.000000 3 6 1 6 7 1 8 1 6 9 
0.400000 35.000000 1.800000 95.000000 7 7 5 1 2 10 7 3 1 6 
0.400000 50.000000 1.700000 100.000000 5 5 6 2 5 1 8 1 4 8 
0.400000 40.000000 1.600000 100.000000 3 1 9 8 6 3 4 4 8 5 
0.400000 65.000000 1.400000 95.000000 9 4 7 6 1 7 1 7 1 4 
0.500000 40.000000 1.900000 100.000000 3 10 9 10 2 5 9 2 2 1 
0.600000 50.000000 1.600000 100.000000 4 4 1 10 3 9 1 3 6 6 
0.400000 65.000000 1.400000 100.000000 10 5 4 5 10 3 8 1 9 2 
0.200000 30.000000 1.700000 95.000000 4 5 4 8 10 10 10 8 8 8 
0.400000 60.000000 1.500000 100.000000 1 10 2 1 6 8 6 6 8 10 
0.400000 35.000000 1.800000 100.000000 9 8 8 5 3 2 10 6 1 2 
0.400000 50.000000 1.700000 95.000000 4 4 4 8 10 7 2 10 4 4 
0.400000 50.000000 1.600000 100.000000 6 1 5 6 1 6 9 9 7 9 
0.600000 55.000000 1.600000 100.000000 2 5 6 1 1 4 6 10 10 3 
0.400000 50.000000 1.600000 100.000000 4 6 2 5 8 6 3 1 10 9 
0.300000 35.000000 1.800000 95.000000 9 5 1 4 8 7 8 4 10 4 
