1.400000 98.000000 2 4 4 5 6 6 6 7 9 10 
1.600000 98.000000 1 1 1 2 4 5 5 6 7 10 
1.600000 97.000000 1 1 4 5 5 5 5 7 9 10 
1.500000 97.000000 1 2 3 4 5 5 7 8 10 10 
1.300000 98.000000 1 3 4 4 5 6 6 7 8 8 
1.400000 98.000000 1 1 3 3 4 5 7 8 9 10 
1.400000 98.000000 2 2 4 4 5 5 5 7 8 8 
1.300000 99.000000 2 2 3 3 7 8 8 10 10 10 
1.500000 97.000000 2 2 2 4 6 7 8 8 9 10 
1.400000 98.000000 1 1 3 3 3 7 8 9 10 10 
1.200000 104.000000 2 3 3 3 6 6 7 10 10 10 
1.300000 99.000000 2 2 3 4 4 5 5 7 8 10 
1.500000 96.000000 1 3 4 7 8 8 9 10 10 10 
1.600000 97.000000 1 4 5 5 7 9 9 9 10 10 
1.100000 102.000000 3 3 3 4 4 5 7 8 8 10 
1.600000 97.000000 1 1 1 1 1 2 4 4 4 7 
1.500000 97.000000 1 2 4 5 6 7 8 8 9 9 
1.600000 97.000000 1 2 5 5 5 7 8 8 9 9 
1.400000 99.000000 1 2 3 3 5 5 7 8 10 10 
1.400000 99.000000 2 2 3 6 7 8 8 8 9 9 
1.400000 99.000000 1 2 2 3 4 5 6 7 8 9 
1.100000 105.000000 2 3 3 3 4 4 5 7 9 10 
1.600000 97.000000 1 2 2 4 5 5 5 7 8 10 
1.600000 98.000000 1 1 2 5 5 7 8 9 9 10 
1.300000 99.000000 2 3 4 4 5 7 8 8 9 10 
1.500000 99.000000 1 2 3 5 6 7 9 9 10 10 
1.700000 99.000000 1 1 1 2 5 5 5 6 7 10 
1.400000 99.000000 1 2 2 3 3 4 5 7 10 10 
1.300000 101.000000 2 3 3 5 5 7 8 9 10 10 
1.500000 97.000000 1 2 3 4 5 7 9 10 10 10 
1.200000 103.000000 3 3 4 4 5 6 7 9 9 9 
1.300000 102.000000 2 3 3 4 6 7 9 9 9 9 
1.500000 98.000000 1 1 4 5 6 6 7 9 10 10 
1.500000 99.000000 1 1 1 2 3 4 5 7 9 10 
1.300000 99.000000 1 2 3 4 4 4 5 6 7 10 
1.600000 97.000000 1 2 2 2 7 8 8 8 10 10 
1.400000 102.000000 2 2 2 3 5 5 7 9 9 10 
1.500000 97.000000 1 2 4 7 8 8 8 8 9 9 
1.300000 102.000000 1 3 3 3 6 6 7 9 9 10 
1.400000 98.000000 1 3 4 4 6 7 8 9 9 9 
1.300000 102.000000 2 2 3 4 5 5 6 7 9 10 
1.500000 97.000000 1 4 5 6 7 8 8 8 9 9 
1.300000 97.000000 1 3 4 4 4 4 7 8 10 10 
1.500000 97.000000 1 2 2 3 7 8 8 8 9 10 
1.500000 99.000000 2 2 4 5 5 5 7 9 9 10 
1.700000 97.000000 1 1 1 1 4 7 8 9 10 10 
1.300000 101.000000 2 3 3 5 5 6 7 8 9 9 
1.300000 100.000000 1 3 3 4 5 5 6 7 8 9 
1.300000 101.000000 1 1 2 3 3 3 6 7 8 9 
1.600000 99.000000 1 1 2 2 2 6 7 8 9 10 
1.400000 99.000000 4 5 5 6 7 8 9 9 9 9 
1.400000 97.000000 2 3 4 5 7 8 8 8 10 10 
1.400000 98.000000 1 2 2 3 4 4 7 8 9 10 
1.400000 98.000000 2 4 4 6 6 7 8 8 9 9 
1.100000 103.000000 3 3 3 4 4 4 6 7 9 10 
1.400000 99.000000 1 2 3 4 6 6 7 8 9 10 
1.300000 101.000000 2 3 4 5 6 7 8 9 9 9 
1.400000 101.000000 1 2 2 2 3 5 6 6 7 8 
1.400000 99.000000 2 2 3 4 6 7 8 9 9 10 
1.600000 97.000000 1 1 1 4 6 7 8 9 9 10 
1.400000 99.000000 1 2 2 3 3 5 5 7 8 8 
1.400000 98.000000 1 3 4 5 7 8 8 9 9 10 
1.400000 97.000000 1 2 4 4 4 5 5 6 7 10 
1.400000 99.000000 1 1 2 2 3 4 4 6 7 10 
1.300000 99.000000 1 2 3 3 4 4 7 8 9 10 
1.300000 99.000000 3 3 4 5 5 5 7 8 10 10 
1.500000 97.000000 2 3 5 5 7 8 9 10 10 10 
1.500000 100.000000 1 1 2 3 5 6 6 7 9 10 
1.300000 98.000000 1 3 3 4 5 7 8 8 8 10 
1.500000 97.000000 1 1 4 5 5 6 7 8 8 9 
1.300000 101.000000 1 2 2 3 3 4 5 6 7 10 
1.400000 98.000000 1 2 4 4 6 6 7 8 9 9 
1.400000 97.000000 2 4 4 5 7 8 8 8 9 9 
1.500000 96.000000 1 3 4 5 5 5 7 8 10 10 
1.600000 98.000000 1 5 5 5 5 7 9 9 10 10 
1.200000 101.000000 2 2 3 4 4 4 6 7 8 9 
1.400000 100.000000 1 2 3 3 5 5 5 6 7 10 
1.500000 97.000000 1 2 4 4 7 9 9 10 10 10 
1.400000 100.000000 1 2 3 4 5 6 6 7 9 9 
1.500000 98.000000 1 1 1 3 4 5 7 8 9 10 
1.400000 97.000000 1 2 3 4 6 7 8 8 8 10 
1.400000 101.000000 1 3 5 5 6 6 7 9 9 9 
1.200000 104.000000 2 2 2 3 3 3 4 6 7 10 
1.300000 98.000000 2 3 4 4 6 7 8 8 8 9 
1.700000 97.000000 1 1 1 1 1 4 4 5 7 8 
1.400000 98.000000 1 3 4 5 5 6 7 8 9 10 
1.500000 99.000000 1 2 2 4 6 6 7 9 10 10 
1.300000 99.000000 2 3 4 4 5 5 6 6 7 8 
1.500000 97.000000 1 2 2 4 4 5 7 9 10 10 
1.400000 98.000000 2 2 4 4 6 7 8 8 9 10 
1.300000 99.000000 2 2 3 4 7 8 8 8 8 9 
1.300000 98.000000 1 2 3 4 4 4 4 5 7 9 
1.600000 98.000000 1 2 2 2 7 8 8 9 10 10 
1.400000 100.000000 2 2 4 5 6 6 6 7 9 10 
1.400000 98.000000 1 2 2 3 4 7 8 8 9 10 
1.400000 98.000000 4 4 5 5 6 7 8 8 9 9 
1.300000 99.000000 3 3 4 6 7 8 8 9 10 10 
1.600000 97.000000 1 1 1 6 6 7 8 8 9 10 
1.500000 98.000000 1 1 2 2 2 4 4 5 6 7 
1.300000 102.000000 2 2 3 3 4 5 7 9 9 10 
1.300000 100.000000 2 3 3 4 5 5 7 8 9 10 
1.400000 97.000000 1 1 3 3 5 7 8 8 8 8 
1.400000 99.000000 1 2 2 3 4 5 5 7 8 10 
1.300000 101.000000 2 3 4 5 5 6 6 7 9 10 
1.300000 103.000000 2 2 3 3 5 5 5 5 6 7 
1.400000 98.000000 2 2 3 4 7 8 8 9 10 10 
1.400000 98.000000 1 3 4 5 5 6 6 7 10 10 
1.300000 98.000000 1 2 3 4 4 4 4 6 6 7 
1.400000 102.000000 1 1 2 2 2 3 3 6 7 9 
1.300000 99.000000 3 4 5 5 6 6 7 8 8 9 
1.400000 98.000000 3 5 5 5 6 7 8 8 10 10 
1.500000 97.000000 1 2 4 5 6 7 8 9 10 10 
1.300000 100.000000 1 2 3 3 4 5 7 8 9 9 
1.400000 97.000000 4 4 6 6 6 7 8 8 10 10 
1.300000 98.000000 1 3 4 4 4 4 7 9 9 10 
1.400000 98.000000 1 3 4 5 6 7 9 10 10 10 
1.400000 100.000000 2 2 3 5 5 7 8 9 10 10 
1.200000 102.000000 2 2 3 3 3 4 5 7 8 10 
1.400000 98.000000 2 3 4 5 5 6 7 8 10 10 
1.500000 99.000000 1 1 1 2 2 3 3 7 8 9 
1.200000 99.000000 1 3 3 4 4 4 7 8 8 9 
1.500000 96.000000 2 3 5 7 8 8 8 10 10 10 
1.600000 98.000000 1 1 2 4 5 5 6 7 9 10 
1.400000 98.000000 1 2 3 4 4 5 5 6 7 10 
1.400000 100.000000 1 2 3 3 6 6 7 9 10 10 
1.500000 99.000000 1 2 4 5 5 5 7 9 9 9 
1.300000 98.000000 1 2 3 4 4 4 5 6 7 8 
1.300000 98.000000 1 3 3 4 4 4 5 6 7 10 
1.600000 96.000000 1 1 4 5 6 7 8 10 10 10 
1.500000 97.000000 1 2 4 4 5 6 7 8 9 10 
1.600000 96.000000 1 1 3 5 7 8 8 10 10 10 
1.400000 99.000000 2 2 6 6 6 7 8 8 10 10 
1.400000 99.000000 1 2 3 4 6 6 7 8 9 10 
1.300000 100.000000 2 3 5 6 6 6 6 7 8 8 
1.500000 97.000000 1 1 2 2 4 4 4 5 5 7 
1.300000 101.000000 2 2 3 3 4 5 5 7 9 10 
1.500000 100.000000 1 1 1 3 5 5 6 6 7 10 
1.300000 99.000000 2 3 4 6 6 7 8 8 9 10 
1.400000 98.000000 1 3 3 5 5 5 6 7 8 10 
1.300000 102.000000 3 5 5 5 5 6 6 6 7 9 
1.300000 101.000000 2 3 3 5 6 6 6 7 8 10 
1.600000 98.000000 1 1 1 4 5 6 7 9 10 10 
1.400000 99.000000 1 3 3 5 6 7 8 9 9 10 
1.400000 98.000000 3 4 5 5 5 7 8 9 9 10 
1.400000 99.000000 1 2 2 2 3 4 6 6 7 8 
1.300000 100.000000 2 3 3 4 6 7 8 8 9 9 
1.400000 98.000000 1 2 3 3 5 6 7 8 8 10 
1.300000 100.000000 1 2 3 3 4 5 6 7 8 9 
1.500000 100.000000 1 2 5 5 5 6 6 7 9 10 
1.400000 98.000000 5 5 6 6 7 8 8 8 8 9 
1.500000 97.000000 1 2 2 4 4 5 7 8 9 9 
1.400000 100.000000 1 2 2 3 4 5 6 6 7 9 
1.400000 98.000000 1 1 3 4 4 5 6 7 8 9 
1.300000 100.000000 1 3 3 5 5 5 6 6 7 8 
1.300000 99.000000 3 4 4 4 5 7 8 9 9 10 
1.300000 98.000000 2 4 4 4 6 7 8 8 8 8 
1.400000 99.000000 2 2 2 3 4 5 7 8 9 9 
1.600000 97.000000 1 1 2 4 4 5 7 9 9 10 
1.500000 98.000000 1 2 5 5 6 6 7 8 8 10 
1.300000 99.000000 3 4 4 6 7 8 8 9 9 10 
1.400000 99.000000 2 3 5 5 6 7 8 8 9 10 
1.400000 97.000000 4 4 5 5 5 6 7 8 8 9 
1.400000 97.000000 1 1 3 4 4 6 6 7 8 10 
1.500000 97.000000 1 2 4 5 6 6 7 8 8 10 
1.200000 101.000000 3 3 3 4 5 6 7 8 9 10 
1.500000 97.000000 1 1 4 4 6 6 7 8 8 9 
1.400000 99.000000 2 2 2 3 5 5 7 8 8 10 
1.500000 98.000000 1 2 3 5 5 7 8 9 10 10 
1.300000 101.000000 2 2 3 4 4 5 5 7 9 9 
1.500000 98.000000 1 1 3 5 5 7 8 8 9 9 
1.400000 98.000000 1 3 4 5 5 6 6 7 8 9 
1.400000 100.000000 2 2 3 5 6 7 8 9 9 10 
1.400000 102.000000 2 2 2 3 5 5 5 6 7 9 
1.500000 97.000000 1 1 2 4 4 5 6 7 8 8 
1.400000 97.000000 1 1 3 3 4 7 8 8 8 10 
1.400000 97.000000 1 3 4 4 5 6 7 8 9 10 
1.200000 106.000000 2 2 3 3 3 6 7 9 9 10 
1.400000 99.000000 1 2 3 4 5 6 7 8 9 9 
1.400000 98.000000 1 2 2 3 4 4 5 7 8 10 
1.500000 98.000000 1 2 3 7 8 9 9 9 10 10 
1.300000 99.000000 1 3 3 3 4 5 7 8 8 9 
1.100000 106.000000 2 3 3 3 3 5 6 7 8 9 
1.400000 98.000000 1 2 3 4 5 5 6 6 7 8 
1.300000 101.000000 1 2 3 3 4 6 7 9 9 10 
1.400000 98.000000 1 1 3 3 4 5 6 7 8 10 
1.300000 100.000000 1 3 3 4 5 6 7 9 10 10 
1.200000 103.000000 2 2 2 3 3 4 6 7 8 9 
1.300000 98.000000 1 3 3 4 4 7 8 8 9 10 
1.400000 97.000000 2 3 7 8 8 8 8 9 10 10 
1.400000 99.000000 1 1 2 3 3 6 7 8 8 9 
1.400000 98.000000 1 1 3 4 4 5 6 7 8 9 
1.400000 97.000000 2 4 4 5 6 7 8 8 10 10 
1.400000 97.000000 1 1 3 4 4 5 6 7 8 8 
1.600000 97.000000 1 1 1 2 4 5 6 7 8 8 
1.500000 98.000000 1 2 2 4 5 7 8 8 9 9 
1.400000 99.000000 2 3 5 5 6 6 7 8 9 10 
1.300000 100.000000 1 3 3 4 5 6 6 7 9 10 
1.600000 98.000000 1 1 1 2 4 5 5 6 7 9 
1.400000 99.000000 2 3 4 5 7 9 9 9 10 10 
1.600000 97.000000 1 1 1 2 4 7 8 9 10 10 
1.500000 97.000000 1 3 5 6 7 8 8 9 10 10 
1.600000 98.000000 1 2 5 6 7 9 9 10 10 10 
1.500000 98.000000 1 6 7 8 8 9 9 9 10 10 
1.400000 98.000000 1 2 4 4 4 5 5 6 7 9 
1.300000 99.000000 2 2 4 4 4 4 5 6 6 7 
1.600000 97.000000 1 1 2 4 4 5 5 5 7 9 
1.600000 97.000000 1 1 2 2 4 4 5 5 5 7 
1.500000 98.000000 1 1 2 3 4 6 7 8 9 10 
1.300000 102.000000 1 3 3 3 5 6 6 6 7 9 
1.300000 103.000000 1 2 2 3 3 3 7 9 9 10 
1.400000 97.000000 1 1 3 4 4 4 4 6 7 9 
1.500000 97.000000 1 1 4 4 5 6 7 8 9 10 
1.600000 100.000000 1 1 1 2 2 2 6 7 8 9 
1.500000 98.000000 1 2 4 5 6 6 7 10 10 10 
1.400000 98.000000 1 4 4 6 6 6 7 9 10 10 
1.400000 98.000000 1 2 2 3 4 7 8 8 9 10 
1.300000 101.000000 2 2 2 3 4 6 6 6 7 8 
1.300000 99.000000 3 4 4 5 6 6 7 8 9 10 
1.300000 98.000000 1 2 3 4 4 4 5 5 7 8 
1.500000 98.000000 1 6 7 8 8 9 9 9 10 10 
1.500000 100.000000 1 1 3 5 7 9 9 9 9 10 
1.300000 102.000000 2 2 2 3 4 5 5 6 7 10 
1.600000 98.000000 1 1 2 2 4 6 7 10 10 10 
1.500000 98.000000 1 1 1 3 4 6 7 8 9 9 
1.200000 104.000000 1 2 3 3 3 3 5 5 7 10 
1.400000 101.000000 1 3 5 5 5 6 7 9 9 9 
1.500000 98.000000 4 5 6 7 9 9 9 10 10 10 
1.600000 97.000000 1 1 1 1 2 4 4 5 7 8 
1.400000 98.000000 2 2 3 7 8 8 8 9 10 10 
1.400000 97.000000 1 2 4 4 4 6 7 8 8 9 
1.500000 98.000000 1 2 4 5 5 5 6 6 7 8 
1.500000 98.000000 2 4 5 5 6 7 9 9 10 10 
1.200000 101.000000 3 3 4 4 6 6 7 10 10 10 
1.400000 98.000000 1 2 2 3 4 4 5 6 7 10 
1.400000 99.000000 1 2 2 2 3 4 4 6 7 9 
1.500000 96.000000 1 4 5 5 6 6 7 8 8 8 
1.500000 97.000000 1 1 3 4 5 6 7 8 9 10 
1.600000 98.000000 1 1 2 2 4 6 7 9 10 10 
1.700000 97.000000 1 1 2 2 5 5 7 8 8 10 
1.600000 96.000000 1 2 4 7 8 9 9 10 10 10 
1.400000 100.000000 1 2 3 4 5 6 7 9 9 10 
1.400000 98.000000 2 3 4 5 5 6 7 8 10 10 
1.500000 98.000000 1 4 5 6 6 7 9 9 9 10 
1.200000 102.000000 3 3 3 5 7 8 8 9 9 10 
1.500000 98.000000 1 1 3 4 5 6 7 8 9 9 
1.500000 98.000000 1 1 3 4 5 6 7 9 10 10 
1.500000 97.000000 1 1 2 3 4 4 5 7 9 10 
1.500000 96.000000 1 2 4 4 6 7 8 8 8 9 
1.400000 98.000000 4 6 6 6 7 9 10 10 10 10 
1.200000 101.000000 3 3 4 5 5 5 6 7 8 8 
1.300000 100.000000 2 3 3 6 7 8 8 8 9 9 
1.500000 98.000000 1 1 2 3 4 5 7 8 9 9 
1.500000 99.000000 1 2 2 2 4 5 6 7 9 10 
1.500000 99.000000 1 1 2 2 3 4 5 7 9 10 
1.400000 100.000000 2 3 5 5 5 6 7 9 10 10 
1.600000 96.000000 1 2 4 5 7 10 10 10 10 10 
1.300000 102.000000 2 2 3 5 6 6 6 7 8 9 
1.400000 100.000000 1 1 2 2 3 3 4 6 7 9 
1.500000 97.000000 2 4 5 5 6 7 8 9 9 10 
1.400000 100.000000 1 2 3 4 5 7 9 9 9 10 
1.500000 97.000000 1 2 3 4 5 5 7 8 9 10 
1.500000 98.000000 2 5 5 5 6 7 8 8 9 9 
1.400000 99.000000 1 1 3 4 5 6 6 6 7 10 
1.500000 101.000000 1 1 2 2 6 6 6 7 9 10 
1.400000 99.000000 1 2 2 3 4 6 7 10 10 10 
1.300000 101.000000 1 3 3 4 5 5 6 6 7 9 
1.500000 97.000000 1 1 3 4 6 7 8 9 9 10 
1.400000 97.000000 1 2 3 4 4 5 7 8 8 10 
1.300000 100.000000 2 2 2 2 3 4 4 5 7 8 
1.400000 98.000000 2 3 4 5 5 7 8 9 10 10 
1.300000 101.000000 3 3 5 5 5 6 6 7 10 10 
1.400000 99.000000 2 3 6 6 7 8 8 9 9 10 
1.500000 99.000000 1 2 2 2 4 6 7 8 9 9 
1.400000 99.000000 3 5 6 7 8 9 9 10 10 10 
1.600000 97.000000 1 1 5 6 7 8 8 10 10 10 
1.600000 95.000000 1 1 4 4 5 7 8 8 10 10 
1.500000 98.000000 1 1 3 5 5 6 7 8 10 10 
1.500000 98.000000 1 1 2 6 6 6 7 8 8 9 
1.400000 99.000000 1 1 1 2 3 3 4 7 8 9 
1.500000 100.000000 1 1 2 3 5 5 6 7 9 10 
1.500000 96.000000 1 1 2 2 4 4 4 5 7 8 
1.400000 99.000000 1 1 2 2 3 3 6 7 8 8 
1.500000 99.000000 1 1 2 3 3 5 7 9 10 10 
1.500000 98.000000 1 2 4 4 5 7 9 9 9 10 
1.300000 101.000000 3 3 5 6 6 6 6 7 8 9 
1.600000 97.000000 1 1 1 4 5 5 6 7 8 10 
1.400000 98.000000 2 3 4 5 7 8 9 10 10 10 
1.300000 100.000000 1 2 2 3 3 4 5 7 8 10 
1.400000 99.000000 2 3 5 6 7 8 9 10 10 10 
1.500000 99.000000 1 1 2 4 5 5 6 6 7 9 
1.500000 97.000000 1 1 2 3 7 8 8 8 8 9 
1.300000 100.000000 2 3 4 6 6 7 8 9 9 10 
1.500000 96.000000 1 2 4 4 5 5 7 8 10 10 
1.300000 102.000000 1 2 3 3 3 5 7 9 10 10 
1.400000 99.000000 2 3 5 7 8 8 9 9 10 10 
1.600000 97.000000 1 1 2 2 4 7 8 8 9 10 
1.200000 101.000000 2 3 3 4 4 6 6 7 10 10 
1.600000 98.000000 1 2 2 5 5 7 8 9 9 9 
1.400000 99.000000 1 1 2 3 3 4 5 6 7 10 
1.400000 100.000000 1 2 4 5 5 6 6 6 6 7 
1.500000 100.000000 1 1 2 3 5 5 5 5 7 9 
1.500000 96.000000 1 1 2 4 4 4 4 5 7 9 
1.600000 97.000000 1 1 1 4 5 5 5 7 8 8 
1.400000 100.000000 2 2 4 5 5 6 6 6 7 9 
1.400000 98.000000 1 3 4 5 5 6 6 7 10 10 
1.500000 96.000000 1 1 4 4 4 5 6 7 9 10 
1.600000 98.000000 1 1 1 2 4 6 7 8 9 9 
1.300000 101.000000 2 3 4 5 6 6 6 7 9 10 
1.300000 98.000000 3 3 4 6 6 7 8 8 10 10 
1.600000 98.000000 1 1 2 2 4 6 7 10 10 10 
1.300000 99.000000 3 4 6 6 6 7 8 8 9 10 
1.500000 101.000000 1 2 2 2 5 6 6 7 10 10 
1.400000 98.000000 1 2 3 3 4 6 7 10 10 10 
1.400000 98.000000 3 5 5 6 7 8 8 10 10 10 
1.500000 97.000000 1 5 5 6 6 7 8 8 8 10 
1.500000 98.000000 1 2 4 5 6 7 8 9 9 10 
1.400000 99.000000 2 2 3 6 6 6 7 8 10 10 
1.400000 98.000000 2 3 4 4 5 7 9 9 10 10 
1.500000 100.000000 1 1 2 3 5 5 6 7 9 9 
1.400000 98.000000 1 3 3 5 6 7 8 8 9 10 
1.600000 97.000000 5 5 5 5 5 7 9 10 10 10 
1.400000 99.000000 1 3 4 5 5 6 7 9 10 10 
1.300000 100.000000 3 4 4 6 6 7 8 9 9 9 
1.400000 100.000000 1 2 3 5 6 6 6 7 10 10 
1.500000 98.000000 1 2 5 6 6 7 8 10 10 10 
1.400000 97.000000 1 3 3 4 5 6 7 10 10 10 
1.400000 99.000000 2 2 2 4 6 7 8 8 9 9 
1.400000 99.000000 2 2 2 2 3 6 7 8 8 10 
1.500000 96.000000 1 4 4 4 5 5 7 8 9 9 
1.600000 97.000000 1 5 5 5 6 7 8 9 10 10 
1.400000 98.000000 1 2 3 3 4 5 7 8 9 10 
1.400000 98.000000 2 4 4 5 5 6 7 8 8 9 
1.300000 99.000000 1 2 3 4 4 4 5 6 6 7 
1.400000 97.000000 3 4 5 6 7 8 8 10 10 10 
1.400000 100.000000 2 3 5 6 7 8 9 9 9 10 
1.500000 97.000000 1 2 2 4 4 5 6 7 8 9 
1.500000 97.000000 1 4 5 6 7 8 8 9 9 10 
1.400000 98.000000 2 3 4 5 5 5 7 8 10 10 
1.500000 97.000000 1 2 2 4 4 5 5 7 8 9 
1.500000 99.000000 2 2 5 5 5 7 8 9 9 9 
1.600000 97.000000 1 1 2 7 8 8 8 9 9 10 
1.500000 97.000000 1 2 4 4 5 6 7 8 9 10 
1.500000 98.000000 1 2 3 5 5 5 7 8 8 9 
1.400000 99.000000 1 2 3 6 6 7 8 9 10 10 
1.400000 98.000000 2 2 3 5 6 7 8 8 8 8 
1.400000 97.000000 1 1 2 3 4 4 4 7 10 10 
1.300000 101.000000 2 3 3 4 5 5 6 7 9 10 
1.300000 99.000000 1 2 3 3 4 4 5 5 7 10 
1.500000 98.000000 1 2 3 5 5 6 7 8 9 10 
1.400000 99.000000 1 2 2 3 4 6 7 10 10 10 
1.300000 100.000000 2 2 3 3 5 7 8 8 9 10 
1.300000 98.000000 4 4 4 4 5 5 7 8 9 10 
1.500000 99.000000 1 2 2 6 6 6 7 8 9 10 
1.300000 99.000000 1 2 3 3 5 6 7 8 8 8 
1.300000 101.000000 2 2 3 4 5 5 6 6 7 10 
1.200000 104.000000 2 2 2 3 3 4 5 5 7 10 
1.300000 99.000000 3 4 4 5 6 7 8 9 9 10 
1.300000 102.000000 2 2 3 4 5 6 7 9 9 10 
1.300000 98.000000 1 3 3 4 5 5 7 8 8 8 
1.400000 99.000000 1 3 3 4 5 7 9 9 10 10 
1.300000 101.000000 2 3 4 5 6 7 8 9 9 9 
1.700000 99.000000 1 1 2 2 2 7 8 9 10 10 
1.300000 100.000000 1 2 2 3 4 4 6 6 6 7 
1.400000 101.000000 2 2 3 6 6 7 9 10 10 10 
1.600000 99.000000 1 1 2 3 7 9 9 10 10 10 
1.400000 98.000000 2 3 5 6 7 8 8 8 9 10 
1.100000 102.000000 3 3 3 4 4 5 7 8 10 10 
1.400000 99.000000 2 3 4 5 5 6 7 9 10 10 
1.300000 99.000000 3 3 4 4 5 7 9 9 10 10 
1.500000 97.000000 1 4 6 7 8 8 8 9 9 10 
1.400000 99.000000 1 2 3 4 5 5 5 6 6 7 
1.500000 98.000000 1 1 3 5 6 7 8 9 9 10 
1.600000 98.000000 1 2 2 5 6 7 8 9 10 10 
1.300000 101.000000 1 3 3 3 5 6 6 7 8 9 
1.200000 100.000000 2 3 3 4 4 4 6 7 10 10 
1.500000 101.000000 1 1 2 2 3 6 6 7 9 10 
1.400000 98.000000 1 2 3 5 5 6 7 8 8 8 
1.400000 101.000000 1 1 1 3 3 6 6 7 9 9 
1.500000 97.000000 1 2 4 6 7 8 8 9 9 10 
1.300000 101.000000 1 2 3 3 3 4 7 9 9 10 
1.300000 100.000000 2 3 4 5 5 6 7 8 8 9 
1.500000 96.000000 1 3 4 5 7 8 8 9 10 10 
1.300000 100.000000 2 3 3 4 6 7 8 9 10 10 
1.500000 97.000000 1 4 5 6 7 8 8 9 10 10 
1.500000 98.000000 1 1 1 2 3 4 6 7 8 10 
1.200000 100.000000 2 3 3 4 4 6 7 8 8 10 
1.200000 100.000000 2 3 3 4 5 7 8 8 8 10 
1.500000 98.000000 1 3 5 5 5 7 8 9 10 10 
1.300000 99.000000 2 3 4 4 4 7 8 9 9 9 
1.400000 99.000000 1 2 3 3 5 5 6 7 8 9 
1.400000 99.000000 1 1 2 3 3 4 7 8 9 9 
1.600000 98.000000 1 1 2 7 8 8 9 9 9 10 
1.200000 101.000000 3 3 4 4 5 6 7 8 9 9 
1.500000 97.000000 1 2 4 4 5 7 8 9 9 10 
1.500000 97.000000 1 1 3 4 6 7 8 8 9 10 
1.400000 97.000000 1 2 3 4 6 7 8 8 8 10 
1.600000 96.000000 1 2 5 6 7 8 8 8 10 10 
1.500000 99.000000 1 2 4 5 5 6 7 9 9 10 
1.500000 101.000000 1 2 2 2 3 7 9 9 10 10 
1.400000 100.000000 2 3 5 7 8 9 9 9 9 9 
1.400000 99.000000 1 2 3 6 6 7 8 8 9 10 
1.600000 98.000000 1 1 1 2 4 5 6 7 10 10 
1.400000 98.000000 2 2 4 4 6 7 8 9 9 10 
1.600000 97.000000 1 1 2 5 6 7 8 8 8 10 
1.500000 99.000000 1 1 2 3 5 6 7 8 9 10 
1.600000 97.000000 1 5 5 5 6 7 10 10 10 10 
1.100000 106.000000 2 3 3 3 3 4 4 6 7 9 
1.500000 98.000000 1 2 6 7 8 8 9 9 9 10 
1.200000 101.000000 2 3 3 4 6 6 7 8 8 10 
1.300000 100.000000 1 2 3 3 4 5 7 8 9 9 
1.500000 97.000000 1 4 4 5 6 7 8 9 9 10 
1.100000 102.000000 3 3 4 4 4 5 5 7 8 10 
1.400000 99.000000 2 4 5 6 7 8 8 9 9 9 
1.400000 99.000000 1 1 1 3 3 4 5 6 7 9 
1.500000 95.000000 1 1 4 4 4 4 6 7 8 10 
1.400000 97.000000 4 4 5 5 6 7 8 9 10 10 
1.500000 98.000000 1 2 3 5 5 6 7 8 10 10 
1.500000 98.000000 1 1 1 2 3 6 7 8 8 10 
1.600000 98.000000 1 1 2 2 4 5 7 9 10 10 
1.400000 97.000000 2 3 4 5 5 7 8 10 10 10 
1.200000 100.000000 2 3 3 4 4 5 5 7 8 8 
1.600000 96.000000 2 5 7 8 8 8 9 10 10 10 
1.100000 103.000000 2 3 3 4 4 4 5 6 7 8 
1.500000 96.000000 1 2 3 4 5 7 8 10 10 10 
1.300000 99.000000 2 2 3 4 5 7 8 8 8 9 
1.600000 98.000000 1 1 1 1 3 6 7 8 10 10 
1.600000 97.000000 1 1 2 2 2 4 4 5 7 8 
1.400000 100.000000 1 2 2 2 4 4 6 6 7 9 
1.600000 98.000000 1 1 2 3 5 7 10 10 10 10 
1.300000 98.000000 2 4 4 4 4 6 6 7 8 10 
1.300000 101.000000 1 2 3 3 3 6 6 6 7 8 
1.100000 106.000000 2 3 3 3 3 4 7 9 10 10 
1.200000 101.000000 2 3 3 4 5 6 6 7 8 8 
1.500000 99.000000 1 1 1 2 3 3 4 5 7 9 
1.500000 96.000000 1 2 4 4 6 7 8 8 8 9 
1.400000 101.000000 1 2 2 3 3 5 5 6 7 9 
1.400000 99.000000 1 1 3 3 5 6 6 7 8 9 
1.400000 98.000000 2 3 4 5 7 8 9 9 10 10 
1.500000 98.000000 1 1 1 3 3 5 5 7 8 9 
1.700000 97.000000 1 2 2 5 7 8 10 10 10 10 
1.600000 96.000000 1 1 1 3 4 7 8 10 10 10 
1.400000 98.000000 1 3 4 5 7 8 8 9 9 10 
1.400000 98.000000 1 1 2 3 4 6 7 8 8 8 
1.500000 100.000000 1 1 1 3 6 6 7 9 9 9 
1.300000 98.000000 3 3 4 6 7 8 8 8 10 10 
1.500000 101.000000 1 2 2 5 6 7 9 9 9 10 
1.600000 96.000000 1 1 4 5 5 5 6 7 8 8 
1.300000 98.000000 1 2 2 3 3 4 4 7 8 8 
1.300000 99.000000 2 2 3 4 5 7 8 8 8 9 
1.500000 97.000000 1 1 2 3 5 7 8 8 10 10 
1.400000 100.000000 1 1 3 3 5 6 6 7 10 10 
1.600000 103.000000 1 1 2 2 2 2 2 5 6 7 
1.300000 98.000000 2 4 4 4 4 5 6 7 8 10 
1.400000 99.000000 1 3 4 4 6 7 9 9 9 10 
1.500000 99.000000 1 2 2 2 2 3 4 7 10 10 
1.400000 98.000000 4 5 6 6 7 8 8 9 10 10 
1.500000 98.000000 1 5 6 6 7 8 8 9 9 10 
1.300000 100.000000 3 3 4 6 6 7 8 9 9 10 
1.300000 98.000000 1 2 3 4 4 4 5 7 8 10 
1.600000 99.000000 1 1 2 2 5 6 7 8 9 9 
1.400000 97.000000 1 3 4 4 5 6 7 8 8 10 
1.500000 98.000000 1 1 2 3 5 5 5 7 8 8 
1.500000 100.000000 1 1 2 2 3 5 6 6 7 10 
1.400000 97.000000 1 3 3 7 8 8 8 9 10 10 
1.400000 100.000000 1 2 3 4 5 5 5 6 7 9 
1.500000 99.000000 1 2 5 5 5 5 6 7 8 9 
1.200000 100.000000 2 3 3 4 5 7 8 8 8 9 
1.400000 100.000000 1 1 2 2 3 4 6 6 7 9 
1.500000 98.000000 1 1 1 3 3 5 6 7 8 9 
1.200000 101.000000 2 3 4 4 4 5 6 7 8 9 
1.500000 97.000000 1 5 6 7 8 8 8 9 9 10 
1.500000 98.000000 5 5 6 7 8 9 9 10 10 10 
1.500000 97.000000 1 1 3 4 5 5 6 7 8 10 
1.200000 101.000000 3 3 4 4 5 5 7 8 9 10 
1.400000 102.000000 2 2 5 5 5 6 6 6 7 9 
1.700000 99.000000 1 1 2 2 5 5 5 7 10 10 
1.400000 97.000000 1 3 4 4 7 8 8 8 9 9 
1.500000 100.000000 1 1 2 3 5 6 6 7 9 9 
1.300000 100.000000 3 4 5 6 6 7 8 9 9 10 
1.300000 100.000000 2 3 4 5 5 6 7 8 9 10 
1.300000 101.000000 1 2 3 3 3 5 5 6 7 8 
1.600000 96.000000 2 2 5 5 7 8 8 8 9 10 
1.400000 98.000000 1 1 2 3 4 4 6 6 7 8 
1.200000 102.000000 1 2 2 3 3 3 4 4 5 7 
1.300000 100.000000 3 4 5 5 6 6 7 8 9 10 
1.400000 100.000000 2 2 2 3 6 6 7 8 9 10 
1.300000 99.000000 2 3 4 5 6 7 8 8 9 10 
1.300000 99.000000 2 2 3 4 4 6 7 8 8 10 
1.700000 99.000000 1 1 1 1 2 4 5 7 9 9 
1.700000 97.000000 1 1 1 5 7 8 8 9 10 10 
1.500000 100.000000 1 2 5 5 5 6 6 7 9 9 
1.400000 99.000000 1 1 2 3 3 4 5 7 10 10 
1.400000 98.000000 2 3 5 5 6 6 7 8 8 10 
1.500000 96.000000 2 2 4 4 5 7 8 9 10 10 
1.400000 98.000000 1 4 4 6 6 7 8 9 9 10 
1.300000 99.000000 1 3 3 4 4 5 6 7 10 10 
1.500000 96.000000 2 4 4 5 7 8 9 9 10 10 
1.400000 97.000000 2 2 3 4 5 7 8 8 10 10 
1.500000 99.000000 1 1 2 3 5 6 7 8 9 9 
1.500000 97.000000 1 4 4 5 6 7 8 9 9 10 
1.500000 97.000000 1 1 1 3 4 4 6 6 7 10 
1.500000 99.000000 1 2 6 6 7 8 9 9 10 10 
1.400000 99.000000 1 1 1 3 3 3 7 8 9 10 
1.600000 97.000000 1 1 5 7 8 8 8 9 9 10 
1.400000 99.000000 1 1 2 3 3 5 5 7 8 10 
1.600000 96.000000 1 1 1 1 2 4 4 4 7 8 
1.500000 96.000000 1 3 4 5 7 8 8 10 10 10 
1.600000 97.000000 1 5 5 5 5 5 6 7 8 9 
1.500000 97.000000 1 1 2 4 4 6 6 7 8 8 
1.400000 98.000000 2 3 4 6 7 8 8 9 10 10 
1.300000 101.000000 1 2 3 3 3 5 7 8 9 9 
1.400000 99.000000 2 3 4 6 7 9 9 10 10 10 
1.400000 99.000000 1 2 2 2 3 5 6 7 8 8 
1.600000 96.000000 1 2 2 4 5 7 8 8 9 10 
1.400000 99.000000 2 2 4 5 6 6 7 10 10 10 
1.500000 100.000000 1 1 2 3 5 6 7 9 9 10 
1.500000 97.000000 2 4 5 5 6 7 8 9 10 10 
1.100000 108.000000 2 2 2 3 3 3 4 5 5 7 
1.400000 98.000000 1 1 2 3 3 4 4 5 7 9 
1.400000 101.000000 1 2 2 2 3 5 6 7 8 9 
1.600000 100.000000 1 1 2 2 5 6 6 7 9 10 
1.200000 100.000000 2 3 4 4 4 5 6 6 7 8 
1.400000 99.000000 1 1 2 3 4 5 6 6 7 8 
1.300000 99.000000 2 3 4 6 6 7 8 8 9 10 
1.500000 97.000000 1 1 2 3 4 5 7 8 8 10 
1.500000 97.000000 1 3 4 5 5 7 8 9 9 10 
1.400000 99.000000 1 3 3 5 5 6 7 8 9 10 
1.500000 98.000000 1 1 6 6 6 7 8 8 9 9 
1.600000 98.000000 1 1 2 4 5 6 7 9 9 10 
1.400000 102.000000 2 2 3 5 6 7 9 9 9 9 
1.300000 102.000000 2 2 3 3 5 5 7 10 10 10 
1.500000 99.000000 1 1 2 4 5 5 6 6 7 10 
1.300000 100.000000 3 4 4 5 5 6 7 9 9 10 
1.300000 100.000000 2 3 3 4 5 6 7 8 9 10 
1.500000 99.000000 1 1 2 4 5 5 6 6 7 10 
1.200000 104.000000 2 2 3 3 3 4 5 6 7 9 
1.300000 101.000000 1 2 3 3 4 5 5 7 9 9 
1.500000 97.000000 1 2 4 4 6 7 9 9 10 10 
1.500000 99.000000 1 1 2 3 3 5 7 9 10 10 
1.700000 99.000000 1 1 1 2 5 7 9 9 9 9 
1.300000 99.000000 2 3 4 5 5 6 7 8 8 10 
1.400000 101.000000 2 2 5 5 6 6 6 7 9 10 
1.400000 101.000000 1 1 2 3 3 5 6 7 9 9 
1.300000 99.000000 2 2 3 4 4 5 7 8 10 10 
1.300000 103.000000 2 3 3 3 7 9 9 9 9 10 
1.200000 101.000000 1 3 3 3 3 6 7 8 10 10 
1.400000 99.000000 2 3 5 5 5 7 8 8 9 10 
1.300000 100.000000 2 2 2 3 4 6 7 8 8 9 
1.300000 98.000000 1 3 4 4 5 6 6 7 8 8 
1.400000 99.000000 1 2 2 3 3 6 7 8 8 9 
1.800000 103.000000 1 1 1 1 1 1 5 6 7 10 
1.500000 100.000000 1 2 5 5 6 7 9 9 9 10 
1.400000 100.000000 1 2 3 3 5 6 7 9 10 10 
1.300000 99.000000 1 3 3 4 4 5 6 7 10 10 
1.300000 100.000000 1 2 3 3 3 4 5 7 9 10 
1.200000 102.000000 3 3 3 4 6 7 8 9 9 10 
1.400000 99.000000 1 3 3 6 7 8 9 9 10 10 
1.400000 98.000000 1 2 3 3 4 7 8 9 9 10 
1.400000 100.000000 2 3 5 5 5 6 7 8 9 9 
1.700000 98.000000 1 1 1 1 1 5 6 7 8 8 
1.400000 98.000000 1 1 2 3 3 4 6 7 8 10 
1.200000 101.000000 1 3 3 3 3 4 6 7 8 9 
1.500000 99.000000 1 1 2 2 3 4 5 6 7 9 
1.300000 99.000000 1 2 3 3 3 4 5 7 8 10 
1.400000 98.000000 2 2 2 3 4 5 7 8 10 10 
1.600000 97.000000 1 1 4 6 7 9 9 10 10 10 
1.400000 97.000000 4 6 6 6 6 7 8 8 8 10 
1.500000 97.000000 4 4 5 5 7 8 9 9 9 10 
1.300000 102.000000 1 3 3 5 6 6 6 6 7 10 
1.400000 99.000000 2 3 4 5 5 5 5 7 9 10 
1.600000 97.000000 1 1 2 4 5 6 7 8 9 10 
1.500000 99.000000 2 2 5 6 6 7 8 9 9 10 
1.400000 100.000000 1 2 3 4 5 6 6 6 7 9 
1.400000 99.000000 1 2 4 5 6 6 6 7 8 10 
1.400000 98.000000 1 2 4 4 5 5 6 6 7 10 
1.300000 99.000000 3 6 6 6 6 6 7 8 8 8 
1.300000 100.000000 1 2 3 3 4 5 6 7 10 10 
1.400000 101.000000 2 2 2 3 5 5 7 8 9 9 
1.400000 99.000000 1 2 4 5 5 6 6 6 7 8 
1.500000 100.000000 1 2 3 5 6 7 9 9 9 10 
1.500000 97.000000 4 5 5 6 7 8 9 9 10 10 
1.100000 104.000000 2 3 3 3 4 4 6 7 8 9 
1.400000 99.000000 1 1 2 2 3 4 4 5 6 7 
1.200000 102.000000 1 2 2 3 3 3 4 4 7 9 
1.500000 98.000000 1 2 2 3 6 7 8 9 10 10 
1.500000 97.000000 1 1 1 1 2 3 3 4 4 7 
1.500000 98.000000 1 1 2 4 5 5 6 7 8 9 
1.500000 97.000000 1 1 2 2 3 4 7 8 8 9 
1.300000 100.000000 1 2 3 3 3 4 5 6 7 10 
1.500000 98.000000 1 2 2 4 6 6 6 7 10 10 
1.600000 96.000000 1 1 1 2 4 4 4 5 5 7 
1.500000 98.000000 2 2 2 4 6 7 8 9 9 10 
1.200000 99.000000 1 3 3 4 4 4 4 5 7 8 
1.500000 99.000000 1 2 3 5 6 7 9 9 10 10 
1.400000 96.000000 1 3 4 4 4 7 8 8 9 10 
1.400000 97.000000 1 2 3 4 4 7 8 9 10 10 
1.600000 96.000000 1 1 4 6 7 8 9 10 10 10 
1.200000 100.000000 3 4 4 4 4 6 7 9 10 10 
1.200000 101.000000 2 3 3 4 4 5 6 7 8 9 
1.300000 98.000000 3 4 5 6 6 7 8 8 8 10 
1.600000 97.000000 1 2 4 5 7 8 9 9 10 10 
1.400000 100.000000 2 3 4 6 7 9 9 9 9 10 
1.300000 99.000000 1 2 3 3 4 6 7 8 8 10 
1.300000 99.000000 1 2 3 3 4 5 7 8 8 10 
1.300000 102.000000 1 3 3 5 6 6 6 7 9 10 
1.400000 99.000000 1 2 3 3 4 5 7 9 10 10 
1.400000 98.000000 1 3 4 4 5 7 9 9 9 10 
1.500000 96.000000 1 4 5 6 6 7 8 8 10 10 
1.600000 97.000000 2 2 2 4 7 9 10 10 10 10 
1.600000 98.000000 1 1 1 2 5 6 7 8 8 9 
1.200000 100.000000 3 3 3 7 8 8 8 9 10 10 
1.400000 99.000000 1 2 3 4 5 5 6 7 10 10 
1.400000 99.000000 2 2 2 3 4 7 8 9 10 10 
1.600000 99.000000 1 1 1 5 5 6 7 9 10 10 
1.600000 99.000000 1 1 2 2 5 6 7 8 9 10 
1.400000 97.000000 4 4 5 5 5 6 7 8 8 10 
1.300000 100.000000 2 2 4 4 6 6 6 6 7 8 
1.200000 100.000000 2 3 4 4 4 6 7 8 8 9 
1.500000 97.000000 1 4 4 5 7 8 9 9 10 10 
1.500000 96.000000 1 1 4 4 4 5 6 7 9 10 
1.500000 97.000000 1 4 5 6 7 8 8 9 9 10 
1.500000 98.000000 1 1 1 4 6 6 7 8 9 10 
1.500000 98.000000 1 3 5 5 5 7 8 9 10 10 
1.500000 97.000000 1 2 2 3 4 7 8 10 10 10 
1.400000 99.000000 1 1 2 3 4 5 6 6 7 8 
1.300000 99.000000 3 3 4 6 7 8 8 9 9 10 
1.300000 101.000000 1 2 3 3 4 5 6 7 9 10 
1.400000 97.000000 3 4 5 7 8 9 10 10 10 10 
1.600000 96.000000 1 1 6 7 8 8 8 9 10 10 
1.700000 98.000000 1 1 2 5 7 9 9 10 10 10 
1.500000 97.000000 1 1 3 4 6 7 8 8 9 10 
1.500000 98.000000 1 1 3 5 5 6 6 7 8 9 
1.500000 97.000000 1 3 5 5 7 8 8 8 9 10 
1.200000 103.000000 2 2 3 3 4 4 5 6 7 9 
1.200000 102.000000 2 2 3 4 4 4 6 7 9 9 
1.500000 97.000000 1 2 3 6 7 8 8 9 10 10 
1.400000 99.000000 1 2 2 3 4 6 7 8 9 10 
1.400000 98.000000 1 2 4 4 5 5 6 6 7 8 
1.200000 101.000000 1 3 3 3 3 6 7 8 10 10 
1.600000 96.000000 1 4 7 8 9 9 9 10 10 10 
1.200000 101.000000 2 3 3 4 4 5 6 7 8 9 
1.600000 99.000000 1 1 2 5 5 6 7 9 10 10 
1.300000 100.000000 2 3 3 4 5 5 5 7 10 10 
1.500000 97.000000 1 4 5 6 7 8 8 8 9 9 
1.300000 101.000000 1 1 2 3 3 3 3 6 7 10 
1.400000 97.000000 1 2 3 4 4 5 7 8 10 10 
1.500000 96.000000 1 1 3 4 4 5 7 8 10 10 
1.300000 104.000000 2 2 2 3 3 6 6 6 7 10 
1.500000 96.000000 1 1 3 4 7 8 8 8 10 10 
1.400000 99.000000 3 5 5 5 6 7 8 9 10 10 
1.400000 97.000000 1 1 2 3 4 4 6 7 8 10 
1.500000 96.000000 2 2 4 4 5 5 7 8 8 10 
1.200000 102.000000 2 3 4 4 4 6 6 6 7 9 
1.500000 99.000000 1 1 2 3 5 6 7 8 9 10 
1.500000 96.000000 1 2 4 4 6 7 8 8 9 10 
1.300000 98.000000 3 4 4 5 6 7 8 8 9 10 
1.300000 100.000000 2 3 3 4 5 7 8 9 9 10 
1.400000 96.000000 1 4 4 4 4 5 7 8 9 10 
1.500000 96.000000 1 2 2 4 4 4 5 7 8 9 
1.300000 101.000000 2 2 4 6 6 6 6 6 7 8 
1.600000 98.000000 1 2 2 2 4 7 9 9 10 10 
1.300000 99.000000 1 3 3 4 4 5 7 8 9 10 
1.500000 97.000000 5 6 7 8 8 8 9 9 10 10 
1.500000 97.000000 1 1 2 4 4 5 6 6 7 10 
1.400000 100.000000 1 4 5 5 6 6 6 6 7 9 
1.400000 98.000000 2 3 4 6 7 8 8 9 9 10 
1.200000 99.000000 2 3 3 4 4 7 8 8 10 10 
1.400000 97.000000 1 1 3 4 4 4 5 7 8 9 
1.400000 99.000000 2 2 4 5 6 6 7 8 9 10 
1.400000 99.000000 5 5 6 6 6 6 7 8 9 10 
1.700000 98.000000 1 1 2 2 5 5 7 8 9 10 
1.200000 101.000000 2 2 3 3 4 4 4 7 9 10 
1.400000 98.000000 1 1 1 2 3 3 4 5 7 8 
1.600000 97.000000 1 2 2 2 4 5 7 8 9 10 
1.300000 102.000000 1 3 3 3 6 6 6 6 6 7 
1.300000 99.000000 3 3 4 5 7 8 8 9 10 10 
1.500000 99.000000 1 1 2 2 3 4 5 5 6 7 
1.500000 98.000000 1 2 2 4 6 7 8 8 9 9 
1.400000 98.000000 2 2 4 6 7 8 8 8 9 10 
1.600000 97.000000 1 1 2 4 5 6 7 8 9 10 
1.400000 102.000000 1 1 2 2 2 3 3 3 7 10 
1.200000 101.000000 3 3 3 4 5 6 7 8 9 10 
1.400000 98.000000 1 2 3 3 5 6 7 8 8 10 
1.300000 102.000000 1 3 3 3 6 7 9 9 9 10 
1.500000 97.000000 1 2 3 4 5 5 7 8 9 10 
1.600000 96.000000 1 1 4 5 5 5 7 8 8 9 
1.400000 98.000000 2 2 4 4 5 6 7 8 8 9 
1.300000 101.000000 3 4 4 5 6 6 7 9 9 9 
1.400000 101.000000 1 2 2 2 3 4 5 6 7 9 
1.600000 101.000000 1 2 2 2 2 5 7 9 9 10 
1.400000 97.000000 1 1 3 3 4 5 6 7 8 8 
1.300000 100.000000 1 1 3 3 4 6 6 6 6 7 
1.700000 103.000000 1 1 1 2 2 2 2 6 7 10 
1.400000 99.000000 1 2 3 4 6 6 7 8 9 10 
1.500000 97.000000 1 5 6 7 8 8 8 8 8 9 
1.500000 97.000000 1 1 2 6 6 7 8 8 8 10 
1.400000 100.000000 1 6 6 6 6 6 7 10 10 10 
1.400000 98.000000 2 2 3 4 6 7 8 10 10 10 
1.500000 97.000000 1 3 4 5 5 7 8 9 9 10 
1.300000 99.000000 1 3 4 4 4 6 6 6 7 10 
1.500000 96.000000 1 4 6 7 8 8 9 10 10 10 
1.400000 99.000000 2 2 4 4 5 6 7 8 9 9 
1.300000 103.000000 2 2 3 3 5 5 6 6 7 10 
1.500000 99.000000 1 2 2 2 3 7 8 9 9 10 
1.400000 98.000000 1 4 5 6 6 6 7 8 8 8 
1.400000 100.000000 1 3 5 6 6 6 7 9 10 10 
1.400000 99.000000 2 3 5 5 7 8 8 9 9 9 
1.300000 99.000000 1 3 4 4 4 6 7 8 9 9 
1.400000 99.000000 1 3 5 5 6 6 7 8 9 10 
1.400000 98.000000 1 1 2 3 3 4 4 6 7 10 
1.600000 96.000000 2 2 7 8 8 8 9 10 10 10 
1.400000 98.000000 2 2 2 4 4 5 6 6 7 8 
1.600000 100.000000 1 1 2 2 5 5 6 6 7 10 
1.300000 100.000000 1 2 3 3 4 4 6 7 9 10 
1.600000 98.000000 1 5 6 7 9 9 9 10 10 10 
1.200000 104.000000 2 3 3 4 6 6 6 7 9 9 
1.500000 99.000000 1 1 2 3 5 6 7 8 9 10 
1.500000 101.000000 1 2 2 2 5 6 7 9 9 10 
1.300000 100.000000 2 3 3 4 5 6 7 8 9 10 
1.500000 98.000000 5 5 6 7 9 9 10 10 10 10 
1.400000 99.000000 2 3 5 6 6 7 8 8 9 10 
1.400000 98.000000 1 2 2 3 4 7 8 8 8 9 
1.500000 98.000000 2 2 4 5 5 5 7 9 10 10 
1.300000 99.000000 2 2 3 4 4 6 6 7 8 10 
1.400000 97.000000 1 1 3 4 4 5 6 7 8 10 
1.500000 98.000000 1 2 3 4 7 9 9 10 10 10 
1.400000 98.000000 1 3 3 6 7 8 8 9 9 10 
1.300000 99.000000 1 2 3 3 4 4 5 6 7 10 
1.400000 99.000000 2 2 3 5 7 8 8 9 9 10 
1.400000 101.000000 1 1 2 3 3 3 7 9 9 10 
1.400000 102.000000 2 2 2 3 5 5 5 6 7 9 
1.400000 99.000000 1 1 3 3 4 5 6 6 7 9 
1.300000 99.000000 3 3 4 5 7 8 9 9 10 10 
1.200000 100.000000 2 2 3 4 4 4 5 7 8 10 
1.200000 100.000000 3 3 3 4 4 5 7 10 10 10 
1.200000 104.000000 2 3 3 3 7 8 9 9 9 9 
1.300000 100.000000 1 2 3 3 4 4 5 6 7 9 
1.500000 97.000000 5 6 7 8 8 8 9 9 10 10 
1.400000 98.000000 1 1 3 3 4 5 5 7 8 10 
1.300000 100.000000 1 2 3 3 4 6 7 9 10 10 
1.200000 103.000000 3 3 3 4 6 6 6 7 9 10 
1.200000 103.000000 1 2 2 3 3 3 3 6 7 8 
1.500000 97.000000 1 1 2 3 4 7 8 8 9 9 
1.200000 100.000000 2 3 3 3 4 6 7 8 8 8 
1.500000 99.000000 1 1 2 6 6 7 8 9 9 10 
1.300000 102.000000 2 2 3 3 5 5 6 7 8 9 
1.500000 98.000000 1 1 2 3 5 5 7 8 8 9 
1.600000 99.000000 1 1 1 2 6 7 8 9 9 10 
1.500000 97.000000 1 1 3 4 5 6 6 7 10 10 
1.500000 97.000000 1 2 2 3 7 8 8 8 10 10 
1.400000 99.000000 2 2 4 6 6 6 7 8 10 10 
1.400000 99.000000 2 3 4 5 7 9 9 10 10 10 
1.400000 97.000000 1 1 4 4 4 4 5 6 7 8 
1.500000 96.000000 1 4 4 5 6 7 8 8 10 10 
1.300000 100.000000 2 3 3 4 5 7 9 10 10 10 
1.300000 101.000000 2 2 3 4 6 7 8 9 9 9 
1.400000 98.000000 1 4 4 5 5 6 6 7 8 10 
1.300000 99.000000 1 3 3 4 5 5 6 7 8 10 
1.600000 97.000000 1 2 4 5 7 9 9 10 10 10 
1.500000 97.000000 4 4 5 7 8 9 9 9 10 10 
1.500000 96.000000 1 2 2 4 4 4 7 8 9 10 
1.500000 99.000000 1 1 2 3 6 6 7 8 9 10 
1.400000 101.000000 1 2 3 3 5 5 6 7 9 9 
1.400000 98.000000 1 1 3 3 4 4 5 7 9 10 
1.400000 99.000000 1 1 3 3 6 6 7 8 9 10 
1.500000 98.000000 1 1 2 3 5 6 7 8 10 10 
1.500000 99.000000 1 1 6 6 7 8 9 9 9 10 
1.500000 99.000000 1 1 2 4 5 6 6 7 9 9 
1.400000 98.000000 1 1 1 3 3 4 6 7 8 9 
1.400000 98.000000 1 2 3 4 4 6 6 7 9 10 
1.300000 100.000000 3 3 4 6 6 6 7 8 9 10 
1.300000 98.000000 3 4 4 5 6 7 8 8 8 9 
1.300000 98.000000 1 3 4 4 4 5 7 8 8 9 
1.300000 100.000000 1 2 3 3 3 5 6 7 8 10 
1.400000 98.000000 1 2 2 4 4 4 6 7 9 10 
1.500000 98.000000 1 2 2 4 5 5 6 7 8 9 
1.400000 99.000000 1 2 3 4 6 7 8 9 9 10 
1.300000 101.000000 1 2 3 3 4 5 6 7 9 10 
1.100000 103.000000 3 3 3 3 4 7 8 8 9 10 
1.200000 102.000000 2 2 3 3 4 5 5 5 7 8 
1.300000 100.000000 1 3 3 3 4 5 7 9 9 10 
1.300000 98.000000 2 2 3 4 5 7 8 8 8 8 
1.400000 99.000000 2 4 5 5 6 6 6 7 8 9 
1.300000 99.000000 1 2 3 3 4 5 6 7 8 8 
1.400000 99.000000 1 2 2 2 3 4 5 7 8 10 
1.300000 102.000000 2 2 3 3 4 7 9 9 9 10 
1.400000 101.000000 1 2 3 5 6 6 6 7 9 10 
1.300000 99.000000 3 4 4 5 6 7 8 8 9 9 
1.600000 102.000000 1 1 1 1 1 2 3 6 6 7 
1.200000 101.000000 3 3 3 4 6 7 8 8 9 10 
1.500000 97.000000 1 1 1 3 4 4 5 7 9 10 
1.500000 97.000000 2 4 5 5 6 7 8 9 10 10 
1.400000 100.000000 2 2 3 4 5 5 5 7 9 10 
1.600000 95.000000 1 2 4 5 7 8 8 8 10 10 
1.500000 97.000000 2 2 4 4 5 5 7 9 10 10 
1.400000 101.000000 2 2 2 3 5 5 7 8 9 9 
1.300000 100.000000 2 4 4 4 6 6 7 9 9 10 
1.500000 98.000000 1 2 2 4 6 6 7 8 10 10 
1.500000 97.000000 4 5 5 5 5 7 8 8 9 9 
1.600000 96.000000 1 2 2 4 5 7 8 8 9 10 
1.600000 96.000000 1 2 2 4 5 7 8 8 9 10 
1.500000 99.000000 1 2 3 5 7 8 9 9 9 10 
1.400000 98.000000 5 5 6 6 6 7 8 8 10 10 
1.500000 97.000000 4 6 7 8 9 9 9 10 10 10 
1.400000 97.000000 1 2 4 4 4 4 5 5 7 9 
1.500000 97.000000 1 1 1 2 4 4 4 5 6 7 
1.300000 99.000000 1 2 2 3 3 4 4 6 7 8 
1.600000 99.000000 1 1 2 5 5 6 6 7 9 10 
1.300000 98.000000 1 2 3 4 4 4 5 7 8 10 
1.200000 103.000000 2 2 3 3 4 4 7 9 9 10 
1.500000 99.000000 1 3 5 5 6 7 9 9 9 10 
1.400000 98.000000 2 2 4 5 6 7 8 8 8 9 
1.300000 98.000000 2 3 4 4 5 7 8 8 10 10 
1.500000 98.000000 1 4 5 5 6 6 7 9 9 9 
1.400000 98.000000 2 4 6 6 7 8 8 9 10 10 
1.500000 97.000000 2 2 2 4 7 8 8 10 10 10 
1.300000 99.000000 2 2 4 4 4 6 6 7 8 10 
1.500000 98.000000 1 1 3 5 6 6 7 8 10 10 
1.400000 99.000000 2 3 6 6 7 8 8 9 9 10 
1.400000 98.000000 1 3 4 4 5 6 7 9 10 10 
1.400000 99.000000 1 3 4 6 6 7 9 9 9 10 
1.300000 99.000000 1 2 2 3 3 4 4 7 8 10 
1.600000 95.000000 1 4 5 5 7 8 8 8 9 10 
1.400000 100.000000 1 2 3 6 6 7 9 10 10 10 
1.400000 99.000000 1 2 2 2 3 3 4 7 10 10 
1.400000 99.000000 1 3 3 4 5 5 7 9 9 10 
1.400000 98.000000 3 5 7 8 8 8 8 9 9 10 
1.600000 100.000000 1 1 2 2 3 7 9 10 10 10 
1.400000 99.000000 1 2 3 3 5 7 8 9 10 10 
1.400000 101.000000 2 2 3 5 5 5 6 7 9 10 
1.100000 103.000000 2 3 3 4 4 4 6 6 7 8 
1.600000 97.000000 1 2 2 4 5 7 8 9 10 10 
1.300000 98.000000 1 3 3 4 4 6 7 8 10 10 
1.300000 99.000000 1 3 3 4 5 5 6 7 8 8 
1.400000 99.000000 2 3 5 6 6 7 8 8 9 10 
1.400000 99.000000 1 2 3 5 6 6 7 8 10 10 
1.500000 97.000000 1 2 4 4 5 7 8 9 9 10 
1.300000 100.000000 3 3 4 4 7 9 9 9 9 10 
1.500000 97.000000 2 2 3 5 7 8 10 10 10 10 
1.500000 98.000000 1 2 3 5 6 7 8 10 10 10 
1.400000 99.000000 1 2 3 3 6 7 10 10 10 10 
1.200000 101.000000 3 3 3 4 6 7 8 8 9 10 
1.500000 98.000000 1 1 3 6 7 8 8 9 9 10 
1.400000 98.000000 1 3 4 6 6 6 7 8 8 9 
1.100000 104.000000 3 3 3 4 4 5 6 7 9 10 
1.300000 100.000000 2 4 4 5 6 6 6 6 7 10 
1.500000 96.000000 1 2 4 4 6 7 8 8 9 10 
1.600000 98.000000 1 1 1 1 2 3 6 7 8 8 
1.600000 97.000000 1 5 6 7 8 9 9 10 10 10 
1.300000 100.000000 2 3 4 4 6 6 7 9 10 10 
1.400000 99.000000 4 4 5 5 5 5 6 7 9 9 
1.400000 97.000000 1 3 4 4 5 6 7 8 9 10 
1.400000 99.000000 1 2 2 3 4 4 6 7 9 9 
1.400000 98.000000 1 1 3 4 6 6 7 8 10 10 
1.400000 98.000000 1 4 4 5 6 6 7 8 9 10 
1.600000 98.000000 1 1 2 4 5 5 5 7 9 10 
1.300000 101.000000 2 3 4 5 6 6 7 8 9 9 
1.300000 99.000000 2 3 4 5 5 6 7 8 8 10 
1.300000 99.000000 1 3 3 4 4 5 7 8 9 10 
1.400000 100.000000 1 1 2 3 4 6 6 7 9 9 
1.500000 97.000000 1 1 2 2 4 4 6 7 8 10 
1.500000 98.000000 1 3 4 5 5 7 9 9 9 10 
1.500000 97.000000 1 1 2 4 4 5 6 7 8 9 
1.300000 101.000000 3 4 4 5 6 7 9 9 9 9 
1.400000 100.000000 1 2 2 2 3 4 6 6 7 10 
1.300000 99.000000 1 2 3 3 4 4 5 7 8 9 
1.300000 99.000000 3 4 4 5 5 5 6 7 8 9 
1.300000 99.000000 3 3 5 5 7 8 8 9 10 10 
1.500000 96.000000 1 4 4 4 5 7 8 9 9 10 
1.600000 96.000000 1 2 4 5 5 7 8 10 10 10 
1.500000 96.000000 1 1 2 4 4 4 7 8 10 10 
1.600000 97.000000 1 1 1 2 2 4 4 6 7 10 
1.400000 98.000000 1 3 3 5 5 6 7 8 10 10 
1.300000 100.000000 2 4 4 5 6 6 6 7 8 9 
1.300000 100.000000 2 3 4 4 5 6 7 9 10 10 
1.400000 98.000000 1 2 3 4 5 6 6 7 8 8 
1.500000 99.000000 1 1 1 3 5 6 6 7 10 10 
1.400000 99.000000 1 2 2 3 4 5 7 8 9 10 
1.400000 101.000000 1 1 3 3 5 6 7 9 9 9 
1.300000 100.000000 1 1 2 3 3 3 3 5 7 8 
1.400000 97.000000 1 2 3 4 4 7 8 9 10 10 
1.500000 98.000000 1 2 4 5 5 5 6 6 7 9 
1.500000 95.000000 1 2 4 4 4 5 7 8 8 10 
1.500000 97.000000 1 3 4 5 5 5 5 7 8 10 
1.500000 97.000000 1 4 5 5 6 7 8 9 9 10 
1.500000 97.000000 4 5 5 5 6 7 8 9 10 10 
1.100000 105.000000 2 3 3 3 4 4 5 5 7 9 
1.600000 99.000000 1 1 1 1 2 3 4 5 7 10 
1.400000 98.000000 2 4 5 5 5 6 6 7 8 10 
1.600000 97.000000 1 1 1 2 4 4 7 8 9 10 
1.300000 103.000000 2 2 3 3 6 7 9 9 9 10 
1.400000 97.000000 1 1 3 4 4 5 5 6 7 8 
1.500000 98.000000 1 1 1 3 4 5 7 8 9 9 
1.300000 101.000000 3 5 6 6 6 6 7 8 9 10 
1.300000 102.000000 1 2 2 3 3 4 5 6 7 9 
1.500000 100.000000 1 2 2 3 7 9 9 9 10 10 
1.600000 98.000000 1 2 2 2 2 7 8 8 9 10 
1.600000 97.000000 1 1 1 4 4 7 9 9 9 10 
1.500000 99.000000 1 1 2 3 7 8 9 9 9 9 
1.500000 97.000000 6 6 7 8 8 8 9 9 10 10 
1.200000 101.000000 2 2 2 3 3 4 6 7 8 8 
1.400000 100.000000 1 1 2 2 3 3 4 7 9 10 
1.300000 100.000000 2 3 4 4 7 8 9 9 9 10 
1.300000 98.000000 4 4 4 4 5 6 6 7 8 10 
1.400000 100.000000 1 2 3 3 5 7 9 10 10 10 
1.300000 99.000000 2 3 4 4 5 6 7 8 8 9 
1.400000 99.000000 1 2 3 5 5 6 6 7 8 10 
1.500000 98.000000 1 1 2 3 5 6 7 8 8 9 
1.600000 96.000000 1 1 4 7 8 8 8 9 10 10 
1.400000 100.000000 1 1 2 3 3 4 6 7 9 9 
1.500000 99.000000 2 5 5 6 7 9 9 10 10 10 
1.500000 99.000000 1 2 3 6 7 9 9 9 10 10 
1.300000 99.000000 1 3 3 4 4 6 6 7 9 10 
1.300000 100.000000 2 3 3 5 6 6 7 8 8 9 
1.300000 100.000000 1 2 2 2 3 3 4 4 6 7 
1.300000 99.000000 3 3 6 7 8 8 9 10 10 10 
1.500000 97.000000 1 3 4 5 5 7 9 9 10 10 
1.300000 99.000000 3 4 5 6 6 6 7 8 8 9 
1.600000 98.000000 1 1 1 2 2 4 5 7 8 9 
1.400000 98.000000 1 1 4 4 4 5 6 6 6 7 
1.700000 102.000000 1 1 1 1 1 2 3 6 7 10 
1.600000 98.000000 1 1 1 2 2 4 4 6 7 9 
1.300000 99.000000 2 2 4 4 4 5 6 6 7 8 
1.400000 99.000000 1 2 3 3 4 5 7 9 10 10 
1.200000 106.000000 2 2 3 3 3 6 6 6 7 9 
1.400000 97.000000 2 4 4 6 7 8 8 9 10 10 
1.400000 98.000000 1 2 2 3 4 4 7 9 10 10 
1.400000 97.000000 1 1 3 4 4 5 6 7 8 8 
1.200000 101.000000 2 3 3 4 4 5 5 6 7 8 
1.700000 100.000000 1 1 1 1 2 2 6 7 8 9 
1.400000 100.000000 1 2 3 4 5 5 5 6 7 9 
1.400000 97.000000 1 1 3 4 5 6 7 8 8 8 
1.600000 98.000000 1 1 2 4 5 6 7 9 9 10 
1.400000 100.000000 1 2 2 2 3 3 5 7 8 9 
1.500000 96.000000 1 2 4 4 4 5 5 7 10 10 
1.300000 100.000000 2 2 4 4 4 5 6 6 7 9 
1.200000 106.000000 2 2 3 3 3 6 7 9 9 10 
1.400000 98.000000 1 1 3 3 4 5 6 7 10 10 
1.400000 98.000000 2 3 4 5 7 8 8 9 9 9 
1.400000 100.000000 2 5 5 5 6 6 7 8 9 9 
1.300000 99.000000 3 4 4 5 6 7 8 9 9 10 
1.400000 100.000000 1 2 2 3 4 5 6 7 9 10 
1.400000 99.000000 1 3 5 5 6 6 6 7 8 9 
1.300000 103.000000 1 2 2 3 3 6 6 7 9 9 
1.500000 97.000000 5 5 6 6 7 8 9 10 10 10 
1.400000 100.000000 1 2 3 6 7 8 9 9 9 9 
1.300000 98.000000 2 3 3 4 6 7 8 8 10 10 
1.400000 100.000000 1 1 2 3 4 6 6 7 9 10 
1.300000 100.000000 1 2 3 3 4 4 5 7 9 10 
1.300000 100.000000 2 2 2 3 4 6 7 8 8 10 
1.200000 102.000000 2 3 3 4 4 5 6 6 6 7 
1.400000 102.000000 1 2 2 3 6 6 7 9 9 9 
1.400000 101.000000 1 2 3 5 5 5 6 7 9 9 
1.300000 100.000000 1 2 3 3 4 6 7 8 9 9 
1.500000 99.000000 1 1 2 3 5 5 7 8 9 10 
1.300000 100.000000 1 2 3 3 3 5 6 7 8 10 
1.200000 103.000000 2 3 3 3 5 5 7 8 9 10 
1.600000 97.000000 1 1 4 5 6 7 9 10 10 10 
1.500000 97.000000 1 2 3 6 7 8 8 10 10 10 
1.500000 99.000000 1 2 2 6 6 7 8 9 9 10 
1.400000 99.000000 3 3 5 7 9 9 10 10 10 10 
1.600000 97.000000 1 6 7 8 9 9 10 10 10 10 
1.400000 100.000000 1 2 3 3 5 5 7 8 9 9 
1.600000 96.000000 1 2 5 7 8 8 8 8 9 9 
1.400000 100.000000 1 2 2 3 4 5 5 6 7 10 
1.200000 104.000000 2 2 3 3 3 6 6 7 8 9 
1.500000 98.000000 1 1 3 6 6 7 8 9 10 10 
1.400000 99.000000 1 2 2 3 4 6 6 7 8 10 
1.500000 99.000000 1 1 1 3 3 5 7 8 9 9 
1.600000 96.000000 1 1 5 7 8 8 8 8 9 10 
1.300000 101.000000 2 2 3 4 4 5 7 9 9 9 
1.500000 96.000000 2 2 4 5 7 8 8 8 8 9 
1.300000 100.000000 1 2 3 3 3 6 6 7 8 10 
1.500000 102.000000 1 1 2 2 2 3 5 6 7 9 
1.600000 98.000000 1 1 2 4 7 9 9 9 9 10 
1.500000 98.000000 1 1 2 3 4 5 6 7 9 10 
1.400000 98.000000 1 1 3 3 4 5 7 8 8 9 
1.300000 98.000000 1 1 3 3 3 4 7 8 10 10 
1.600000 96.000000 1 4 7 8 8 9 9 9 10 10 
1.500000 99.000000 1 1 2 3 4 5 6 7 9 9 
1.600000 97.000000 1 5 5 6 7 8 9 10 10 10 
1.200000 103.000000 3 3 3 5 5 5 6 7 10 10 
1.400000 98.000000 2 2 4 4 5 6 7 8 9 10 
1.400000 98.000000 1 1 2 3 3 4 4 6 7 10 
1.600000 100.000000 1 1 2 2 5 5 6 7 10 10 
1.400000 99.000000 1 2 3 6 6 6 7 8 10 10 
1.400000 99.000000 2 4 4 5 5 6 7 9 9 10 
1.600000 97.000000 1 1 5 6 6 7 8 9 10 10 
1.600000 97.000000 1 4 5 5 5 5 5 7 9 10 
1.400000 98.000000 2 4 6 7 8 8 8 9 9 9 
1.500000 99.000000 1 2 3 5 6 7 9 9 10 10 
1.500000 98.000000 1 4 5 5 6 7 9 9 9 10 
1.600000 100.000000 1 1 2 2 5 6 7 9 10 10 
1.600000 96.000000 1 1 2 4 5 5 7 8 8 10 
1.500000 98.000000 1 1 1 3 3 5 5 7 8 9 
1.500000 98.000000 1 2 2 4 6 6 7 8 10 10 
1.400000 99.000000 1 1 2 3 3 4 4 7 9 9 
1.600000 99.000000 1 1 2 5 5 6 7 9 10 10 
1.200000 103.000000 2 2 3 3 4 5 6 7 8 9 
