date time lat lon depth mag dist baz cordeg phase phi delta err_phi_min err_phi_max err_dt_min err_dt_max confidence_level SplitInt SplitInt_err_min SplitInt_err_max delta_XC phi_XC Qa E_red Eig_ratio category 20-Apr-2016 08:33:47 0.639000 -80.210400 14.000000 6.200000 94.313300 275.408470 -4.737186 SKS 94.000000 3.794872 -Inf Inf 0.000000 Inf 3065.048554 0.049939 -0.025732 0.125611 0.065071 48.408470 -0.996228 24.105225 0.005214 null-measurement
18-May-2016 16:46:43 0.494700 -79.616000 29.950000 6.900000 94.005850 274.877860 -4.737186 SKS 170.000000 1.025641 -Inf Inf 0.000000 Inf 19031.993540 -0.464309 -0.631696 -0.296922 0.477528 -47.122140 -0.390046 61.502311 0.027698 poor
05-Jun-2016 16:25:33 -4.587000 125.626400 429.620000 6.300000 106.701880 78.976020 -4.737186 SKS 97.000000 0.820513 -Inf Inf 0.000000 Inf 49761.157047 -0.456716 -0.663439 -0.249993 0.487298 -57.023980 0.001869 55.072118 0.061886 poor
07-Jun-2016 10:51:37 18.363700 -105.173100 10.000000 6.300000 96.970140 305.631390 -4.737186 SKS 65.000000 1.641026 46.000000 100.000000 0.717949 2.974359 38370.553647 1.352422 1.111804 1.593040 1.276649 82.631390 0.363106 95.125662 0.177931 average
07-Jun-2016 19:15:15 1.278900 126.371200 31.000000 6.300000 102.886930 74.330990 -4.737186 SKS 107.000000 0.717949 -Inf Inf 0.000000 Inf 20984.694831 -0.619078 -0.787684 -0.450472 0.644064 -57.669010 0.496692 68.170431 0.062693 poor
25-Jul-2016 17:26:50 -26.106700 -70.511100 72.000000 6.100000 106.582070 249.460330 -4.737186 SKS 109.000000 1.230769 91.000000 131.000000 0.820513 1.641026 7696.096599 -1.197023 -1.311798 -1.082248 1.259551 -78.539670 0.760858 96.658465 0.145753 good
04-Aug-2016 14:15:12 -22.334300 -66.007800 270.000000 6.200000 101.006120 249.243300 -4.737186 SKS 107.000000 1.025641 84.000000 139.000000 0.615385 1.846154 8235.990970 -1.010082 -1.117786 -0.902379 1.126624 -80.756700 0.725242 96.999312 0.098739 good
04-Aug-2016 16:24:33 24.944700 142.014100 510.000000 6.300000 93.726140 47.574030 -4.737186 SKS 115.000000 1.948718 63.000000 134.000000 0.307692 4.000000 68710.485978 -1.125563 -1.547740 -0.703387 1.172252 -89.425970 0.047747 86.072693 0.154226 poor
21-Aug-2016 03:45:23 -55.313300 -31.750800 12.000000 6.100000 109.141240 206.803910 -4.737186 SKS 119.000000 2.769231 -Inf Inf 0.000000 Inf 14846.469617 0.110290 -0.006574 0.227153 0.096922 -17.196090 -0.938439 10.149735 0.027060 null-measurement
18-Feb-2017 12:10:17 -23.861300 -66.659200 222.000000 6.400000 102.511720 248.584490 -4.737186 SKS 113.000000 1.435897 92.000000 134.000000 0.923077 1.948718 18779.135234 -1.473990 -1.662703 -1.285278 1.440596 -76.415510 0.704063 92.526028 0.210266 good
21-Feb-2017 14:09:04 -19.281400 -63.904700 595.980000 6.500000 97.446400 249.955150 -4.737186 SKS 116.000000 1.025641 86.000000 144.000000 0.512821 1.743590 12530.483561 -1.008770 -1.138558 -0.878982 0.983854 -64.044850 0.942365 93.330683 0.121507 good
15-Apr-2017 08:19:43 -23.265300 -67.722500 155.000000 6.300000 102.782730 249.723500 -4.737186 SKS 126.000000 1.230769 92.000000 147.000000 0.717949 2.358974 10783.087793 -1.130418 -1.267276 -0.993560 1.114998 -74.276500 0.349034 95.956033 0.102030 good
12-May-2017 10:41:26 12.918700 -90.061100 16.000000 6.200000 91.963260 290.900480 -4.737186 SKS 31.000000 2.256410 -Inf Inf 0.000000 Inf 72545.597952 0.473377 0.145884 0.800870 0.471275 69.900480 -0.657217 61.283540 0.056795 poor
20-May-2017 01:06:14 9.381800 123.953700 533.000000 6.000000 95.243810 70.719870 -4.737186 SKS 78.000000 3.076923 70.000000 154.000000 0.000000 4.000000 11331.068838 -0.118434 -0.349759 0.112891 0.124475 -55.280130 -0.999314 65.066715 0.036366 null-measurement
10-Oct-2017 06:32:21 -18.571500 -69.752600 85.000000 6.300000 100.813020 254.476540 -4.737186 SKS 104.000000 1.025641 90.000000 126.000000 0.717949 1.641026 4341.782287 -0.858573 -0.957972 -0.759174 0.954079 -71.523460 0.828161 92.752807 0.066097 good
24-Oct-2017 10:47:47 -7.216800 123.073500 553.810000 6.700000 106.854050 82.782290 -4.737186 SKS 104.000000 0.615385 -Inf Inf 0.000000 Inf 16773.100343 -0.397495 -0.546881 -0.248109 0.413288 -51.217710 0.093202 57.158800 0.022985 poor
14-Jan-2018 09:18:45 -15.767500 -74.709200 39.000000 7.100000 102.198140 259.915880 -4.737186 SKS 115.000000 1.333333 95.000000 147.000000 0.717949 2.256410 12006.592993 -1.241603 -1.392358 -1.090849 1.179360 -51.084120 0.533168 97.227759 0.128520 good
21-Jan-2018 01:06:42 -18.880600 -69.444500 116.000000 6.300000 100.825390 254.044200 -4.737186 SKS 100.000000 1.128205 81.000000 150.000000 0.410256 2.666667 11568.834693 -0.822451 -0.973061 -0.671840 0.887518 -68.955800 0.540116 87.624701 0.075230 average
28-Jul-2018 17:07:23 -7.103900 122.726300 578.160000 6.000000 106.533440 82.960080 -4.737186 SKS 89.000000 1.743590 -Inf Inf 0.000000 Inf 21777.906813 -0.271877 -0.462556 -0.081198 0.342159 -48.039920 -0.764894 34.177134 0.047804 poor
24-Aug-2018 09:04:08 -11.035500 -70.828400 630.000000 7.100000 96.180610 260.551030 -4.737186 SKS 97.000000 1.230769 87.000000 133.000000 0.410256 2.461538 7476.665436 -0.567222 -0.703243 -0.431201 0.563068 -51.448970 -0.253717 92.228928 0.062143 average
28-Aug-2018 07:08:11 -10.773000 124.187100 14.000000 6.200000 110.164610 84.558030 -4.737186 SKS 110.000000 0.717949 -Inf Inf 0.000000 Inf 13875.995905 -0.522305 -0.670556 -0.374054 0.529360 -49.441970 0.254739 75.213617 0.029950 poor
07-Sep-2018 02:12:06 -2.253200 -78.790300 110.500000 6.200000 95.411150 272.379250 -4.737186 SKS 98.000000 1.333333 95.000000 143.000000 0.205128 2.461538 1289.080491 -0.216451 -0.263547 -0.169354 0.219516 -42.620750 -0.710919 81.364427 0.008814 poor
01-Nov-2018 22:19:51 -19.582700 -69.265600 102.000000 6.200000 101.202490 253.418950 -4.737186 SKS 99.000000 1.333333 89.000000 115.000000 0.923077 1.948718 3943.731059 -0.989596 -1.147075 -0.832117 1.300977 -80.581050 0.963242 98.443917 0.113516 good
15-Nov-2018 20:02:22 -56.706500 -25.546000 15.000000 6.400000 108.518220 202.893640 -4.737186 SKS 32.000000 3.487179 -Inf Inf 0.000000 Inf 80870.750201 -0.524022 -0.903435 -0.144609 0.520640 72.893640 -0.760404 64.863580 0.071776 poor
22-Feb-2019 10:17:23 -2.186200 -77.050500 145.000000 7.500000 94.153970 271.168360 -4.737186 SKS 111.000000 0.512821 95.000000 176.000000 0.205128 2.051282 1138.919869 -0.311163 -0.358265 -0.264061 0.315633 -44.831640 0.065867 81.993437 0.008461 poor
01-Mar-2019 08:50:42 -14.713100 -70.154600 267.000000 7.000000 98.345180 257.495490 -4.737186 SKS 136.000000 0.923077 93.000000 158.000000 0.512821 2.153846 4812.396198 -0.804190 -0.909981 -0.698399 0.791451 -58.504510 0.501552 91.947995 0.045576 good
31-Mar-2019 07:04:04 -1.944600 -80.810100 18.000000 6.200000 96.591150 274.057590 -4.737186 SKS 127.000000 0.410256 -Inf Inf 0.000000 Inf 48765.401319 -0.329606 -0.578794 -0.080419 0.331827 -42.942410 0.584068 29.320068 0.050668 poor
26-May-2019 07:41:15 -5.811900 -75.269700 122.570000 8.000000 95.515450 267.366690 -4.737186 SKS 93.000000 2.769231 88.000000 172.000000 0.102564 4.000000 1904.511705 -0.225465 -0.384427 -0.066503 0.231607 -40.633310 -0.950070 61.016319 0.013760 poor
14-Jun-2019 00:19:12 -30.055700 -72.081900 11.000000 6.400000 110.286840 247.420070 -4.737186 SKS 118.000000 1.538462 94.000000 137.000000 1.025641 2.153846 7686.439301 -1.476154 -1.628545 -1.323762 1.438202 -64.579930 0.877249 96.754431 0.137463 good
07-Jul-2019 15:08:40 0.512600 126.189200 35.000000 6.900000 103.333500 74.993510 -4.737186 SKS 90.000000 1.230769 77.000000 160.000000 0.102564 3.794872 9199.717062 -0.546848 -0.688874 -0.404821 0.504519 -59.006490 -0.282624 89.580108 0.033660 poor
14-Jul-2019 09:10:51 -0.585800 128.034000 18.980000 7.200000 105.384330 74.332560 -4.737186 SKS 157.000000 1.333333 -Inf Inf 0.000000 Inf 47939.481003 -0.280564 -0.464726 -0.096402 0.330484 -64.667440 -0.687057 46.919914 0.027975 poor
19-Sep-2019 07:06:33 -6.070800 111.842200 610.000000 6.100000 98.245510 90.181940 -4.737186 SKS 104.000000 1.128205 91.000000 177.000000 0.102564 4.000000 8732.599941 -0.465964 -0.594880 -0.337049 0.462140 -42.818060 -0.335865 79.178060 0.028135 poor
29-Sep-2019 15:57:53 -35.475800 -73.163000 11.000000 6.700000 114.543540 243.670540 -4.737186 SKS 97.000000 1.333333 68.000000 146.000000 0.205128 3.487179 49502.902513 -1.161472 -1.477128 -0.845816 1.155838 -66.329460 0.443297 77.013900 0.174938 average
14-Nov-2019 16:17:40 1.621300 126.415600 33.000000 7.100000 102.662160 74.063940 -4.737186 SKS 91.000000 1.333333 77.000000 155.000000 0.205128 4.000000 12862.760103 -0.651642 -0.818911 -0.484372 0.651954 -50.936060 -0.397601 76.355890 0.046520 poor
