date time lat lon depth mag dist baz cordeg phase phi delta err_phi_min err_phi_max err_dt_min err_dt_max confidence_level SplitInt SplitInt_err_min SplitInt_err_max delta_XC phi_XC Qa E_red Eig_ratio category 20-Apr-2016 08:33:47 0.639000 -80.210400 14.000000 6.200000 93.844450 274.725680 -1.865534 SKS 93.000000 4.000000 -Inf Inf 0.000000 Inf 3462.913235 -0.079901 -0.186323 0.026521 0.068808 -41.274320 -0.999202 12.791284 0.017655 null-measurement
07-Jun-2016 19:15:15 1.278900 126.371200 31.000000 6.300000 103.795990 73.980790 -1.865534 SKS 165.000000 3.076923 -Inf Inf 0.000000 Inf 6517.156891 0.037380 -0.048442 0.123202 0.063239 29.980790 -0.979123 11.465445 0.012070 null-measurement
25-Jul-2016 17:26:50 -26.106700 -70.511100 72.000000 6.100000 105.588830 248.591380 -1.865534 SKS 77.000000 1.538462 -Inf Inf 0.000000 Inf 7457.050610 -0.352543 -0.485772 -0.219314 0.361529 -66.408620 -0.578882 74.981020 0.023841 poor
04-Aug-2016 14:15:12 -22.334300 -66.007800 270.000000 6.200000 100.010040 248.473690 -1.865534 SKS 72.000000 2.974359 -Inf Inf 0.000000 Inf 14435.176769 -0.191219 -0.323082 -0.059355 0.190034 -63.526310 -0.925121 69.040266 0.011007 poor
04-Aug-2016 16:24:33 24.944700 142.014100 510.000000 6.300000 95.007660 47.017790 -1.865534 SKS 57.000000 0.820513 47.000000 134.000000 0.102564 3.282051 8241.750126 -0.253486 -0.334262 -0.172710 0.246214 -88.982210 -0.456955 38.216749 0.037158 poor
19-Aug-2016 07:32:22 -55.285200 -31.876600 10.000000 7.400000 107.774890 206.277630 -1.865534 SKS 119.000000 2.256410 -Inf Inf 0.000000 Inf 4042.718606 0.156379 0.049285 0.263473 0.163410 -16.722370 -0.912358 22.262047 0.007079 poor
21-Aug-2016 03:45:23 -55.313300 -31.750800 12.000000 6.100000 107.758800 206.198260 -1.865534 SKS 30.000000 2.461538 26.000000 47.000000 0.205128 4.000000 5836.847929 -0.133484 -0.229411 -0.037557 0.129824 74.198260 -0.929759 48.337798 0.010516 null-measurement
20-Nov-2016 20:57:44 -31.622600 -68.625900 108.000000 6.400000 108.073130 243.173720 -1.865534 SKS 70.000000 1.435897 -Inf Inf 0.000000 Inf 212718.410233 -0.275913 -0.489552 -0.062273 0.290181 -69.826280 -0.693317 26.172391 0.035778 poor
10-Jan-2017 06:13:48 4.478200 122.617100 627.170000 7.300000 98.898360 74.552600 -1.865534 SKS 83.000000 1.538462 -Inf Inf 0.000000 Inf 13758.772865 -0.348195 -0.542835 -0.153555 0.323889 -58.447400 -0.647570 40.234099 0.026292 poor
18-Feb-2017 12:10:17 -23.861300 -66.659200 222.000000 6.400000 101.504450 247.791270 -1.865534 SKS 73.000000 2.769231 67.000000 134.000000 0.102564 4.000000 6200.003525 -0.212980 -0.370032 -0.055927 0.193723 -64.208730 -0.881078 72.356112 0.018346 poor
21-Feb-2017 14:09:04 -19.281400 -63.904700 595.980000 6.500000 96.462810 249.244840 -1.865534 SKS 76.000000 1.641026 -Inf Inf 0.000000 Inf 13954.104787 -0.286028 -0.417131 -0.154926 0.278823 -63.755160 -0.725618 41.809311 0.037248 poor
15-Apr-2017 08:19:43 -23.265300 -67.722500 155.000000 6.300000 101.794480 248.921210 -1.865534 SKS 77.000000 1.435897 69.000000 156.000000 0.102564 4.000000 3923.827360 -0.329581 -0.431949 -0.227213 0.332975 -65.078790 -0.612526 67.245618 0.013665 poor
11-Aug-2017 05:28:25 14.006500 120.739100 172.000000 6.200000 90.688550 69.398520 -1.865534 SKS 109.000000 0.205128 -Inf Inf 0.000000 Inf 6347.268762 -0.186934 -0.363973 -0.009895 0.210650 -63.601480 0.764551 11.254222 0.040346 poor
10-Oct-2017 06:32:21 -18.571500 -69.752600 85.000000 6.300000 99.908710 253.693990 -1.865534 SKS 91.000000 0.717949 -Inf Inf 0.000000 Inf 13577.019663 -0.371491 -0.519833 -0.223148 0.336346 -63.306010 -0.103202 43.464130 0.026034 poor
02-Apr-2018 13:40:34 -20.658800 -63.005800 559.000000 6.800000 96.846620 247.666790 -1.865534 SKS 77.000000 1.333333 67.000000 156.000000 0.000000 4.000000 7947.598811 -0.341973 -0.474392 -0.209553 0.350391 -67.333210 -0.530805 50.855160 0.033063 poor
28-Jul-2018 17:07:23 -7.103900 122.726300 578.160000 6.000000 107.274630 82.717430 -1.865534 SKS 75.000000 1.333333 -Inf Inf 0.000000 Inf 14758.468534 0.253265 0.095943 0.410586 0.261016 34.717430 -0.701837 26.133854 0.041247 poor
17-Aug-2018 15:35:01 -7.371800 119.801700 529.000000 6.500000 105.396070 85.043020 -1.865534 SKS 176.000000 4.000000 -Inf Inf 0.000000 Inf 4346.135634 -0.036400 -0.116699 0.043898 0.037811 -48.956980 -0.989609 5.727387 0.011633 null-measurement
24-Aug-2018 09:04:08 -11.035500 -70.828400 630.000000 7.100000 95.393080 259.844830 -1.865534 SKS 84.000000 2.051282 79.000000 156.000000 0.102564 4.000000 4766.200275 -0.141494 -0.240385 -0.042604 0.144431 -50.155170 -0.950404 61.558949 0.015281 null-measurement
28-Aug-2018 07:08:11 -10.773000 124.187100 14.000000 6.200000 110.872110 84.405290 -1.865534 SKS 83.000000 4.000000 -Inf Inf 0.000000 Inf 6908.173667 0.042965 -0.052787 0.138717 0.000000 -49.594710 -1.054146 1.745659 0.015252 null-measurement
07-Sep-2018 02:12:06 -2.253200 -78.790300 110.500000 6.200000 94.873890 271.674420 -1.865534 SKS 104.000000 0.512821 92.000000 1.000000 0.000000 3.692308 2651.547393 -0.204562 -0.257615 -0.151509 0.189692 -43.325580 -0.359592 75.634080 0.010925 poor
01-Nov-2018 22:19:51 -19.582700 -69.265600 102.000000 6.200000 100.278950 252.632370 -1.865534 SKS 84.000000 0.923077 -Inf Inf 0.000000 Inf 10673.116209 -0.315606 -0.403530 -0.227682 0.306448 -60.367630 -0.465086 76.982717 0.016076 poor
15-Nov-2018 20:02:22 -56.706500 -25.546000 15.000000 6.400000 107.136560 202.318590 -1.865534 SKS 123.000000 2.051282 114.000000 7.000000 0.205128 4.000000 16127.853302 0.553267 0.376006 0.730528 0.571422 -14.681410 -0.676211 56.262071 0.029402 poor
11-Dec-2018 02:26:29 -58.544600 -26.385600 133.000000 7.100000 108.957890 201.768390 -1.865534 SKS 28.000000 4.000000 22.000000 35.000000 1.025641 4.000000 18491.905450 -0.166746 -0.386383 0.052892 0.208109 73.768390 -0.966263 45.694805 0.024646 poor
05-Jan-2019 19:25:38 -8.144000 -71.587000 570.410000 6.800000 93.897430 262.427790 -1.865534 SKS 168.000000 4.000000 -Inf Inf 0.000000 Inf 52233.119765 -0.347642 -0.683575 -0.011710 0.390669 -61.572210 -1.013821 20.980696 0.075941 poor
06-Jan-2019 17:27:18 2.258000 126.758000 43.210000 6.600000 103.343000 73.007690 -1.865534 SKS 72.000000 4.000000 -Inf Inf 0.000000 Inf 5095.661276 0.064222 -0.022794 0.151238 0.070127 27.007690 -0.982373 15.563052 0.010170 null-measurement
01-Mar-2019 08:50:42 -14.713100 -70.154600 267.000000 7.000000 97.497720 256.752310 -1.865534 SKS 73.000000 3.897436 -Inf Inf 0.000000 Inf 13446.493368 0.365548 0.154589 0.576508 0.352565 29.752310 -0.871308 36.601817 0.022962 poor
12-Apr-2019 11:40:49 -1.814600 122.579800 15.460000 6.800000 103.414590 78.989660 -1.865534 SKS 83.000000 2.051282 -Inf Inf 0.000000 Inf 96063.909939 -0.185439 -0.417381 0.046503 0.154568 -54.010340 -0.880224 15.663611 0.036557 poor
04-Jun-2019 04:39:16 29.066500 139.289000 422.000000 6.400000 90.243510 46.612340 -1.865534 SKS 82.000000 0.717949 47.000000 134.000000 0.102564 3.589744 21563.137426 -0.638842 -0.772413 -0.505270 0.648168 -83.387660 0.520648 80.058834 0.066259 poor
14-Jun-2019 00:19:12 -30.055700 -72.081900 11.000000 6.400000 109.259430 246.495730 -1.865534 SKS 151.000000 2.666667 -Inf Inf 0.000000 Inf 23606.988386 -0.302088 -0.531209 -0.072967 0.297215 -75.504270 -0.927426 28.000647 0.018164 poor
07-Jul-2019 15:08:40 0.512600 126.189200 35.000000 6.900000 104.230350 74.654350 -1.865534 SKS 169.000000 2.256410 -Inf Inf 0.000000 Inf 4374.043718 0.221404 0.112405 0.330403 0.224084 30.654350 -0.826513 60.666118 0.014846 poor
29-Sep-2019 15:57:53 -35.475800 -73.163000 11.000000 6.700000 113.457240 242.697680 -1.865534 SKS 73.000000 1.641026 -Inf Inf 0.000000 Inf 27946.218486 -0.394221 -0.585127 -0.203316 0.480117 -77.302320 -0.368201 26.985684 0.065314 poor
20-Nov-2019 04:27:05 13.885900 -93.206800 15.000000 6.300000 93.224050 293.171310 -1.865534 SKS 104.000000 2.256410 -Inf Inf 0.000000 Inf 10510.100932 0.449229 0.156037 0.742422 0.450855 59.171310 -0.807044 60.672065 0.049178 poor
