date time lat lon depth mag dist baz cordeg phase phi delta err_phi_min err_phi_max err_dt_min err_dt_max confidence_level SplitInt SplitInt_err_min SplitInt_err_max delta_XC phi_XC Qa E_red Eig_ratio category 18-May-2016 16:46:43 0.494700 -79.616000 29.950000 6.900000 93.359620 274.133440 -0.028116 SKS 178.000000 2.871795 -Inf Inf 0.000000 Inf 15847.743728 -0.258599 -0.502891 -0.014307 0.253542 -48.866560 -0.957498 46.760136 0.026615 poor
07-Jun-2016 10:51:37 18.363700 -105.173100 10.000000 6.300000 96.706350 304.827110 -0.028116 SKS 117.000000 2.974359 108.000000 122.000000 1.025641 4.000000 10953.357323 0.335511 0.062560 0.608462 0.325354 71.827110 -0.897836 91.572189 0.015294 poor
07-Jun-2016 19:15:15 1.278900 126.371200 31.000000 6.300000 103.693920 73.692470 -0.028116 SKS 167.000000 1.025641 -Inf Inf 0.000000 Inf 13005.982989 0.098638 -0.016099 0.213375 0.079508 29.692470 -0.871385 4.120585 0.019113 null-measurement
25-Jul-2016 17:26:50 -26.106700 -70.511100 72.000000 6.100000 105.753300 248.683090 -0.028116 SKS 150.000000 1.128205 -Inf Inf 0.000000 Inf 9525.504376 -0.285243 -0.397168 -0.173319 0.277577 -66.316910 -0.561910 40.513965 0.026849 poor
29-Jul-2016 21:18:24 18.542900 145.507300 196.000000 7.700000 101.703880 47.696410 -0.028116 SKS 124.000000 1.128205 53.000000 136.000000 0.102564 3.179487 16453.425567 -0.439097 -0.570398 -0.307796 0.471910 -85.303590 -0.234863 58.913842 0.039169 poor
04-Aug-2016 14:15:12 -22.334300 -66.007800 270.000000 6.200000 100.176500 248.490820 -0.028116 SKS 152.000000 2.256410 70.000000 158.000000 0.000000 4.000000 14951.025242 -0.287336 -0.444550 -0.130122 0.293087 -71.509180 -0.839526 51.798198 0.034740 poor
04-Aug-2016 16:24:33 24.944700 142.014100 510.000000 6.300000 94.583100 46.858330 -0.028116 SKS 118.000000 1.641026 105.000000 126.000000 0.923077 2.461538 10878.666522 -0.796531 -0.989922 -0.603139 0.821739 -87.141670 -0.059626 93.322583 0.099512 good
21-Aug-2016 03:45:23 -55.313300 -31.750800 12.000000 6.100000 108.371170 206.225770 -0.028116 SKS 113.000000 2.564103 -Inf Inf 0.000000 Inf 29690.520048 -0.140792 -0.301936 0.020351 0.174231 67.225770 -0.951114 7.988432 0.050241 null-measurement
18-Feb-2017 12:10:17 -23.861300 -66.659200 222.000000 6.400000 101.679450 247.827700 -0.028116 SKS 152.000000 1.435897 -Inf Inf 0.000000 Inf 19189.563843 -0.193719 -0.327001 -0.060438 0.216023 -70.172300 -0.788864 26.315958 0.039580 poor
21-Feb-2017 14:09:04 -19.281400 -63.904700 595.980000 6.500000 96.619770 249.216200 -0.028116 SKS 153.000000 1.025641 -Inf Inf 0.000000 Inf 15962.858739 -0.182866 -0.288965 -0.076766 0.172789 -66.783800 -0.716419 22.150023 0.033568 poor
15-Apr-2017 08:19:43 -23.265300 -67.722500 155.000000 6.300000 101.955090 248.962030 -0.028116 SKS 155.000000 2.769231 -Inf Inf 0.000000 Inf 7186.330501 -0.202362 -0.321556 -0.083167 0.197948 -70.037970 -0.930718 47.449110 0.013131 poor
10-May-2017 23:23:36 -56.414000 -25.743200 15.000000 6.500000 107.573110 202.577150 -0.028116 SKS 30.000000 3.487179 22.000000 105.000000 0.102564 4.000000 27670.272689 -0.296115 -0.573987 -0.018243 0.338813 73.577150 -0.872369 69.235272 0.036971 poor
23-Sep-2017 12:53:01 16.625800 -95.077800 10.000000 6.100000 91.965160 296.248940 -0.028116 SKS 18.000000 4.000000 9.000000 24.000000 1.230769 4.000000 2998.505014 -0.129511 -0.449613 0.190592 0.131143 -35.751060 -1.173595 71.675086 0.010306 null-measurement
14-Jan-2018 09:18:45 -15.767500 -74.709200 39.000000 7.100000 101.426270 259.127490 -0.028116 SKS 155.000000 1.743590 84.000000 168.000000 0.102564 4.000000 16081.637875 -0.677426 -0.899027 -0.455826 0.611871 -60.872510 -0.453803 81.899821 0.046271 poor
21-Jan-2018 01:06:42 -18.880600 -69.444500 116.000000 6.300000 100.018290 253.280030 -0.028116 SKS 154.000000 1.538462 -Inf Inf 0.000000 Inf 20479.245424 -0.384294 -0.586318 -0.182270 0.390327 -64.719970 -0.610781 50.937329 0.033832 poor
06-Mar-2018 14:13:07 -6.304300 142.611600 20.490000 6.700000 120.073940 65.847820 -0.028116 SKIKS 150.000000 2.564103 138.000000 154.000000 0.512821 4.000000 11364.306720 -0.223664 -0.346830 -0.100498 0.235467 -74.152180 -0.890737 55.402129 0.032609 poor
02-Apr-2018 13:40:34 -20.658800 -63.005800 559.000000 6.800000 97.023600 247.642710 -0.028116 SKS 147.000000 1.025641 102.000000 153.000000 0.307692 2.051282 3225.799950 -0.323192 -0.390293 -0.256091 0.324475 -68.357290 -0.472896 71.546681 0.028364 poor
24-Aug-2018 09:04:08 -11.035500 -70.828400 630.000000 7.100000 95.413150 259.802830 -0.028116 SKS 164.000000 1.333333 -Inf Inf 0.000000 Inf 6136.366609 -0.186256 -0.272896 -0.099615 0.179482 -58.197170 -0.804553 57.585233 0.023471 poor
28-Aug-2018 07:08:11 -10.773000 124.187100 14.000000 6.200000 110.904630 84.013380 -0.028116 SKS 178.000000 4.000000 174.000000 0.000000 1.435897 4.000000 5341.036725 -0.001211 -0.145940 0.143517 0.021202 -43.986620 -0.928722 62.609534 0.001975 null-measurement
07-Sep-2018 02:12:06 -2.253200 -78.790300 110.500000 6.200000 94.740600 271.623370 -0.028116 SKS 175.000000 2.051282 163.000000 -1.000000 0.512821 3.897436 3786.017145 -0.251170 -0.380428 -0.121913 0.253737 -48.376630 -0.842313 78.313241 0.014164 poor
28-Sep-2018 10:02:45 -0.255900 119.846200 20.000000 7.500000 100.365060 79.642450 -0.028116 SKS 83.000000 4.000000 -Inf Inf 0.000000 Inf 29757.047388 -0.073171 -0.321359 0.175016 0.093014 -49.357550 -1.037118 51.950722 0.015859 null-measurement
01-Nov-2018 22:19:51 -19.582700 -69.265600 102.000000 6.200000 100.392130 252.654390 -0.028116 SKS 156.000000 1.743590 -Inf Inf 0.000000 Inf 14217.724068 -0.268364 -0.413599 -0.123128 0.268930 -66.345610 -0.789311 61.762650 0.020353 poor
11-Dec-2018 02:26:29 -58.544600 -26.385600 133.000000 7.100000 109.601280 201.788990 -0.028116 SKS 137.000000 1.128205 -Inf Inf 0.000000 Inf 1446612.936380 0.691254 0.033052 1.349457 0.795066 -21.211010 0.197951 37.176751 0.124004 poor
05-Jan-2019 19:25:38 -8.144000 -71.587000 570.410000 6.800000 93.883990 262.365960 -0.028116 SKS 164.000000 1.230769 -Inf Inf 0.000000 Inf 29514.567389 -0.275187 -0.479211 -0.071163 0.270860 -55.634040 -0.663741 27.504241 0.074761 poor
06-Jan-2019 17:27:18 2.258000 126.758000 43.210000 6.600000 103.228460 72.726060 -0.028116 SKS 76.000000 4.000000 -Inf Inf 0.000000 Inf 53472.875331 -0.143680 -0.318821 0.031461 0.168588 -59.273940 -0.952098 44.749964 0.017165 null-measurement
12-Feb-2019 12:34:16 19.020000 145.796500 144.320000 6.000000 101.453250 47.198770 -0.028116 SKS 60.000000 4.000000 -Inf Inf 0.000000 Inf 128010.392640 -0.143560 -0.800566 0.513447 0.190914 -63.801230 -1.221025 61.194898 0.046093 null-measurement
01-Mar-2019 08:50:42 -14.713100 -70.154600 267.000000 7.000000 97.557830 256.738060 -0.028116 SKS 158.000000 1.641026 -Inf Inf 0.000000 Inf 19529.239983 -0.412707 -0.622112 -0.203301 0.415046 -60.261940 -0.600676 46.323822 0.032562 poor
06-Apr-2019 21:55:01 -6.828500 125.041600 539.000000 6.300000 108.694390 80.444140 -0.028116 SKS 83.000000 4.000000 -Inf Inf 0.000000 Inf 28418.213913 -0.192089 -0.403021 0.018842 0.227162 -52.555860 -0.931368 6.995507 0.055142 poor
12-Apr-2019 11:40:49 -1.814600 122.579800 15.460000 6.800000 103.377480 78.704500 -0.028116 SKS 166.000000 3.589744 -Inf Inf 0.000000 Inf 20512.922559 -0.109709 -0.288286 0.068868 0.139228 -60.295500 -0.991151 20.028312 0.030338 null-measurement
24-Jun-2019 02:53:39 -6.407800 129.169200 212.000000 7.300000 111.229240 76.982250 -0.028116 SKS 161.000000 4.000000 -Inf Inf 0.000000 Inf 20507.517115 -0.088109 -0.336875 0.160657 0.087323 -66.017750 -1.024106 70.283163 0.031643 null-measurement
24-Jun-2019 02:53:39 -6.407800 129.169200 212.000000 7.300000 111.229240 76.982250 -0.028116 SKKS 82.000000 1.846154 -Inf Inf 0.000000 Inf 6316.430080 -0.236261 -0.355625 -0.116896 0.227308 -54.017750 -0.856980 47.206072 0.017862 poor
28-Jun-2019 15:51:31 19.851500 144.347700 410.000000 6.400000 100.010240 47.900170 -0.028116 SKS 131.000000 2.358974 -Inf Inf 0.000000 Inf 38915.757005 -0.321973 -0.520053 -0.123893 0.351001 88.900170 -0.788747 32.365606 0.079246 poor
07-Jul-2019 15:08:40 0.512600 126.189200 35.000000 6.900000 104.136930 74.359740 -0.028116 SKS 76.000000 4.000000 -Inf Inf 0.000000 Inf 67470.539131 -0.073834 -0.187465 0.039796 0.076600 -58.640260 -0.989029 33.524134 0.009096 null-measurement
19-Sep-2019 07:06:33 -6.070800 111.842200 610.000000 6.100000 98.938740 89.548590 -0.028116 SKS 176.000000 3.076923 -Inf Inf 0.000000 Inf 14056.273220 -0.136170 -0.274544 0.002203 0.141915 -47.451410 -0.919500 34.446239 0.027476 null-measurement
29-Oct-2019 01:04:43 6.756700 125.008200 15.000000 6.600000 98.718740 71.005520 -0.028116 SKS 76.000000 4.000000 -Inf Inf 0.000000 Inf 1100721.566503 -0.039368 -0.414879 0.336144 0.035076 -54.994480 -1.082539 49.948086 0.028106 null-measurement
