1.100000 97.000000 1 3 4 5 6 7 8 9 9 
1.200000 95.000000 1 2 2 2 3 4 5 8 9 
1.200000 96.000000 1 3 4 5 6 7 7 7 9 
1.400000 93.000000 2 3 4 5 6 7 8 8 9 
1.300000 93.000000 1 2 3 4 6 7 7 7 9 
1.500000 91.000000 2 3 4 5 6 6 7 7 8 
1.000000 109.000000 1 2 3 4 5 6 9 9 9 
1.500000 91.000000 2 2 3 4 5 7 7 8 9 
2.300000 81.000000 2 2 2 2 3 4 5 7 9 
1.300000 95.000000 3 4 5 5 5 7 8 9 9 
1.200000 98.000000 1 2 2 4 4 5 5 6 7 
1.000000 104.000000 1 1 2 2 3 4 5 5 7 
1.000000 108.000000 1 3 4 5 5 6 6 9 9 
1.200000 95.000000 1 2 3 3 6 8 8 8 9 
1.200000 96.000000 1 2 4 4 6 6 7 8 9 
1.200000 97.000000 1 2 2 4 4 5 5 7 7 
1.400000 92.000000 2 2 3 4 5 6 7 8 9 
0.900000 110.000000 1 1 1 1 3 3 5 6 7 
2.700000 79.000000 2 2 2 3 3 5 5 6 6 
1.400000 93.000000 2 3 3 7 7 8 8 9 9 
1.200000 95.000000 1 3 4 5 6 6 7 7 8 
1.100000 98.000000 1 1 2 3 4 5 7 8 9 
1.100000 101.000000 1 3 4 5 5 6 6 7 9 
1.400000 94.000000 3 4 5 5 7 8 8 8 9 
1.200000 96.000000 1 2 3 4 5 5 6 7 8 
1.200000 95.000000 1 2 2 3 4 6 6 8 9 
1.400000 90.000000 2 3 4 6 6 6 9 9 9 
1.100000 97.000000 1 1 2 3 4 5 6 8 8 
1.800000 85.000000 3 4 5 7 7 7 7 9 9 
1.000000 97.000000 1 1 3 3 5 6 7 8 9 
1.200000 96.000000 1 2 3 4 6 7 8 9 9 
1.300000 95.000000 1 2 4 4 7 7 7 8 9 
1.200000 95.000000 1 2 3 4 7 8 8 9 9 
1.300000 95.000000 1 2 3 4 5 8 8 8 9 
1.400000 94.000000 2 3 4 5 6 8 8 8 9 
2.000000 83.000000 2 2 2 3 4 6 6 6 9 
1.000000 97.000000 1 1 3 3 6 6 7 8 9 
1.200000 93.000000 1 2 2 2 3 3 6 8 9 
1.000000 108.000000 1 1 1 2 3 4 5 6 6 
1.400000 94.000000 2 4 4 6 6 6 7 8 8 
1.000000 111.000000 1 1 1 2 3 4 7 9 9 
1.200000 97.000000 1 4 4 5 6 6 7 8 9 
1.200000 96.000000 1 2 3 4 5 8 8 9 9 
0.900000 107.000000 1 1 2 2 3 3 5 5 9 
0.900000 107.000000 1 1 3 3 5 5 6 7 9 
1.000000 96.000000 1 2 3 3 7 7 9 9 9 
2.200000 83.000000 2 2 3 4 5 5 7 7 7 
1.200000 96.000000 1 2 2 3 4 5 8 9 9 
1.200000 96.000000 1 3 4 5 6 8 8 9 9 
1.400000 94.000000 4 4 6 6 6 6 7 8 8 
1.000000 108.000000 1 4 4 5 6 6 6 9 9 
1.100000 98.000000 1 3 4 5 7 8 9 9 9 
1.200000 97.000000 1 4 4 5 6 6 7 8 9 
1.200000 95.000000 1 2 3 4 5 5 7 7 7 
1.000000 111.000000 1 1 1 2 2 3 4 5 9 
1.300000 94.000000 1 2 3 3 5 7 7 8 8 
1.400000 93.000000 3 4 5 5 6 7 7 8 9 
1.400000 93.000000 3 3 6 7 7 8 8 9 9 
1.400000 92.000000 2 3 4 5 6 7 7 8 9 
1.200000 97.000000 1 1 2 4 4 7 8 8 9 
1.200000 97.000000 1 2 4 4 5 7 7 8 9 
1.100000 95.000000 1 2 3 3 5 5 5 6 7 
1.000000 106.000000 1 1 1 2 4 4 7 7 7 
1.200000 97.000000 1 1 4 4 6 7 7 7 8 
1.200000 96.000000 1 1 2 3 4 7 7 8 8 
1.400000 92.000000 2 2 4 4 5 5 6 6 9 
1.000000 96.000000 1 1 2 3 3 6 6 7 8 
1.200000 96.000000 1 1 2 3 4 6 6 8 8 
1.300000 94.000000 1 2 2 2 3 4 5 6 8 
2.400000 78.000000 2 3 3 5 5 5 7 9 9 
1.100000 94.000000 1 3 3 5 6 6 6 7 9 
1.100000 102.000000 1 1 2 2 2 4 4 5 7 
1.000000 97.000000 1 1 3 3 5 6 6 7 8 
1.300000 95.000000 4 4 5 5 6 7 8 8 9 
1.200000 97.000000 1 4 4 5 6 6 7 8 9 
1.400000 93.000000 2 3 4 5 5 6 7 8 8 
0.900000 102.000000 1 1 2 3 3 5 7 7 9 
1.300000 95.000000 1 2 2 2 3 4 5 8 8 
1.200000 95.000000 1 2 3 3 8 8 8 9 9 
1.300000 95.000000 1 2 2 4 4 6 6 8 8 
1.200000 93.000000 1 3 3 6 7 7 7 8 9 
1.100000 98.000000 1 1 2 3 4 6 6 8 9 
1.200000 97.000000 1 2 2 4 4 7 8 9 9 
1.500000 89.000000 2 3 4 5 5 6 7 9 9 
1.300000 94.000000 3 4 5 5 5 5 6 7 8 
1.100000 97.000000 1 1 3 4 7 7 8 8 9 
1.000000 110.000000 1 1 1 3 4 5 5 6 7 
1.100000 98.000000 1 3 4 5 6 6 7 7 9 
1.100000 97.000000 1 1 3 4 7 7 7 8 9 
1.100000 102.000000 1 1 2 4 4 5 7 7 7 
1.300000 95.000000 2 3 4 5 5 5 8 9 9 
1.100000 99.000000 1 2 2 3 4 5 7 9 9 
1.200000 97.000000 1 2 2 2 4 4 5 6 6 
3.200000 75.000000 2 2 2 3 3 6 9 9 9 
1.200000 95.000000 1 2 2 3 4 5 7 8 9 
1.500000 91.000000 2 2 2 3 4 5 6 7 8 
1.200000 95.000000 1 2 2 3 4 6 8 8 9 
1.100000 95.000000 1 1 2 2 2 3 3 6 8 
1.200000 95.000000 1 3 3 6 8 8 8 8 9 
1.200000 96.000000 1 4 4 5 8 8 8 9 9 
1.100000 95.000000 1 3 3 5 5 6 7 8 9 
1.300000 94.000000 2 4 4 7 7 8 9 9 9 
1.300000 94.000000 1 2 2 2 3 4 6 7 8 
1.200000 97.000000 1 3 4 5 5 6 6 8 9 
1.200000 95.000000 1 2 3 3 5 6 8 8 9 
1.500000 91.000000 2 3 3 5 6 7 7 8 9 
1.000000 112.000000 1 3 4 5 5 5 6 9 9 
1.400000 92.000000 2 2 3 4 5 6 6 8 9 
1.500000 91.000000 2 2 3 3 5 5 7 8 9 
1.000000 116.000000 1 1 2 3 4 9 9 9 9 
1.100000 97.000000 1 1 2 2 2 3 4 6 8 
1.100000 99.000000 1 1 1 4 4 5 7 8 8 
1.300000 94.000000 1 2 2 3 4 6 7 8 8 
1.000000 108.000000 1 1 1 2 3 4 6 7 9 
1.000000 100.000000 1 2 3 3 5 5 5 5 6 
1.000000 97.000000 1 1 1 2 3 3 7 8 8 
1.400000 94.000000 2 2 3 4 8 8 8 8 9 
1.000000 107.000000 1 1 1 3 4 6 6 6 6 
1.200000 97.000000 1 2 4 4 5 6 7 8 9 
1.200000 95.000000 1 2 2 2 3 4 6 8 9 
1.100000 99.000000 1 1 4 4 5 5 7 7 8 
1.100000 100.000000 1 2 2 4 4 7 7 9 9 
1.300000 94.000000 1 2 2 3 4 5 7 7 8 
0.900000 106.000000 1 1 1 2 2 3 3 5 6 
1.300000 93.000000 1 2 3 4 5 6 7 7 7 
1.400000 93.000000 2 3 4 5 5 5 6 6 8 
1.200000 94.000000 1 2 2 3 3 5 6 8 8 
1.300000 94.000000 2 4 4 5 6 6 7 9 9 
1.100000 102.000000 1 2 4 4 5 5 7 7 9 
1.100000 99.000000 1 1 2 4 4 6 7 8 9 
1.100000 96.000000 1 3 3 5 5 8 8 9 9 
1.500000 92.000000 2 2 3 4 5 6 6 6 8 
1.100000 103.000000 1 1 2 2 2 4 4 5 6 
1.500000 91.000000 2 2 3 3 5 6 7 8 9 
1.100000 100.000000 1 1 2 2 4 4 8 9 9 
1.100000 100.000000 1 2 2 2 4 4 7 9 9 
1.400000 92.000000 3 4 5 6 7 7 7 8 9 
1.200000 96.000000 1 2 3 4 5 6 8 8 9 
1.200000 96.000000 1 3 4 6 7 7 8 9 9 
1.200000 96.000000 1 2 3 4 5 6 8 8 9 
1.200000 94.000000 1 2 3 3 5 7 8 8 9 
1.400000 90.000000 1 2 2 2 3 4 6 7 7 
2.100000 83.000000 2 2 3 4 5 6 6 7 7 
0.900000 100.000000 1 1 2 2 3 3 6 7 9 
1.400000 93.000000 2 3 4 6 6 6 8 9 9 
1.100000 100.000000 1 2 3 4 5 5 6 7 9 
1.300000 93.000000 1 2 2 3 4 5 6 6 7 
1.000000 113.000000 1 1 3 4 5 5 6 9 9 
1.800000 85.000000 2 2 3 4 5 5 6 7 9 
1.000000 108.000000 1 3 4 5 5 6 6 9 9 
1.100000 100.000000 1 1 2 4 4 5 6 8 9 
1.200000 95.000000 1 2 3 4 5 6 6 7 8 
1.200000 96.000000 1 3 4 5 7 7 8 9 9 
1.400000 93.000000 2 2 3 4 5 5 5 6 8 
1.500000 92.000000 2 2 3 4 5 5 6 7 8 
1.200000 97.000000 4 4 5 5 5 6 8 9 9 
1.000000 106.000000 1 1 2 3 4 6 7 9 9 
1.300000 93.000000 1 2 2 3 4 6 7 7 9 
2.000000 81.000000 2 3 3 5 5 5 5 6 9 
1.100000 95.000000 1 3 3 5 5 7 8 8 9 
1.300000 95.000000 1 2 3 4 5 5 8 8 8 
1.200000 94.000000 3 3 5 5 6 8 9 9 9 
1.200000 95.000000 1 2 3 3 5 5 6 8 8 
1.000000 113.000000 1 1 1 3 4 5 5 5 6 
1.200000 96.000000 1 2 2 3 4 5 6 8 9 
1.000000 112.000000 1 1 2 3 4 6 9 9 9 
1.400000 93.000000 3 4 5 5 5 6 6 6 8 
1.100000 95.000000 1 2 3 3 5 7 8 9 9 
1.100000 95.000000 1 3 3 5 5 6 7 8 9 
1.200000 94.000000 1 3 3 6 6 6 7 8 9 
3.000000 78.000000 2 2 2 3 3 5 7 7 9 
1.200000 96.000000 1 2 3 4 6 7 8 9 9 
2.200000 83.000000 2 3 4 6 7 7 7 7 9 
1.300000 92.000000 3 3 5 6 6 7 8 9 9 
1.500000 91.000000 2 2 2 3 3 5 5 8 9 
1.300000 95.000000 1 2 2 2 4 4 5 7 8 
1.100000 94.000000 1 2 2 3 3 7 8 9 9 
0.900000 100.000000 1 1 1 1 3 3 6 7 8 
1.200000 96.000000 1 3 4 5 5 6 7 7 8 
1.300000 90.000000 1 3 3 5 6 6 7 7 7 
1.200000 97.000000 1 1 2 4 4 5 8 8 9 
1.300000 94.000000 3 4 5 6 7 7 8 9 9 
1.100000 95.000000 1 1 2 2 3 3 6 7 8 
1.000000 97.000000 1 1 2 2 3 3 6 6 7 
1.200000 96.000000 1 4 4 6 7 8 8 9 9 
1.200000 97.000000 1 4 4 5 6 7 7 8 9 
1.000000 113.000000 1 1 1 1 1 3 4 5 7 
1.300000 94.000000 2 2 4 4 6 7 9 9 9 
1.500000 92.000000 2 2 2 4 4 6 6 6 8 
1.100000 98.000000 1 2 3 4 6 6 6 6 9 
0.900000 99.000000 1 1 2 3 3 5 8 9 9 
1.200000 97.000000 1 4 4 5 5 6 7 8 9 
1.400000 93.000000 2 2 3 4 5 5 5 7 8 
1.000000 97.000000 1 1 2 3 3 5 7 8 9 
1.200000 95.000000 1 2 3 4 6 6 6 8 9 
1.100000 102.000000 1 2 4 4 6 6 7 9 9 
1.100000 99.000000 1 1 2 4 4 6 6 8 9 
1.000000 109.000000 1 1 2 3 4 5 7 9 9 
1.000000 106.000000 1 2 3 4 5 5 7 9 9 
1.200000 96.000000 1 2 4 4 6 6 7 8 9 
1.200000 97.000000 1 4 4 5 6 6 8 8 9 
1.500000 91.000000 2 3 3 5 6 7 7 8 9 
1.500000 92.000000 2 3 3 6 7 7 8 8 9 
4.000000 71.000000 3 3 5 6 7 9 9 9 9 
1.700000 88.000000 2 4 4 6 6 6 6 7 7 
1.400000 93.000000 2 2 2 4 4 5 7 8 8 
1.000000 100.000000 1 1 3 4 5 7 8 9 9 
1.000000 105.000000 1 3 4 5 5 7 7 9 9 
1.200000 95.000000 1 3 4 7 7 8 8 9 9 
1.000000 106.000000 1 1 2 3 4 5 6 7 9 
1.200000 95.000000 1 2 3 3 5 8 8 8 9 
1.200000 97.000000 1 1 2 2 2 4 4 6 8 
1.200000 95.000000 1 2 3 4 6 7 7 8 9 
1.200000 94.000000 1 2 3 3 5 6 6 6 8 
1.200000 96.000000 1 2 4 4 8 8 8 9 9 
1.900000 85.000000 2 2 3 4 5 5 5 6 7 
1.000000 113.000000 1 1 2 3 4 5 5 9 9 
1.200000 97.000000 1 2 4 4 5 7 7 8 9 
1.400000 92.000000 3 3 5 5 5 5 7 7 8 
1.400000 93.000000 2 3 4 6 6 6 8 8 9 
1.200000 96.000000 1 3 4 6 6 8 8 9 9 
1.100000 99.000000 1 1 2 2 4 4 5 7 8 
1.400000 94.000000 3 4 5 6 6 8 8 8 8 
1.300000 94.000000 1 2 2 3 4 6 6 7 8 
1.300000 93.000000 1 2 2 3 4 7 7 7 8 
1.200000 96.000000 1 3 4 5 5 6 6 7 7 
1.500000 91.000000 2 2 2 3 3 5 5 8 9 
1.400000 94.000000 4 4 6 6 6 7 8 8 8 
1.000000 114.000000 1 1 1 2 3 4 5 9 9 
1.200000 95.000000 1 2 2 2 3 4 5 5 7 
1.100000 98.000000 1 3 4 5 5 5 6 8 9 
1.500000 90.000000 2 2 4 4 5 6 6 6 9 
0.900000 108.000000 1 1 2 3 3 5 5 6 9 
1.200000 96.000000 1 3 4 5 6 7 7 7 9 
1.100000 107.000000 1 4 4 5 5 5 6 6 9 
1.700000 89.000000 2 2 2 2 3 3 5 7 8 
1.100000 98.000000 1 3 4 5 6 6 8 9 9 
1.300000 95.000000 1 3 4 5 7 7 8 8 8 
1.300000 93.000000 1 2 2 3 4 6 7 7 9 
1.400000 88.000000 1 2 2 2 3 3 6 7 9 
1.200000 95.000000 1 3 3 5 6 7 8 8 9 
1.200000 95.000000 1 2 3 4 6 7 8 8 9 
1.100000 98.000000 1 1 2 2 3 4 5 8 9 
1.300000 95.000000 2 4 4 5 5 6 7 8 9 
1.000000 109.000000 1 1 1 2 2 4 4 5 6 
1.300000 93.000000 3 4 5 6 6 7 9 9 9 
1.400000 94.000000 3 4 5 5 6 6 6 8 8 
1.300000 93.000000 3 3 5 5 6 6 8 9 9 
1.200000 97.000000 1 2 4 4 5 5 6 7 8 
1.300000 94.000000 1 2 2 3 4 5 6 7 8 
1.100000 98.000000 1 1 2 3 4 5 7 8 9 
1.300000 94.000000 2 3 4 5 7 8 8 9 9 
1.300000 95.000000 4 4 5 7 8 8 9 9 9 
1.200000 97.000000 1 2 4 4 5 5 7 7 7 
1.200000 96.000000 1 2 2 2 3 4 5 5 6 
1.000000 109.000000 1 1 1 1 2 3 4 6 7 
1.500000 91.000000 2 2 3 4 5 7 7 8 9 
1.200000 96.000000 1 2 2 2 3 4 5 6 9 
1.200000 96.000000 1 2 2 3 4 6 8 9 9 
1.500000 93.000000 3 4 5 7 7 7 8 8 8 
0.900000 111.000000 1 1 1 1 3 3 5 6 6 
1.000000 104.000000 1 1 2 3 4 6 6 7 9 
1.300000 95.000000 1 2 3 4 7 8 8 8 9 
1.300000 95.000000 4 4 5 5 6 8 8 9 9 
1.500000 92.000000 2 3 3 5 6 7 7 8 8 
2.000000 84.000000 2 3 4 5 5 6 7 7 7 
1.200000 93.000000 1 3 3 5 5 5 7 7 7 
1.700000 85.000000 1 2 2 2 2 3 3 7 7 
1.000000 115.000000 1 1 3 4 5 6 9 9 9 
1.200000 97.000000 1 1 2 4 4 5 8 8 9 
1.300000 95.000000 1 2 2 4 4 5 6 8 8 
1.300000 94.000000 3 4 5 5 6 7 8 9 9 
2.900000 78.000000 2 2 2 3 3 5 6 7 9 
1.300000 95.000000 2 4 4 5 6 7 8 9 9 
1.400000 93.000000 2 3 4 5 7 7 8 8 9 
1.400000 93.000000 4 4 5 6 6 6 6 7 8 
1.400000 91.000000 3 4 5 5 5 5 5 7 7 
1.300000 95.000000 3 4 5 6 8 8 8 9 9 
1.200000 96.000000 2 3 4 5 5 8 9 9 9 
1.200000 91.000000 1 2 2 3 3 5 6 7 9 
0.900000 103.000000 1 2 3 3 5 7 9 9 9 
1.000000 108.000000 1 1 3 4 6 6 6 9 9 
1.100000 97.000000 1 1 3 4 6 6 8 8 9 
1.000000 110.000000 1 1 2 3 4 7 9 9 9 
1.100000 97.000000 1 1 2 2 2 3 4 8 9 
1.300000 95.000000 1 2 2 4 4 5 6 7 8 
1.400000 93.000000 2 3 4 5 5 5 6 7 8 
1.100000 95.000000 1 2 3 3 5 6 7 8 9 
1.200000 95.000000 1 2 3 4 5 7 8 8 9 
1.300000 95.000000 1 2 2 4 4 7 8 8 9 
1.200000 96.000000 1 2 3 4 5 6 7 8 9 
1.300000 94.000000 1 2 2 3 4 5 7 7 8 
1.500000 90.000000 2 2 4 4 5 5 6 7 9 
1.500000 89.000000 2 2 3 4 5 5 6 9 9 
1.400000 93.000000 3 4 5 6 6 6 7 8 9 
1.100000 95.000000 1 3 3 5 5 6 7 7 9 
1.000000 107.000000 1 1 2 2 4 4 5 5 7 
1.500000 89.000000 2 3 4 5 5 6 7 9 9 
1.400000 94.000000 3 4 6 7 8 8 8 8 9 
1.200000 96.000000 3 4 5 5 6 6 6 9 9 
1.400000 92.000000 2 2 3 3 5 5 6 8 9 
1.200000 98.000000 1 2 4 4 5 6 8 9 9 
1.400000 93.000000 2 4 4 5 5 7 7 8 9 
1.000000 110.000000 1 1 1 2 3 4 5 5 6 
0.900000 108.000000 1 1 2 2 3 3 5 9 9 
1.000000 106.000000 1 1 3 4 5 6 6 7 9 
1.500000 91.000000 2 2 3 3 5 6 7 8 9 
1.400000 94.000000 2 3 4 5 6 6 8 8 9 
1.900000 85.000000 2 3 4 5 5 6 6 7 7 
1.000000 111.000000 1 4 4 6 7 9 9 9 9 
1.300000 96.000000 1 2 4 4 5 5 8 8 8 
1.300000 95.000000 1 2 2 4 4 5 6 7 8 
1.200000 96.000000 1 2 3 4 5 6 7 7 9 
1.600000 92.000000 2 2 2 3 3 5 7 8 8 
1.400000 93.000000 3 4 5 6 7 7 8 8 9 
0.900000 102.000000 1 1 2 3 3 5 7 7 9 
1.000000 102.000000 1 1 1 1 3 4 6 8 9 
1.200000 96.000000 1 2 3 4 5 6 7 8 9 
1.500000 89.000000 2 3 4 5 5 6 7 9 9 
1.000000 110.000000 1 1 2 4 4 5 7 9 9 
1.100000 103.000000 2 2 4 4 5 5 9 9 9 
1.000000 109.000000 1 1 3 4 5 5 6 7 9 
1.100000 98.000000 1 1 2 2 3 4 5 8 9 
1.300000 95.000000 4 4 5 6 7 8 9 9 9 
2.700000 78.000000 2 2 3 3 5 5 6 7 9 
1.200000 95.000000 1 3 4 6 7 7 8 8 9 
1.000000 109.000000 2 2 4 4 5 9 9 9 9 
1.200000 96.000000 1 3 4 5 6 7 8 8 9 
1.100000 97.000000 1 1 2 3 4 7 7 8 9 
1.300000 95.000000 3 4 5 5 7 8 8 9 9 
1.000000 103.000000 1 2 3 4 5 6 7 9 9 
1.100000 97.000000 1 1 2 3 4 5 7 7 8 
1.100000 98.000000 1 1 2 2 3 4 5 6 8 
1.100000 95.000000 1 2 2 3 3 5 8 9 9 
1.300000 95.000000 2 2 4 4 5 5 6 8 9 
1.100000 97.000000 1 3 4 8 8 9 9 9 9 
2.100000 83.000000 2 2 3 4 5 6 7 7 9 
1.400000 94.000000 2 4 4 5 7 8 8 8 9 
1.000000 96.000000 1 1 1 3 3 7 8 8 8 
1.200000 96.000000 1 3 4 5 6 6 7 8 9 
1.200000 94.000000 1 2 3 3 6 7 8 8 9 
1.200000 96.000000 1 3 4 6 8 8 9 9 9 
1.300000 94.000000 3 4 5 6 6 7 8 9 9 
1.400000 92.000000 2 3 3 5 5 5 7 8 9 
4.000000 72.000000 2 2 3 3 5 6 9 9 9 
2.500000 81.000000 2 2 2 2 3 4 5 7 7 
1.200000 96.000000 1 2 4 4 5 7 8 8 9 
1.100000 95.000000 1 3 3 5 5 5 6 7 8 
1.100000 98.000000 1 1 3 4 5 6 7 7 8 
1.400000 93.000000 2 4 4 5 7 7 7 8 9 
1.000000 109.000000 1 1 2 3 4 5 7 9 9 
1.200000 96.000000 1 3 4 5 5 7 8 8 9 
1.000000 97.000000 1 1 3 3 6 7 7 8 9 
1.000000 97.000000 1 3 3 6 7 7 9 9 9 
2.600000 79.000000 2 3 3 5 5 6 7 7 9 
1.400000 92.000000 2 2 3 3 5 5 6 8 9 
4.000000 156.000000 3 3 5 5 6 9 9 9 9 
1.000000 107.000000 1 2 3 4 5 5 6 9 9 
1.700000 86.000000 2 3 4 5 6 6 6 7 9 
1.400000 93.000000 2 2 3 4 6 6 8 8 9 
1.000000 107.000000 1 1 1 2 2 2 3 4 5 
1.100000 95.000000 1 2 2 3 3 5 6 8 9 
1.200000 95.000000 1 2 3 4 6 6 7 7 9 
1.100000 101.000000 1 1 4 4 6 8 9 9 9 
2.700000 79.000000 2 2 3 3 6 6 7 7 9 
2.600000 79.000000 2 3 3 5 5 6 7 7 9 
1.400000 93.000000 2 3 4 6 7 8 8 9 9 
1.000000 109.000000 1 2 3 4 5 6 9 9 9 
0.900000 106.000000 1 1 2 3 3 5 5 7 9 
1.400000 94.000000 2 2 4 4 6 7 8 8 8 
1.000000 109.000000 1 1 1 3 4 5 6 6 6 
1.000000 111.000000 1 1 3 4 5 5 5 5 6 
1.100000 101.000000 1 2 2 4 4 6 7 9 9 
1.300000 95.000000 1 2 4 4 6 7 7 8 8 
1.000000 113.000000 1 1 1 3 4 5 5 6 9 
1.200000 96.000000 1 3 4 5 6 6 7 8 9 
1.200000 97.000000 1 4 4 5 6 8 8 9 9 
1.300000 95.000000 2 2 4 4 5 6 8 9 9 
1.400000 93.000000 2 4 4 5 5 6 7 7 8 
1.500000 92.000000 2 3 3 5 6 6 7 8 8 
1.500000 92.000000 2 2 3 3 5 6 7 8 8 
1.100000 94.000000 1 2 2 3 3 5 7 9 9 
1.400000 93.000000 2 3 4 6 7 8 8 9 9 
1.200000 95.000000 1 2 2 3 4 6 7 8 9 
1.100000 97.000000 1 3 4 5 8 8 9 9 9 
0.900000 101.000000 1 1 1 1 2 3 3 5 8 
1.500000 93.000000 2 3 4 6 6 6 7 8 8 
1.000000 101.000000 1 1 1 3 4 5 5 6 8 
1.300000 94.000000 2 3 4 5 6 8 9 9 9 
1.300000 95.000000 4 4 5 6 6 6 6 8 9 
1.400000 94.000000 3 3 5 6 6 8 8 8 9 
1.100000 98.000000 1 3 4 5 5 6 8 9 9 
1.200000 94.000000 1 2 3 3 5 6 6 7 8 
1.200000 96.000000 1 2 3 4 5 6 6 8 9 
1.000000 103.000000 1 2 3 4 5 6 7 9 9 
1.000000 101.000000 1 1 1 3 4 6 6 8 9 
1.000000 110.000000 1 3 4 5 6 6 9 9 9 
1.000000 108.000000 1 1 2 3 4 5 5 7 9 
0.900000 102.000000 1 1 1 1 3 3 5 8 9 
1.400000 92.000000 2 3 3 5 5 6 6 8 9 
2.400000 81.000000 3 3 6 6 6 7 7 7 9 
1.000000 97.000000 1 1 2 3 3 5 6 8 9 
1.100000 98.000000 1 1 1 2 3 4 5 8 8 
1.200000 97.000000 1 1 4 4 5 5 8 8 8 
1.400000 94.000000 4 4 5 5 5 6 7 8 8 
1.400000 93.000000 2 3 3 5 7 8 8 9 9 
0.900000 99.000000 1 1 3 3 6 8 9 9 9 
1.800000 86.000000 2 2 2 4 4 6 7 7 9 
1.200000 97.000000 1 2 4 4 5 6 7 7 7 
1.000000 104.000000 1 2 2 3 4 6 9 9 9 
1.100000 98.000000 1 1 3 4 5 6 6 7 8 
1.200000 94.000000 1 2 3 3 6 7 8 8 9 
1.000000 112.000000 1 1 2 3 4 5 5 5 9 
1.000000 107.000000 1 1 2 3 4 5 6 6 9 
2.100000 83.000000 2 2 2 3 4 5 6 7 9 
1.000000 105.000000 1 1 2 3 4 7 7 9 9 
1.000000 104.000000 1 1 1 1 4 4 5 6 8 
1.000000 106.000000 1 3 4 5 5 5 6 7 9 
1.000000 105.000000 1 1 1 2 3 4 6 7 7 
1.500000 92.000000 2 2 2 4 4 6 6 7 8 
1.500000 91.000000 2 3 3 5 5 6 7 7 8 
1.300000 95.000000 1 2 2 4 4 5 8 8 8 
1.000000 114.000000 1 1 1 1 1 2 3 4 5 
1.400000 93.000000 2 4 4 6 6 7 7 8 9 
1.100000 95.000000 1 2 3 3 5 5 6 7 9 
1.000000 98.000000 1 1 2 3 3 5 5 8 9 
1.200000 97.000000 1 1 4 4 5 7 8 8 9 
1.200000 95.000000 1 3 3 5 7 8 8 8 9 
1.600000 87.000000 2 3 4 5 5 7 7 9 9 
1.300000 95.000000 2 4 4 5 5 5 5 6 7 
1.300000 95.000000 1 2 2 2 3 4 8 8 8 
1.000000 104.000000 1 2 2 3 4 5 6 9 9 
1.300000 90.000000 1 3 3 5 5 7 7 7 7 
1.300000 94.000000 3 4 5 5 6 6 7 8 9 
1.200000 93.000000 1 2 2 3 3 5 6 7 8 
1.500000 91.000000 2 2 3 4 5 7 7 8 9 
1.100000 96.000000 1 3 3 5 5 5 6 8 9 
1.000000 110.000000 1 1 1 2 3 4 5 7 9 
1.100000 98.000000 1 1 2 2 3 4 8 9 9 
1.100000 103.000000 1 1 2 4 4 6 7 7 9 
1.200000 95.000000 1 2 2 3 4 5 7 8 9 
1.000000 98.000000 1 3 3 5 6 6 7 9 9 
1.000000 97.000000 1 1 2 2 3 3 5 5 8 
1.300000 94.000000 1 2 3 4 5 6 7 7 8 
1.500000 91.000000 2 3 3 5 6 6 7 8 9 
1.200000 97.000000 1 1 4 4 5 8 8 8 9 
1.300000 94.000000 1 2 3 3 6 7 7 8 8 
2.200000 82.000000 2 2 2 3 4 7 7 9 9 
0.900000 106.000000 1 3 3 5 5 6 6 9 9 
1.000000 102.000000 1 1 3 4 6 7 7 7 9 
1.000000 109.000000 1 1 1 2 4 4 6 7 9 
1.500000 91.000000 2 2 3 3 5 6 7 8 9 
1.000000 102.000000 1 1 1 3 4 6 8 9 9 
1.100000 99.000000 1 1 2 3 4 5 5 8 9 
1.000000 97.000000 1 2 3 3 5 5 8 9 9 
1.300000 96.000000 1 2 4 4 5 8 8 8 9 
1.200000 95.000000 1 2 3 3 5 5 6 8 8 
1.300000 95.000000 2 4 4 5 5 6 8 8 9 
1.200000 97.000000 1 1 4 4 6 6 6 8 8 
1.200000 95.000000 1 2 3 4 5 7 7 7 9 
1.200000 95.000000 1 2 2 3 4 6 6 7 9 
1.000000 109.000000 1 1 2 3 4 5 5 6 9 
1.000000 98.000000 1 1 2 3 3 5 5 5 8 
1.100000 100.000000 1 1 2 4 4 7 8 9 9 
1.600000 90.000000 2 2 2 2 3 3 5 8 9 
1.000000 97.000000 1 1 2 3 3 6 6 6 7 
1.400000 93.000000 2 3 4 5 6 6 7 8 9 
1.300000 94.000000 2 3 4 5 5 6 6 8 9 
1.400000 94.000000 2 3 4 7 7 8 8 8 9 
2.400000 81.000000 3 3 5 6 6 7 7 7 9 
1.000000 101.000000 1 1 3 4 5 8 9 9 9 
1.100000 95.000000 1 2 3 3 5 5 6 7 9 
1.300000 95.000000 4 4 5 6 6 6 7 9 9 
1.400000 93.000000 2 4 4 6 7 7 8 9 9 
1.700000 87.000000 2 2 4 4 5 7 7 7 9 
1.100000 98.000000 1 3 4 5 5 5 6 8 9 
1.200000 95.000000 1 2 2 3 4 5 7 8 9 
1.200000 95.000000 1 2 2 3 4 5 7 8 9 
1.500000 93.000000 2 2 2 3 4 5 7 8 8 
1.500000 91.000000 2 2 3 3 5 5 6 7 8 
1.200000 94.000000 1 2 3 3 5 6 6 7 8 
1.100000 98.000000 1 1 2 3 4 6 6 8 9 
1.000000 98.000000 1 1 3 3 5 5 5 7 8 
1.200000 92.000000 1 2 3 3 5 6 6 6 6 
1.300000 95.000000 2 4 4 5 7 8 8 9 9 
1.500000 92.000000 2 3 3 5 6 6 7 8 8 
1.100000 98.000000 1 1 3 4 5 6 7 8 9 
1.300000 94.000000 1 2 3 4 6 6 7 7 8 
1.200000 96.000000 2 3 4 5 5 5 6 9 9 
1.300000 90.000000 1 2 3 3 5 5 6 7 7 
1.000000 106.000000 1 1 2 3 4 6 7 9 9 
1.300000 95.000000 2 4 4 5 5 7 8 8 9 
1.300000 94.000000 3 4 5 6 6 6 8 9 9 
1.000000 96.000000 1 1 2 3 3 6 8 8 9 
1.300000 92.000000 2 2 3 3 5 6 8 9 9 
1.100000 97.000000 1 1 2 2 3 4 7 8 9 
1.200000 97.000000 1 2 4 4 6 7 8 9 9 
1.400000 93.000000 2 4 4 5 7 7 7 8 9 
1.000000 106.000000 1 3 4 5 5 5 6 7 9 
1.200000 96.000000 1 2 3 4 5 6 6 8 9 
1.200000 96.000000 1 1 2 3 4 7 7 7 8 
1.400000 92.000000 2 3 4 6 6 6 6 8 9 
1.300000 92.000000 2 3 3 5 6 6 8 9 9 
1.100000 103.000000 1 2 4 4 5 6 7 9 9 
3.000000 77.000000 2 2 3 3 5 7 7 9 9 
1.200000 94.000000 1 3 3 5 7 7 7 8 9 
1.300000 95.000000 1 2 3 4 5 5 7 8 8 
1.300000 94.000000 1 3 4 6 6 6 7 7 8 
1.500000 89.000000 2 3 4 5 5 5 6 7 9 
1.100000 94.000000 1 2 3 3 6 6 6 9 9 
1.200000 93.000000 1 2 3 3 5 6 7 7 8 
1.200000 96.000000 1 3 4 5 5 6 6 7 8 
1.500000 91.000000 2 2 2 3 4 5 6 6 8 
1.600000 90.000000 2 2 2 3 3 5 6 7 8 
1.500000 91.000000 3 3 5 6 6 6 6 7 8 
1.200000 94.000000 1 3 3 5 6 7 7 8 9 
1.300000 95.000000 1 2 2 4 4 5 6 7 8 
2.000000 83.000000 2 2 2 3 4 5 5 7 9 
1.200000 97.000000 1 1 4 4 6 6 7 8 8 
1.000000 108.000000 1 3 4 5 6 7 9 9 9 
1.300000 95.000000 1 3 3 6 8 8 8 8 8 
1.000000 100.000000 1 1 1 2 3 4 7 8 9 
1.400000 93.000000 2 2 2 2 4 4 6 8 9 
1.100000 102.000000 4 4 5 6 6 6 9 9 9 
1.500000 93.000000 2 3 3 7 7 8 8 8 9 
1.400000 94.000000 3 4 5 5 6 7 8 8 9 
1.100000 99.000000 1 1 2 2 4 4 6 8 9 
1.000000 104.000000 1 1 2 3 4 5 7 7 9 
1.100000 102.000000 1 1 1 4 4 5 5 8 9 
2.000000 80.000000 2 3 3 5 6 6 9 9 9 
1.200000 91.000000 1 2 2 3 3 5 6 7 9 
1.100000 101.000000 1 1 4 4 5 6 8 9 9 
1.100000 98.000000 1 1 2 3 4 6 7 8 9 
1.100000 98.000000 1 2 3 4 5 6 6 7 9 
1.300000 95.000000 1 2 2 2 4 4 5 7 8 
1.500000 93.000000 3 4 6 7 7 7 8 8 8 
1.000000 115.000000 1 1 1 3 3 5 5 5 9 
0.900000 106.000000 1 1 1 3 3 5 6 6 7 
1.400000 94.000000 2 4 4 5 6 6 7 8 8 
1.400000 93.000000 2 2 3 4 5 5 6 8 9 
1.100000 95.000000 1 2 2 3 3 5 5 6 9 
1.100000 97.000000 1 1 3 4 5 6 8 8 9 
1.000000 107.000000 1 1 2 4 4 7 7 9 9 
1.200000 95.000000 1 2 3 4 6 7 7 8 9 
2.400000 81.000000 3 3 5 6 6 7 7 7 9 
1.200000 97.000000 1 4 4 5 7 8 8 9 9 
1.200000 96.000000 1 2 3 4 6 8 8 9 9 
1.200000 96.000000 1 2 3 4 5 5 6 8 9 
1.300000 95.000000 1 3 4 5 6 7 8 8 8 
1.500000 92.000000 2 2 4 4 6 6 6 7 8 
1.300000 94.000000 3 4 5 5 6 6 8 8 9 
1.300000 94.000000 1 2 3 4 7 7 7 8 9 
1.000000 96.000000 1 1 2 3 3 7 7 8 9 
1.000000 114.000000 1 1 2 3 4 5 9 9 9 
1.300000 95.000000 1 2 2 4 4 7 7 8 9 
1.100000 98.000000 1 2 3 4 8 9 9 9 9 
1.400000 94.000000 4 4 5 5 5 6 7 8 8 
1.100000 97.000000 1 3 4 5 6 7 8 9 9 
1.500000 89.000000 2 3 4 5 5 6 6 6 9 
1.300000 94.000000 1 2 2 4 4 6 6 6 7 
1.500000 93.000000 2 3 4 6 6 6 7 8 8 
1.100000 103.000000 1 1 2 4 4 6 7 7 9 
1.300000 95.000000 2 4 4 5 5 7 8 8 9 
1.500000 93.000000 2 3 3 7 7 8 8 8 9 
1.200000 97.000000 1 2 2 4 4 5 5 6 8 
1.400000 92.000000 2 3 3 5 5 6 7 8 9 
1.200000 98.000000 1 1 2 4 4 5 7 7 8 
1.200000 97.000000 1 1 2 2 4 4 6 7 8 
1.100000 98.000000 1 1 3 4 5 6 7 7 8 
1.200000 95.000000 1 3 4 5 7 7 8 8 9 
1.100000 95.000000 1 1 2 3 3 6 7 8 8 
1.400000 93.000000 2 3 4 6 6 6 8 9 9 
1.600000 90.000000 2 2 3 3 6 7 7 8 9 
1.200000 95.000000 1 2 2 2 3 4 5 8 9 
1.300000 95.000000 2 2 4 4 5 5 6 8 9 
1.300000 95.000000 1 3 4 6 7 8 8 8 9 
1.000000 108.000000 1 4 4 5 6 6 6 9 9 
1.400000 94.000000 2 3 4 6 8 8 8 8 9 
1.700000 88.000000 2 4 4 5 6 6 7 7 7 
1.200000 95.000000 1 3 4 6 7 7 7 8 9 
1.300000 93.000000 3 4 5 6 6 7 9 9 9 
1.000000 112.000000 1 1 1 1 2 3 4 6 9 
1.100000 97.000000 1 3 4 7 7 8 9 9 9 
1.500000 93.000000 2 3 3 5 5 6 7 8 8 
1.700000 87.000000 2 4 4 6 6 7 7 7 9 
1.500000 89.000000 2 2 3 4 5 5 6 9 9 
1.200000 95.000000 1 2 3 4 7 7 8 9 9 
1.000000 97.000000 1 1 2 3 3 5 5 6 8 
1.200000 94.000000 1 2 2 3 3 5 7 8 9 
1.000000 107.000000 1 2 4 4 6 7 9 9 9 
0.900000 111.000000 1 1 1 2 2 3 3 9 9 
1.100000 95.000000 1 3 3 5 5 6 7 8 9 
1.100000 100.000000 1 1 4 4 5 7 8 9 9 
1.200000 97.000000 1 2 2 4 4 5 6 6 7 
1.400000 93.000000 2 4 4 6 7 7 8 9 9 
1.000000 102.000000 1 1 2 2 2 3 4 5 7 
1.100000 95.000000 1 2 3 3 5 5 5 7 8 
1.100000 95.000000 1 2 3 3 5 6 7 8 9 
1.000000 109.000000 1 1 3 4 5 5 6 7 9 
1.100000 104.000000 1 1 2 4 4 5 5 7 7 
1.100000 100.000000 1 2 3 4 5 5 6 7 9 
1.300000 96.000000 1 4 4 5 6 8 8 8 9 
0.900000 103.000000 1 1 2 3 3 5 6 7 9 
1.200000 94.000000 1 3 3 6 6 6 7 8 8 
1.200000 93.000000 1 2 2 2 3 3 6 8 9 
1.000000 96.000000 1 1 3 3 6 7 8 8 9 
1.500000 91.000000 2 2 3 3 5 6 7 8 9 
2.100000 83.000000 2 2 2 3 4 5 5 6 7 
1.200000 96.000000 1 2 2 3 4 5 6 8 9 
1.100000 103.000000 1 1 2 4 4 5 6 6 7 
1.200000 96.000000 1 2 3 4 5 5 6 6 8 
1.300000 95.000000 1 2 3 4 5 5 7 8 8 
1.300000 95.000000 1 2 4 4 6 7 8 8 8 
1.400000 93.000000 2 3 4 5 5 6 6 7 8 
1.600000 90.000000 2 2 2 3 3 5 5 6 8 
1.200000 98.000000 1 4 4 5 6 7 8 9 9 
1.300000 94.000000 1 2 3 4 5 6 7 7 8 
0.900000 103.000000 1 1 3 3 6 7 7 9 9 
1.200000 97.000000 1 4 4 5 5 7 7 8 9 
1.300000 95.000000 1 2 2 2 3 4 5 8 8 
1.200000 96.000000 1 4 4 5 7 7 8 8 9 
1.400000 91.000000 2 4 4 7 7 7 9 9 9 
1.200000 97.000000 1 2 4 4 7 7 8 9 9 
1.300000 94.000000 3 4 5 5 5 6 6 8 9 
1.500000 92.000000 2 2 4 4 6 6 6 7 8 
1.000000 104.000000 1 1 3 4 6 6 6 7 9 
1.100000 98.000000 1 1 3 4 5 6 7 8 9 
1.800000 85.000000 2 2 3 4 5 5 6 7 9 
1.400000 94.000000 3 4 5 5 6 7 8 8 9 
1.100000 98.000000 1 1 2 3 4 6 6 8 9 
1.100000 101.000000 1 1 1 2 4 4 5 8 9 
1.300000 95.000000 1 2 3 4 5 6 6 8 8 
1.700000 87.000000 2 3 4 5 5 5 6 6 7 
1.100000 97.000000 1 1 3 4 5 6 8 8 9 
1.200000 97.000000 1 1 4 4 5 6 7 8 8 
1.200000 95.000000 1 3 4 7 7 7 8 9 9 
1.100000 97.000000 1 1 3 4 6 6 7 7 8 
1.000000 100.000000 1 1 1 2 3 4 6 7 8 
1.700000 87.000000 2 2 2 2 4 4 5 6 9 
1.000000 108.000000 1 1 2 3 4 5 5 7 9 
1.300000 94.000000 4 4 5 5 7 7 7 9 9 
1.200000 96.000000 1 3 4 5 8 8 8 9 9 
1.000000 97.000000 1 1 2 3 3 5 6 6 8 
1.200000 96.000000 1 3 4 7 8 8 9 9 9 
1.500000 91.000000 2 2 2 3 4 6 6 6 8 
1.000000 108.000000 1 1 2 4 4 5 6 7 9 
1.600000 88.000000 3 4 5 6 6 7 7 9 9 
1.100000 96.000000 1 3 3 5 6 6 8 9 9 
1.400000 93.000000 2 4 4 5 6 7 7 8 9 
1.800000 82.000000 3 3 5 6 6 7 9 9 9 
1.200000 96.000000 1 4 4 6 7 8 8 9 9 
1.100000 98.000000 1 1 2 2 3 4 5 8 9 
1.200000 96.000000 1 3 4 6 7 8 8 9 9 
1.100000 97.000000 1 1 2 3 4 5 6 8 8 
2.400000 78.000000 2 3 3 5 6 7 9 9 9 
1.100000 98.000000 1 1 2 3 4 7 8 9 9 
0.900000 104.000000 1 2 2 3 3 5 9 9 9 
1.500000 91.000000 2 2 3 3 5 5 6 7 8 
3.000000 78.000000 2 2 2 2 3 3 6 7 9 
2.100000 83.000000 2 2 2 3 4 5 5 6 7 
1.300000 93.000000 1 2 3 4 6 6 6 7 7 
1.300000 94.000000 3 3 5 5 5 5 6 8 8 
1.100000 97.000000 1 1 2 3 4 7 8 8 9 
1.100000 97.000000 1 1 1 2 2 3 4 8 8 
1.400000 94.000000 2 3 4 5 7 8 8 8 9 
1.200000 96.000000 1 2 3 4 5 6 7 8 9 
1.200000 96.000000 1 2 3 4 5 8 8 9 9 
1.100000 97.000000 1 1 3 4 5 6 7 8 8 
1.200000 96.000000 1 2 2 3 4 5 6 8 9 
1.200000 97.000000 1 4 4 5 6 6 8 8 9 
1.200000 93.000000 1 2 2 2 3 3 5 6 8 
1.500000 91.000000 2 2 2 3 4 5 5 7 8 
1.000000 98.000000 1 1 3 3 5 5 5 6 8 
1.100000 98.000000 1 1 2 3 4 5 5 6 8 
1.000000 110.000000 1 1 4 4 5 5 6 7 9 
1.000000 110.000000 1 1 1 2 4 4 5 5 7 
1.400000 93.000000 2 3 4 5 7 7 8 9 9 
1.200000 95.000000 1 2 3 4 5 7 7 8 9 
1.000000 103.000000 1 2 3 4 5 6 7 9 9 
1.300000 93.000000 3 3 5 5 5 6 6 8 9 
1.300000 95.000000 1 2 3 4 5 6 6 8 8 
1.200000 96.000000 1 3 4 5 5 8 8 9 9 
1.300000 93.000000 1 3 4 6 6 6 7 7 7 
1.300000 95.000000 1 2 4 4 6 7 7 8 8 
1.300000 95.000000 1 2 3 4 5 6 7 8 8 
1.000000 108.000000 1 1 3 4 5 7 7 9 9 
1.200000 91.000000 1 2 3 3 6 6 6 7 9 
1.200000 97.000000 1 2 2 4 4 5 6 7 7 
1.700000 89.000000 2 2 3 3 6 6 7 7 8 
1.100000 95.000000 1 3 3 5 5 6 8 8 9 
1.200000 96.000000 1 4 4 5 6 7 8 8 9 
2.000000 82.000000 3 3 5 6 6 6 7 9 9 
0.900000 103.000000 1 1 2 3 3 7 7 9 9 
1.300000 94.000000 1 2 2 3 3 6 7 8 8 
1.300000 90.000000 1 2 2 3 3 5 6 6 7 
1.300000 96.000000 1 4 4 5 5 6 7 8 8 
1.000000 109.000000 1 3 4 6 7 9 9 9 9 
1.000000 100.000000 1 1 1 3 4 6 6 7 8 
1.100000 100.000000 1 1 1 4 4 6 7 7 8 
1.300000 96.000000 1 4 4 5 6 8 8 8 9 
1.100000 99.000000 1 3 4 5 5 7 7 7 9 
1.200000 94.000000 1 2 3 3 5 5 6 7 8 
1.100000 99.000000 1 1 4 4 5 6 6 6 8 
1.600000 89.000000 2 2 4 4 5 5 6 6 7 
1.200000 96.000000 1 2 2 3 4 5 5 5 8 
1.100000 100.000000 1 3 4 5 6 7 7 9 9 
1.300000 94.000000 2 3 4 5 6 6 8 9 9 
1.700000 88.000000 2 4 4 5 5 7 7 7 7 
1.300000 94.000000 2 3 3 5 8 8 8 9 9 
1.500000 93.000000 2 3 3 6 6 8 8 8 9 
1.000000 97.000000 1 1 2 2 3 3 5 6 8 
2.900000 76.000000 2 2 3 3 6 7 9 9 9 
1.300000 94.000000 1 2 3 4 5 6 7 7 8 
1.500000 92.000000 3 4 6 7 7 7 7 8 8 
1.100000 96.000000 1 1 2 3 3 5 7 8 8 
1.600000 88.000000 2 2 4 4 6 7 7 9 9 
1.300000 94.000000 3 4 5 6 7 7 8 9 9 
1.300000 94.000000 3 4 5 6 6 7 8 9 9 
1.300000 95.000000 1 2 3 4 5 6 8 8 8 
1.900000 81.000000 2 3 3 5 5 5 6 9 9 
1.200000 95.000000 1 2 3 3 5 8 8 8 9 
1.200000 98.000000 1 4 4 5 6 7 8 9 9 
1.200000 97.000000 1 2 4 4 5 5 6 7 8 
1.200000 96.000000 1 2 3 4 6 6 8 9 9 
1.300000 93.000000 3 3 5 5 7 7 8 9 9 
1.400000 92.000000 1 2 2 4 4 7 7 7 7 
0.900000 99.000000 1 1 1 2 3 3 5 7 8 
1.100000 102.000000 1 2 4 4 5 5 6 6 6 
1.400000 93.000000 2 4 4 6 7 7 8 9 9 
1.100000 96.000000 1 3 3 5 5 5 5 7 7 
1.300000 95.000000 4 4 5 6 7 8 8 9 9 
1.100000 99.000000 1 1 2 4 4 5 6 7 8 
1.200000 95.000000 1 2 2 3 4 6 7 8 9 
1.300000 93.000000 1 2 2 2 2 3 4 7 8 
1.000000 101.000000 1 1 1 3 4 6 6 8 9 
1.000000 101.000000 1 1 1 2 3 4 6 8 9 
1.100000 101.000000 1 2 2 4 4 5 5 6 6 
1.000000 97.000000 1 1 3 3 6 7 8 9 9 
1.500000 87.000000 1 2 2 3 3 5 7 7 7 
1.600000 90.000000 2 3 3 5 6 6 7 7 8 
2.000000 84.000000 2 3 4 5 6 6 6 7 7 
1.100000 98.000000 1 1 3 4 5 6 7 8 9 
1.400000 94.000000 3 3 6 6 8 8 8 9 9 
1.300000 90.000000 1 3 3 5 6 6 6 7 7 
1.000000 97.000000 1 1 3 3 5 6 7 8 9 
1.400000 93.000000 2 2 2 4 4 6 8 9 9 
1.500000 93.000000 2 2 2 3 3 5 8 8 8 
1.100000 104.000000 1 2 4 4 5 6 6 9 9 
1.100000 98.000000 1 1 1 3 4 5 6 8 8 
1.100000 99.000000 1 2 3 4 6 6 7 9 9 
1.400000 90.000000 2 3 4 5 6 7 9 9 9 
1.200000 95.000000 1 3 3 5 6 6 6 8 8 
1.400000 94.000000 3 4 5 5 6 7 8 8 9 
1.100000 98.000000 1 1 3 4 5 7 7 8 9 
1.100000 97.000000 1 1 2 2 3 4 6 7 8 
1.100000 95.000000 1 3 3 5 7 8 8 9 9 
1.100000 99.000000 1 1 2 2 4 4 7 8 9 
1.200000 96.000000 1 1 2 3 4 5 7 8 8 
1.500000 89.000000 3 4 5 5 6 6 6 7 9 
1.100000 98.000000 1 1 4 4 7 8 8 9 9 
1.200000 97.000000 1 2 4 4 5 6 7 8 9 
1.100000 97.000000 1 1 2 3 4 5 7 7 8 
1.000000 112.000000 1 1 1 2 2 4 4 9 9 
1.000000 105.000000 1 1 1 2 2 3 4 6 7 
1.400000 92.000000 2 2 3 4 5 6 7 8 9 
1.300000 94.000000 3 4 5 5 6 6 8 8 9 
1.600000 88.000000 2 4 4 6 7 7 7 9 9 
1.300000 95.000000 1 2 3 4 6 8 8 8 8 
1.200000 96.000000 1 1 4 4 7 7 8 8 8 
1.400000 93.000000 2 3 4 5 6 6 7 8 9 
1.000000 96.000000 1 1 2 2 3 3 5 7 8 
0.900000 114.000000 1 1 1 3 3 5 6 9 9 
1.100000 98.000000 1 1 3 4 5 6 7 7 8 
1.000000 97.000000 1 1 3 3 5 5 7 7 8 
1.100000 98.000000 1 1 3 4 5 6 7 8 9 
1.100000 97.000000 1 1 2 3 4 7 8 8 9 
1.000000 97.000000 1 1 3 3 8 8 9 9 9 
0.900000 111.000000 1 3 3 5 5 5 6 9 9 
1.200000 95.000000 1 3 3 5 6 7 8 8 9 
1.200000 97.000000 1 4 4 6 7 7 8 9 9 
1.000000 105.000000 1 1 3 4 5 5 6 7 7 
1.100000 101.000000 1 3 4 5 5 6 6 7 9 
1.500000 91.000000 3 4 6 7 7 7 7 8 9 
1.000000 110.000000 1 1 2 4 4 5 5 7 9 
1.500000 92.000000 2 2 3 4 5 5 6 7 8 
1.400000 94.000000 2 4 4 5 5 6 6 6 8 
1.200000 97.000000 1 2 2 4 4 5 6 8 9 
1.200000 96.000000 1 2 3 4 5 5 6 7 7 
1.100000 96.000000 1 1 3 3 5 7 8 8 8 
1.500000 92.000000 2 2 2 3 3 7 8 8 9 
1.200000 96.000000 1 3 4 6 7 8 8 9 9 
1.400000 93.000000 2 2 3 4 5 5 6 6 8 
1.300000 95.000000 1 2 4 4 6 8 8 8 9 
1.100000 97.000000 1 2 3 4 5 6 8 9 9 
1.200000 95.000000 1 2 2 3 4 7 8 9 9 
1.400000 94.000000 2 2 3 4 5 6 8 8 8 
1.100000 96.000000 1 1 3 3 6 6 6 8 8 
1.500000 89.000000 2 3 4 5 5 6 7 9 9 
1.100000 98.000000 1 1 2 2 3 4 5 6 8 
1.500000 91.000000 2 3 4 5 6 7 7 7 8 
1.100000 95.000000 1 2 2 3 3 8 8 9 9 
1.300000 90.000000 1 2 3 3 5 5 6 7 7 
2.900000 79.000000 2 2 3 3 6 7 7 7 9 
1.300000 94.000000 1 2 2 3 4 5 7 7 8 
1.300000 94.000000 3 4 5 6 6 8 8 9 9 
1.300000 94.000000 3 4 5 5 5 7 7 8 9 
1.100000 101.000000 1 3 4 5 5 6 6 7 9 
1.000000 96.000000 1 1 3 3 5 7 8 8 9 
1.400000 93.000000 2 3 4 5 6 6 7 8 8 
1.200000 97.000000 1 3 4 5 5 6 6 8 9 
1.300000 95.000000 1 4 4 6 7 8 8 8 9 
1.200000 95.000000 1 2 3 4 6 7 7 8 9 
1.600000 90.000000 2 3 3 6 7 7 7 8 9 
1.500000 91.000000 2 2 2 3 3 5 6 8 9 
1.500000 92.000000 2 3 4 5 6 6 6 7 8 
1.100000 117.000000 1 4 4 5 5 5 9 9 9 
1.200000 97.000000 1 4 4 5 7 7 8 9 9 
1.000000 100.000000 1 1 1 2 3 4 5 6 8 
1.500000 91.000000 2 3 3 6 6 6 7 8 9 
1.400000 91.000000 3 3 6 6 7 7 8 9 9 
1.200000 97.000000 1 4 4 5 6 6 8 8 9 
1.100000 99.000000 1 2 3 4 6 6 7 9 9 
1.400000 93.000000 2 4 4 5 6 7 7 8 9 
1.300000 94.000000 3 4 5 5 6 6 7 8 9 
2.000000 84.000000 2 2 3 4 5 5 6 6 7 
1.200000 96.000000 1 2 2 4 4 6 6 8 9 
1.200000 96.000000 1 2 3 4 5 5 6 8 8 
1.300000 94.000000 3 4 5 5 6 7 8 9 9 
1.000000 101.000000 1 1 1 3 4 5 6 6 8 
1.500000 92.000000 2 2 4 4 6 6 7 7 8 
1.000000 107.000000 1 1 3 4 6 6 7 9 9 
1.200000 96.000000 1 3 4 5 8 8 8 9 9 
1.300000 95.000000 3 4 6 8 8 8 9 9 9 
1.200000 95.000000 1 2 2 2 3 4 7 9 9 
1.400000 94.000000 2 3 4 5 5 7 8 8 8 
1.100000 100.000000 1 1 4 4 5 6 6 8 9 
1.600000 92.000000 2 3 3 6 7 7 7 8 8 
0.900000 103.000000 1 1 2 2 2 3 3 5 9 
1.400000 91.000000 1 2 2 3 4 6 7 7 7 
1.000000 103.000000 1 1 2 2 3 4 5 6 7 
1.200000 97.000000 1 2 2 4 4 6 7 7 9 
1.100000 98.000000 1 2 3 4 5 6 6 7 9 
1.200000 97.000000 1 3 4 5 5 5 6 6 8 
1.200000 95.000000 1 3 4 5 7 7 8 8 9 
1.200000 92.000000 1 3 3 5 5 6 6 7 7 
1.200000 96.000000 1 2 2 3 4 5 6 8 9 
1.100000 98.000000 1 1 2 3 4 5 6 7 8 
1.000000 112.000000 1 3 4 5 5 5 6 9 9 
1.200000 98.000000 1 2 4 4 5 6 8 9 9 
1.300000 94.000000 1 2 3 4 5 6 7 7 8 
1.100000 97.000000 1 2 3 4 6 8 9 9 9 
1.500000 93.000000 2 3 4 5 6 7 7 8 8 
1.100000 101.000000 1 1 1 2 4 4 6 8 9 
1.800000 85.000000 2 2 3 4 5 5 6 7 9 
1.900000 83.000000 3 3 5 5 5 6 6 7 9 
1.200000 95.000000 1 2 2 2 3 4 5 7 9 
1.200000 96.000000 1 2 3 4 5 6 8 8 9 
1.700000 87.000000 2 2 2 4 4 6 6 6 9 
1.100000 101.000000 1 1 4 4 5 5 6 8 9 
1.000000 96.000000 1 1 3 3 5 7 8 8 9 
1.400000 94.000000 2 4 4 6 7 7 8 8 8 
1.200000 95.000000 1 2 3 4 7 7 8 9 9 
1.000000 101.000000 1 1 1 3 4 5 5 7 8 
1.000000 97.000000 1 1 3 3 5 6 8 8 9 
1.000000 113.000000 1 1 3 4 5 7 9 9 9 
1.000000 99.000000 1 1 1 2 2 3 4 7 8 
1.200000 97.000000 1 4 4 5 6 6 7 8 9 
1.000000 105.000000 1 1 3 4 5 6 7 7 9 
2.700000 79.000000 2 2 2 3 3 6 6 7 9 
1.400000 92.000000 2 2 2 3 4 7 8 9 9 
1.100000 99.000000 1 1 3 4 6 7 8 9 9 
1.400000 92.000000 2 3 3 5 6 7 8 9 9 
1.000000 103.000000 1 2 3 4 5 6 7 9 9 
1.600000 92.000000 3 3 5 6 7 7 7 8 8 
1.200000 97.000000 1 2 4 4 5 6 6 8 9 
1.400000 94.000000 3 4 5 5 6 6 7 8 8 
1.900000 84.000000 2 2 3 4 5 7 7 9 9 
1.300000 94.000000 1 2 2 2 3 4 5 6 8 
1.200000 95.000000 3 4 5 5 7 7 9 9 9 
1.200000 96.000000 1 1 3 4 5 7 7 8 8 
1.500000 91.000000 2 3 3 5 6 6 7 8 9 
1.100000 95.000000 1 3 3 7 8 8 9 9 9 
1.300000 95.000000 1 2 2 3 4 5 7 8 8 
1.000000 101.000000 1 1 3 4 6 8 9 9 9 
1.200000 97.000000 1 2 2 4 4 7 8 9 9 
1.600000 87.000000 2 3 4 5 5 7 7 9 9 
0.900000 99.000000 1 1 1 2 2 3 3 5 8 
1.200000 95.000000 1 2 2 3 4 5 7 8 9 
1.500000 93.000000 2 3 4 5 6 7 7 8 8 
1.000000 113.000000 1 1 1 4 4 6 6 9 9 
1.200000 98.000000 1 2 4 4 5 5 5 8 9 
1.200000 95.000000 1 2 3 4 7 8 8 9 9 
1.700000 90.000000 2 2 3 3 6 6 6 7 8 
1.200000 95.000000 1 2 3 3 5 6 8 8 9 
1.400000 93.000000 2 3 4 5 5 6 7 8 9 
1.700000 88.000000 2 4 4 5 6 6 6 7 7 
1.400000 93.000000 2 3 4 5 6 6 7 8 9 
1.200000 95.000000 1 3 4 5 6 6 7 7 8 
1.300000 95.000000 1 2 3 4 5 6 8 8 8 
1.200000 95.000000 1 3 4 7 7 8 8 9 9 
1.400000 93.000000 2 2 2 4 4 6 7 8 9 
1.200000 95.000000 1 2 3 4 5 7 8 8 9 
1.300000 95.000000 1 4 4 5 7 8 8 8 8 
0.900000 112.000000 1 1 2 3 3 5 5 9 9 
1.300000 95.000000 1 2 3 4 6 8 8 8 9 
1.400000 92.000000 3 3 5 5 6 6 7 8 9 
1.200000 96.000000 1 2 3 4 5 5 6 8 9 
0.900000 101.000000 1 1 2 3 3 5 5 7 7 
1.000000 110.000000 1 1 2 4 4 5 7 9 9 
1.100000 100.000000 1 1 4 4 5 5 7 8 9 
1.300000 92.000000 3 3 6 6 7 8 9 9 9 
2.800000 79.000000 2 3 3 7 7 7 7 9 9 
1.000000 108.000000 1 1 2 3 4 6 6 9 9 
1.000000 107.000000 1 1 2 2 3 4 6 9 9 
1.100000 99.000000 1 1 2 2 4 4 6 8 9 
1.600000 93.000000 3 3 6 7 7 7 8 8 8 
1.200000 96.000000 1 2 2 3 4 5 5 8 9 
1.000000 115.000000 1 2 3 4 5 9 9 9 9 
1.100000 99.000000 1 1 1 4 4 5 6 8 8 
1.100000 99.000000 1 1 2 3 4 5 5 8 9 
1.300000 95.000000 2 2 4 4 5 5 8 8 9 
1.200000 96.000000 1 3 4 5 5 6 7 8 9 
1.500000 92.000000 2 2 3 4 6 7 7 8 8 
1.100000 99.000000 1 3 4 5 7 7 7 9 9 
1.400000 93.000000 2 3 3 7 7 8 8 9 9 
1.200000 95.000000 1 2 3 4 6 6 6 8 9 
1.300000 95.000000 4 4 5 5 6 6 6 8 9 
1.300000 95.000000 1 4 4 5 6 8 8 8 8 
1.000000 97.000000 1 3 3 5 6 7 7 9 9 
2.600000 77.000000 2 2 3 3 6 6 9 9 9 
1.100000 97.000000 1 1 2 3 4 5 8 8 9 
1.400000 92.000000 2 3 4 6 7 7 8 9 9 
1.200000 95.000000 1 2 3 4 5 7 7 7 9 
1.200000 97.000000 2 2 4 4 5 5 6 9 9 
1.300000 94.000000 2 2 3 4 5 6 8 9 9 
1.000000 109.000000 1 2 4 4 5 7 9 9 9 
1.000000 112.000000 1 3 4 5 5 7 9 9 9 
1.000000 97.000000 1 3 3 5 6 8 9 9 9 
1.000000 110.000000 1 3 4 5 6 6 9 9 9 
1.400000 93.000000 2 2 3 4 5 5 6 8 8 
1.400000 94.000000 3 3 5 5 7 8 8 8 9 
1.900000 84.000000 2 2 3 4 5 6 6 7 9 
2.900000 79.000000 2 2 2 2 3 3 6 6 7 
1.100000 95.000000 1 2 3 3 5 6 7 8 9 
1.300000 95.000000 3 4 5 5 5 6 8 8 9 
1.200000 96.000000 1 2 3 4 5 5 6 6 8 
1.100000 98.000000 1 2 3 4 5 5 5 8 9 
1.100000 98.000000 1 3 4 6 7 7 7 9 9 
1.100000 99.000000 1 2 3 4 5 5 7 7 9 
1.100000 101.000000 1 2 2 2 2 4 4 9 9 
1.300000 90.000000 1 2 3 3 5 5 6 7 7 
1.300000 95.000000 4 4 6 6 6 8 8 9 9 
1.000000 103.000000 1 1 2 3 4 5 6 6 7 
1.200000 97.000000 1 2 2 4 4 5 6 8 9 
1.400000 94.000000 3 4 6 8 8 8 8 9 9 
1.200000 96.000000 1 2 2 3 4 6 8 9 9 
1.200000 94.000000 1 2 2 3 3 5 6 8 8 
1.300000 94.000000 3 4 5 6 6 8 8 9 9 
1.500000 90.000000 2 2 2 4 4 5 7 9 9 
1.400000 93.000000 2 2 3 3 6 8 8 9 9 
0.900000 114.000000 1 1 1 3 3 5 6 9 9 
1.200000 95.000000 1 2 2 3 4 7 8 9 9 
1.200000 95.000000 1 2 2 2 2 3 4 5 9 
0.900000 102.000000 1 1 2 2 3 3 5 5 7 
0.900000 99.000000 1 1 1 2 2 3 3 8 9 
1.000000 96.000000 1 1 3 3 6 6 8 8 9 
1.000000 114.000000 1 1 1 2 4 4 5 9 9 
1.000000 104.000000 1 1 2 2 3 4 5 6 6 
1.000000 104.000000 1 1 2 3 4 5 7 7 9 
1.100000 95.000000 1 3 3 5 6 6 6 8 9 
1.300000 95.000000 2 4 4 5 7 8 8 9 9 
1.100000 98.000000 1 1 3 4 6 7 7 8 9 
1.000000 99.000000 1 1 1 2 2 3 4 7 8 
1.200000 96.000000 1 3 4 5 6 6 6 6 7 
1.400000 94.000000 3 4 6 7 7 8 8 8 9 
1.200000 95.000000 1 2 2 2 3 4 5 7 9 
1.100000 97.000000 1 1 2 2 3 4 7 8 9 
1.200000 94.000000 1 3 3 7 7 8 8 8 9 
1.500000 92.000000 2 3 3 6 7 7 8 8 9 
2.100000 82.000000 2 2 2 2 3 4 6 9 9 
2.200000 82.000000 2 2 2 2 3 4 5 5 5 
1.000000 113.000000 1 1 1 2 4 4 5 5 9 
1.100000 98.000000 1 1 2 3 4 6 7 8 9 
1.200000 97.000000 1 2 4 4 5 8 8 9 9 
1.200000 97.000000 1 2 4 4 5 5 7 8 9 
1.000000 107.000000 1 2 2 3 4 5 5 9 9 
1.200000 97.000000 1 2 4 4 5 5 6 6 8 
1.000000 112.000000 1 1 2 3 4 6 9 9 9 
1.300000 94.000000 1 2 2 3 4 7 7 8 9 
1.300000 94.000000 1 2 2 3 4 6 6 7 8 
1.100000 97.000000 1 1 2 3 4 6 6 7 8 
1.200000 97.000000 1 4 4 5 6 6 8 8 9 
1.200000 97.000000 1 4 4 5 5 7 8 8 9 
1.400000 94.000000 4 4 5 5 5 6 7 8 8 
1.400000 92.000000 2 2 3 4 5 6 7 8 9 
1.000000 108.000000 1 1 1 2 3 4 5 6 6 
1.200000 95.000000 1 2 2 3 4 6 6 8 9 
1.300000 95.000000 1 4 4 5 6 6 7 8 8 
1.300000 93.000000 1 2 3 4 5 6 6 7 7 
