1.300000 141.000000 2 2 3 5 5 
1.200000 131.000000 1 1 4 4 5 
1.200000 134.000000 1 2 3 4 4 
1.200000 131.000000 1 1 3 4 4 
1.200000 138.000000 2 2 3 3 4 
1.100000 134.000000 1 2 3 3 5 
1.400000 140.000000 2 2 4 4 5 
1.200000 138.000000 2 2 3 3 4 
1.300000 140.000000 2 2 3 4 5 
1.100000 129.000000 1 1 3 4 5 
1.200000 131.000000 1 1 4 4 5 
1.100000 133.000000 1 2 3 4 5 
1.300000 139.000000 2 2 3 4 4 
1.200000 135.000000 1 2 4 5 5 
1.300000 141.000000 2 2 3 5 5 
1.100000 134.000000 1 2 5 5 5 
1.100000 134.000000 1 2 3 5 5 
1.100000 130.000000 1 1 3 3 5 
1.100000 130.000000 1 1 3 5 5 
1.100000 130.000000 1 1 3 3 5 
1.100000 129.000000 1 1 3 3 4 
1.100000 133.000000 1 2 3 4 5 
1.100000 129.000000 1 1 3 4 5 
1.100000 134.000000 1 2 5 5 5 
1.100000 134.000000 1 2 5 5 5 
1.100000 134.000000 1 2 3 3 5 
1.100000 129.000000 1 1 3 4 5 
1.200000 135.000000 1 2 4 5 5 
1.100000 134.000000 1 2 3 5 5 
1.100000 131.000000 1 1 5 5 5 
1.200000 131.000000 1 1 4 4 4 
1.100000 134.000000 1 2 5 5 5 
1.300000 139.000000 2 2 3 4 4 
1.100000 133.000000 1 2 3 4 5 
1.300000 140.000000 2 2 3 4 5 
1.200000 131.000000 1 1 4 4 5 
1.200000 131.000000 1 1 3 4 4 
1.400000 140.000000 2 2 4 4 5 
1.100000 132.000000 1 2 3 3 4 
1.300000 139.000000 2 2 3 4 4 
1.300000 140.000000 2 2 3 4 5 
1.100000 130.000000 1 1 3 3 5 
1.400000 141.000000 2 2 4 5 5 
1.200000 133.000000 1 2 4 4 4 
1.200000 131.000000 1 1 3 4 4 
1.200000 131.000000 1 1 4 4 4 
1.100000 130.000000 1 1 3 3 5 
1.100000 133.000000 1 2 3 4 5 
1.300000 140.000000 2 2 3 4 5 
1.100000 133.000000 1 2 3 4 5 
1.100000 130.000000 1 1 3 5 5 
1.300000 140.000000 2 2 3 4 5 
1.100000 134.000000 1 2 3 3 5 
1.100000 129.000000 1 1 3 4 5 
1.200000 134.000000 1 2 4 4 5 
1.100000 132.000000 1 2 3 3 4 
1.200000 133.000000 1 2 4 4 4 
1.200000 134.000000 1 2 4 4 5 
1.200000 131.000000 1 1 4 4 5 
1.200000 134.000000 1 2 3 4 4 
1.100000 129.000000 1 1 3 3 4 
1.100000 129.000000 1 1 3 4 5 
1.100000 134.000000 1 2 3 3 5 
1.100000 134.000000 1 2 3 3 5 
1.100000 134.000000 1 2 3 3 5 
1.100000 129.000000 1 1 3 3 4 
1.100000 133.000000 1 2 3 4 5 
1.200000 135.000000 1 2 4 5 5 
1.100000 129.000000 1 1 3 4 5 
1.200000 139.000000 2 2 3 3 3 
1.100000 129.000000 1 1 3 4 5 
1.100000 134.000000 1 2 3 5 5 
1.200000 131.000000 1 1 4 4 4 
1.100000 134.000000 1 2 3 5 5 
1.100000 132.000000 1 2 3 3 4 
1.100000 132.000000 1 2 3 3 4 
1.300000 140.000000 2 2 3 4 5 
1.300000 141.000000 2 2 3 5 5 
1.100000 130.000000 1 1 3 5 5 
1.300000 140.000000 2 2 3 4 5 
1.300000 140.000000 2 2 3 4 5 
1.200000 132.000000 1 1 4 5 5 
1.100000 132.000000 1 2 3 3 4 
1.400000 141.000000 2 2 4 5 5 
1.300000 141.000000 2 2 3 5 5 
1.100000 130.000000 1 1 3 5 5 
1.300000 140.000000 2 2 3 4 5 
1.100000 133.000000 1 2 3 3 3 
1.100000 133.000000 1 2 3 4 5 
1.200000 138.000000 2 2 3 3 4 
1.100000 133.000000 1 2 3 4 5 
1.200000 134.000000 1 2 4 4 5 
1.200000 134.000000 1 2 3 4 4 
1.100000 133.000000 1 2 3 3 3 
1.200000 139.000000 2 2 3 3 5 
1.200000 134.000000 1 2 3 4 4 
1.100000 133.000000 1 2 3 3 3 
1.200000 131.000000 1 1 4 4 5 
1.100000 131.000000 1 1 5 5 5 
1.100000 132.000000 1 2 3 3 4 
1.200000 134.000000 1 2 4 4 5 
1.200000 138.000000 2 2 3 3 4 
1.200000 133.000000 1 2 4 4 4 
1.100000 129.000000 1 1 3 4 5 
1.100000 133.000000 1 2 3 4 5 
1.200000 138.000000 2 2 3 3 4 
1.100000 133.000000 1 2 3 4 5 
1.100000 130.000000 1 1 3 5 5 
1.100000 133.000000 1 2 3 3 3 
1.200000 133.000000 1 2 4 4 4 
1.200000 131.000000 1 1 4 4 4 
1.200000 131.000000 1 1 4 4 5 
1.100000 134.000000 1 2 3 3 5 
1.100000 133.000000 1 2 3 4 5 
1.100000 129.000000 1 1 3 3 4 
1.200000 138.000000 2 2 3 3 4 
1.200000 131.000000 1 1 4 4 4 
1.200000 134.000000 1 2 3 4 4 
1.100000 134.000000 1 2 3 5 5 
1.300000 139.000000 2 2 3 4 4 
1.100000 130.000000 1 1 3 3 5 
1.100000 133.000000 1 2 3 4 5 
1.100000 133.000000 1 2 3 4 5 
1.200000 139.000000 2 2 3 3 5 
1.100000 131.000000 1 1 5 5 5 
1.200000 134.000000 1 2 3 4 4 
1.200000 139.000000 2 2 3 3 5 
1.100000 134.000000 1 2 3 5 5 
1.100000 134.000000 1 2 3 3 5 
1.200000 131.000000 1 1 3 4 4 
1.200000 134.000000 1 2 4 4 5 
1.400000 140.000000 2 2 4 4 5 
1.100000 134.000000 1 2 3 3 5 
1.200000 134.000000 1 2 3 4 4 
1.100000 134.000000 1 2 3 5 5 
1.100000 134.000000 1 2 5 5 5 
1.100000 132.000000 1 2 3 3 4 
1.100000 133.000000 1 2 3 4 5 
1.100000 134.000000 1 2 3 5 5 
1.200000 132.000000 1 1 4 5 5 
1.200000 135.000000 1 2 4 5 5 
1.200000 133.000000 1 2 4 4 4 
1.200000 135.000000 1 2 4 5 5 
1.100000 129.000000 1 1 3 3 4 
1.200000 132.000000 1 1 4 5 5 
1.100000 133.000000 1 2 3 4 5 
1.300000 140.000000 2 2 3 4 5 
1.200000 138.000000 2 2 3 3 4 
1.200000 134.000000 1 2 4 4 5 
1.400000 142.000000 2 2 5 5 5 
1.200000 132.000000 1 1 4 5 5 
1.200000 131.000000 1 1 4 4 5 
1.200000 139.000000 2 2 3 3 5 
1.300000 140.000000 2 2 3 4 5 
1.100000 133.000000 1 2 3 4 5 
1.100000 130.000000 1 1 3 5 5 
1.200000 139.000000 2 2 3 3 3 
1.200000 131.000000 1 1 4 4 5 
1.100000 133.000000 1 2 3 4 5 
1.200000 134.000000 1 2 4 4 5 
1.200000 134.000000 1 2 3 4 4 
1.300000 141.000000 2 2 3 5 5 
1.200000 131.000000 1 1 4 4 5 
1.100000 129.000000 1 1 3 3 4 
1.200000 132.000000 1 1 4 5 5 
1.100000 133.000000 1 2 3 4 5 
1.100000 133.000000 1 2 3 4 5 
1.100000 132.000000 1 2 3 3 4 
1.200000 138.000000 2 2 3 3 4 
1.400000 141.000000 2 2 4 5 5 
1.200000 134.000000 1 2 4 4 5 
1.200000 131.000000 1 1 4 4 4 
1.100000 134.000000 1 2 5 5 5 
1.300000 141.000000 2 2 3 5 5 
1.300000 139.000000 2 2 3 4 4 
1.100000 129.000000 1 1 3 3 3 
1.100000 134.000000 1 2 3 3 5 
1.100000 134.000000 1 2 3 5 5 
1.100000 133.000000 1 2 3 4 5 
1.100000 129.000000 1 1 3 3 4 
1.200000 134.000000 1 2 3 4 4 
1.400000 140.000000 2 2 4 4 5 
1.100000 134.000000 1 2 3 5 5 
1.100000 132.000000 1 2 3 3 4 
1.100000 130.000000 1 1 3 5 5 
1.200000 135.000000 1 2 4 5 5 
1.100000 134.000000 1 2 3 3 5 
1.100000 133.000000 1 2 3 4 5 
1.200000 135.000000 1 2 4 5 5 
1.100000 129.000000 1 1 3 3 4 
1.300000 141.000000 2 2 3 5 5 
1.200000 135.000000 1 2 4 5 5 
1.100000 134.000000 1 2 3 5 5 
1.100000 134.000000 1 2 3 3 5 
1.100000 134.000000 1 2 3 5 5 
1.300000 140.000000 2 2 3 4 5 
1.100000 129.000000 1 1 3 3 4 
1.100000 134.000000 1 2 3 3 5 
1.200000 138.000000 2 2 3 3 4 
1.200000 134.000000 1 2 3 4 4 
1.100000 132.000000 1 2 3 3 4 
1.300000 140.000000 2 2 3 4 5 
1.300000 140.000000 2 2 3 4 5 
1.200000 134.000000 1 2 4 4 5 
1.100000 129.000000 1 1 3 4 5 
1.100000 134.000000 1 2 3 5 5 
1.200000 132.000000 1 1 4 5 5 
1.400000 142.000000 2 2 5 5 5 
1.200000 133.000000 1 2 4 4 4 
1.100000 129.000000 1 1 3 4 5 
1.200000 133.000000 1 2 4 4 4 
1.100000 134.000000 1 2 3 5 5 
1.200000 134.000000 1 2 4 4 5 
1.200000 135.000000 1 2 4 5 5 
1.400000 142.000000 2 2 5 5 5 
1.400000 141.000000 2 2 4 5 5 
1.200000 131.000000 1 1 4 4 5 
1.200000 134.000000 1 2 4 4 5 
1.200000 131.000000 1 1 3 4 4 
1.100000 133.000000 1 2 3 4 5 
1.100000 130.000000 1 1 3 3 5 
1.100000 129.000000 1 1 3 4 5 
1.200000 132.000000 1 1 4 5 5 
1.300000 139.000000 2 2 3 4 4 
1.200000 131.000000 1 1 4 4 5 
1.400000 141.000000 2 2 4 5 5 
1.300000 139.000000 2 2 3 4 4 
1.100000 132.000000 1 2 3 3 4 
1.200000 134.000000 1 2 3 4 4 
1.200000 134.000000 1 2 3 4 4 
1.100000 129.000000 1 1 3 4 5 
1.200000 134.000000 1 2 3 4 4 
1.100000 133.000000 1 2 3 4 5 
1.100000 129.000000 1 1 3 4 5 
1.200000 134.000000 1 2 3 4 4 
1.100000 130.000000 1 1 3 5 5 
1.300000 141.000000 2 2 3 5 5 
1.100000 129.000000 1 1 3 4 5 
1.300000 139.000000 2 2 3 4 4 
1.200000 133.000000 1 2 4 4 4 
1.100000 134.000000 1 2 3 3 5 
1.100000 134.000000 1 2 5 5 5 
1.400000 140.000000 2 2 4 4 5 
1.100000 133.000000 1 2 3 4 5 
1.100000 133.000000 1 2 3 4 5 
1.100000 134.000000 1 2 3 3 5 
1.400000 140.000000 2 2 4 4 5 
1.100000 134.000000 1 2 3 3 5 
1.200000 134.000000 1 2 4 4 5 
1.400000 141.000000 2 2 4 5 5 
1.100000 129.000000 1 1 3 3 4 
1.100000 134.000000 1 2 3 3 5 
1.200000 135.000000 1 2 4 5 5 
1.100000 129.000000 1 1 3 4 5 
1.100000 129.000000 1 1 3 4 5 
1.100000 129.000000 1 1 3 3 4 
1.200000 135.000000 1 2 4 5 5 
1.100000 134.000000 1 2 3 5 5 
1.100000 130.000000 1 1 3 5 5 
1.200000 132.000000 1 1 4 5 5 
1.100000 129.000000 1 1 3 3 3 
1.300000 141.000000 2 2 3 5 5 
1.200000 134.000000 1 2 4 4 5 
1.100000 133.000000 1 2 3 4 5 
1.200000 135.000000 1 2 4 5 5 
1.200000 131.000000 1 1 3 4 4 
1.200000 139.000000 2 2 3 3 3 
1.100000 134.000000 1 2 3 3 5 
1.100000 132.000000 1 2 3 3 4 
1.100000 134.000000 1 2 3 3 5 
1.200000 131.000000 1 1 4 4 5 
1.300000 138.000000 2 2 4 4 4 
1.300000 140.000000 2 2 3 4 5 
1.100000 134.000000 1 2 3 5 5 
1.100000 134.000000 1 2 5 5 5 
1.100000 133.000000 1 2 3 4 5 
1.400000 140.000000 2 2 4 4 5 
1.100000 134.000000 1 2 3 5 5 
1.100000 129.000000 1 1 3 4 5 
1.200000 134.000000 1 2 4 4 5 
1.200000 131.000000 1 1 4 4 5 
1.100000 133.000000 1 2 3 4 5 
1.200000 135.000000 1 2 4 5 5 
1.100000 133.000000 1 2 3 4 5 
1.200000 134.000000 1 2 3 4 4 
1.200000 134.000000 1 2 4 4 5 
1.100000 130.000000 1 1 3 3 5 
1.200000 131.000000 1 1 4 4 5 
1.200000 132.000000 1 1 4 5 5 
1.100000 129.000000 1 1 3 4 5 
1.100000 133.000000 1 2 3 4 5 
1.100000 129.000000 1 1 3 3 4 
1.300000 139.000000 2 2 3 4 4 
1.100000 133.000000 1 2 3 3 3 
1.400000 140.000000 2 2 4 4 5 
1.300000 141.000000 2 2 3 5 5 
1.100000 130.000000 1 1 3 3 5 
1.100000 133.000000 1 2 3 3 3 
1.100000 129.000000 1 1 3 4 5 
1.300000 139.000000 2 2 3 4 4 
1.200000 139.000000 2 2 3 3 3 
1.100000 134.000000 1 2 3 3 5 
1.100000 130.000000 1 1 3 5 5 
1.100000 129.000000 1 1 3 4 5 
1.100000 131.000000 1 1 5 5 5 
1.300000 141.000000 2 2 3 5 5 
1.400000 141.000000 2 2 4 5 5 
1.400000 142.000000 2 2 5 5 5 
1.200000 134.000000 1 2 3 4 4 
1.200000 132.000000 1 1 4 5 5 
1.300000 140.000000 2 2 3 4 5 
1.300000 141.000000 2 2 3 5 5 
1.200000 135.000000 1 2 4 5 5 
1.100000 133.000000 1 2 3 4 5 
1.100000 132.000000 1 2 3 3 4 
1.100000 134.000000 1 2 3 3 5 
1.200000 134.000000 1 2 4 4 5 
1.200000 132.000000 1 1 4 5 5 
1.200000 131.000000 1 1 4 4 4 
1.200000 134.000000 1 2 4 4 5 
1.200000 131.000000 1 1 4 4 4 
1.100000 134.000000 1 2 3 3 5 
1.200000 131.000000 1 1 3 4 4 
1.100000 133.000000 1 2 3 4 5 
1.100000 134.000000 1 2 3 3 5 
1.100000 129.000000 1 1 3 3 4 
1.100000 133.000000 1 2 3 4 5 
1.100000 129.000000 1 1 3 3 3 
1.300000 140.000000 2 2 3 4 5 
1.200000 134.000000 1 2 4 4 5 
1.100000 133.000000 1 2 3 4 5 
1.200000 135.000000 1 2 4 5 5 
1.200000 135.000000 1 2 4 5 5 
1.200000 133.000000 1 2 4 4 4 
1.200000 134.000000 1 2 3 4 4 
1.100000 133.000000 1 2 3 4 5 
1.100000 134.000000 1 2 3 5 5 
1.200000 135.000000 1 2 4 5 5 
1.100000 134.000000 1 2 3 5 5 
1.300000 139.000000 2 2 3 4 4 
1.200000 138.000000 2 2 3 3 4 
1.100000 134.000000 1 2 5 5 5 
1.100000 132.000000 1 2 3 3 4 
1.200000 132.000000 1 1 4 5 5 
1.100000 134.000000 1 2 3 5 5 
1.100000 130.000000 1 1 3 5 5 
1.200000 133.000000 1 2 4 4 4 
1.300000 141.000000 2 2 3 5 5 
1.300000 141.000000 2 2 3 5 5 
1.100000 130.000000 1 1 3 3 5 
1.200000 134.000000 1 2 4 4 5 
1.100000 133.000000 1 2 3 4 5 
1.100000 132.000000 1 2 3 3 4 
1.100000 129.000000 1 1 3 4 5 
1.200000 132.000000 1 1 4 5 5 
1.300000 140.000000 2 2 3 4 5 
1.100000 132.000000 1 2 3 3 4 
1.100000 129.000000 1 1 3 4 5 
1.400000 141.000000 2 2 4 5 5 
1.100000 134.000000 1 2 3 3 5 
1.200000 131.000000 1 1 3 4 4 
1.100000 133.000000 1 2 3 4 5 
1.200000 131.000000 1 1 4 4 5 
1.200000 131.000000 1 1 4 4 4 
1.200000 134.000000 1 2 3 4 4 
1.100000 132.000000 1 2 3 3 4 
1.300000 139.000000 2 2 3 4 4 
1.200000 139.000000 2 2 3 3 5 
1.100000 133.000000 1 2 3 4 5 
1.200000 134.000000 1 2 4 4 5 
1.100000 132.000000 1 2 3 3 4 
1.100000 133.000000 1 2 3 4 5 
1.200000 134.000000 1 2 3 4 4 
1.100000 134.000000 1 2 3 5 5 
1.100000 134.000000 1 2 3 5 5 
1.200000 134.000000 1 2 4 4 5 
1.100000 134.000000 1 2 3 5 5 
1.100000 134.000000 1 2 3 3 5 
1.100000 133.000000 1 2 3 4 5 
1.100000 132.000000 1 2 3 3 4 
1.200000 134.000000 1 2 3 4 4 
1.200000 134.000000 1 2 4 4 5 
1.100000 132.000000 1 2 3 3 4 
1.100000 129.000000 1 1 3 3 4 
1.300000 140.000000 2 2 3 4 5 
1.100000 129.000000 1 1 3 4 5 
1.100000 132.000000 1 2 3 3 4 
1.100000 131.000000 1 1 5 5 5 
1.100000 134.000000 1 2 3 5 5 
1.400000 140.000000 2 2 4 4 5 
1.200000 134.000000 1 2 3 4 4 
1.400000 141.000000 2 2 4 5 5 
1.200000 133.000000 1 2 4 4 4 
1.200000 133.000000 1 2 4 4 4 
1.400000 141.000000 2 2 4 5 5 
1.200000 135.000000 1 2 4 5 5 
1.200000 134.000000 1 2 4 4 5 
1.200000 134.000000 1 2 4 4 5 
1.100000 134.000000 1 2 3 3 5 
1.100000 134.000000 1 2 3 5 5 
1.200000 134.000000 1 2 4 4 5 
1.100000 129.000000 1 1 3 3 4 
1.100000 129.000000 1 1 3 3 3 
1.300000 140.000000 2 2 3 4 5 
1.300000 141.000000 2 2 3 5 5 
1.100000 129.000000 1 1 3 3 4 
1.100000 130.000000 1 1 3 5 5 
1.200000 131.000000 1 1 3 4 4 
1.100000 129.000000 1 1 3 3 4 
1.200000 135.000000 1 2 4 5 5 
1.300000 140.000000 2 2 3 4 5 
1.200000 132.000000 1 1 4 5 5 
1.100000 130.000000 1 1 3 3 5 
1.400000 141.000000 2 2 4 5 5 
1.300000 140.000000 2 2 3 4 5 
1.100000 129.000000 1 1 3 4 5 
1.100000 130.000000 1 1 3 3 5 
1.400000 141.000000 2 2 4 5 5 
1.400000 140.000000 2 2 4 4 5 
1.400000 141.000000 2 2 4 5 5 
1.200000 135.000000 1 2 4 5 5 
1.200000 139.000000 2 2 3 3 5 
1.100000 133.000000 1 2 3 4 5 
1.200000 135.000000 1 2 4 5 5 
1.100000 132.000000 1 2 3 3 4 
1.100000 130.000000 1 1 3 3 5 
1.100000 133.000000 1 2 3 3 3 
1.200000 138.000000 2 2 3 3 4 
1.400000 141.000000 2 2 4 5 5 
1.200000 139.000000 2 2 3 3 5 
1.100000 134.000000 1 2 3 5 5 
1.100000 130.000000 1 1 3 3 5 
1.100000 129.000000 1 1 3 3 4 
1.200000 135.000000 1 2 4 5 5 
1.100000 132.000000 1 2 3 3 4 
1.200000 131.000000 1 1 4 4 5 
1.100000 129.000000 1 1 3 4 5 
1.300000 139.000000 2 2 3 4 4 
1.200000 131.000000 1 1 3 4 4 
1.200000 135.000000 1 2 4 5 5 
1.300000 139.000000 2 2 3 4 4 
1.200000 134.000000 1 2 3 4 4 
1.100000 132.000000 1 2 3 3 4 
1.200000 134.000000 1 2 4 4 5 
1.200000 134.000000 1 2 4 4 5 
1.100000 132.000000 1 2 3 3 4 
1.100000 133.000000 1 2 3 4 5 
1.200000 134.000000 1 2 3 4 4 
1.200000 134.000000 1 2 3 4 4 
1.200000 132.000000 1 1 4 5 5 
1.100000 130.000000 1 1 3 5 5 
1.100000 129.000000 1 1 3 3 4 
1.200000 134.000000 1 2 3 4 4 
1.200000 135.000000 1 2 4 5 5 
1.300000 140.000000 2 2 3 4 5 
1.200000 134.000000 1 2 3 4 4 
1.200000 131.000000 1 1 4 4 5 
1.100000 129.000000 1 1 3 4 5 
1.200000 132.000000 1 1 4 5 5 
1.100000 129.000000 1 1 3 3 3 
1.100000 133.000000 1 2 3 4 5 
1.100000 130.000000 1 1 3 3 5 
1.100000 129.000000 1 1 3 4 5 
1.100000 129.000000 1 1 3 3 4 
1.100000 131.000000 1 1 5 5 5 
1.100000 133.000000 1 2 3 4 5 
1.100000 134.000000 1 2 5 5 5 
1.300000 141.000000 2 2 3 5 5 
1.200000 134.000000 1 2 4 4 5 
1.200000 134.000000 1 2 3 4 4 
1.300000 140.000000 2 2 3 4 5 
1.100000 134.000000 1 2 5 5 5 
1.300000 140.000000 2 2 3 4 5 
1.100000 133.000000 1 2 3 4 5 
1.100000 129.000000 1 1 3 3 4 
1.300000 140.000000 2 2 3 4 5 
1.300000 139.000000 2 2 3 4 4 
1.100000 130.000000 1 1 3 5 5 
1.100000 133.000000 1 2 3 3 3 
1.200000 139.000000 2 2 3 3 3 
1.100000 133.000000 1 2 3 4 5 
1.300000 140.000000 2 2 3 4 5 
1.300000 140.000000 2 2 3 4 5 
1.100000 134.000000 1 2 3 5 5 
1.100000 130.000000 1 1 3 5 5 
1.200000 134.000000 1 2 3 4 4 
1.300000 139.000000 2 2 3 4 4 
1.200000 135.000000 1 2 4 5 5 
1.100000 134.000000 1 2 3 3 5 
1.300000 138.000000 2 2 4 4 4 
1.100000 129.000000 1 1 3 3 4 
1.100000 130.000000 1 1 3 5 5 
1.100000 134.000000 1 2 3 3 5 
1.100000 129.000000 1 1 3 3 4 
1.100000 133.000000 1 2 3 4 5 
1.100000 133.000000 1 2 3 3 3 
1.100000 134.000000 1 2 3 3 5 
1.300000 140.000000 2 2 3 4 5 
1.100000 130.000000 1 1 3 5 5 
1.400000 142.000000 2 2 5 5 5 
1.100000 134.000000 1 2 3 3 5 
1.100000 132.000000 1 2 3 3 4 
1.300000 141.000000 2 2 3 5 5 
1.300000 141.000000 2 2 3 5 5 
1.200000 132.000000 1 1 4 5 5 
1.100000 134.000000 1 2 3 5 5 
1.100000 132.000000 1 2 3 3 4 
1.100000 133.000000 1 2 3 4 5 
1.100000 131.000000 1 1 5 5 5 
1.200000 139.000000 2 2 3 3 3 
1.200000 131.000000 1 1 4 4 5 
1.100000 133.000000 1 2 3 3 3 
1.300000 140.000000 2 2 3 4 5 
1.100000 129.000000 1 1 3 4 5 
1.200000 138.000000 2 2 3 3 4 
1.200000 132.000000 1 1 4 5 5 
1.100000 134.000000 1 2 3 3 5 
1.200000 135.000000 1 2 4 5 5 
1.100000 134.000000 1 2 3 5 5 
1.400000 140.000000 2 2 4 4 5 
1.100000 131.000000 1 1 5 5 5 
1.100000 133.000000 1 2 3 4 5 
1.100000 129.000000 1 1 3 4 5 
1.200000 132.000000 1 1 4 5 5 
1.100000 133.000000 1 2 3 4 5 
1.200000 139.000000 2 2 3 3 5 
1.100000 133.000000 1 2 3 4 5 
1.100000 133.000000 1 2 3 4 5 
1.200000 134.000000 1 2 3 4 4 
1.100000 133.000000 1 2 3 4 5 
1.100000 134.000000 1 2 3 5 5 
1.100000 134.000000 1 2 3 3 5 
1.200000 135.000000 1 2 4 5 5 
1.300000 140.000000 2 2 3 4 5 
1.100000 134.000000 1 2 3 3 5 
1.200000 131.000000 1 1 4 4 5 
1.200000 135.000000 1 2 4 5 5 
1.100000 134.000000 1 2 3 5 5 
1.300000 139.000000 2 2 3 4 4 
1.100000 130.000000 1 1 3 3 5 
1.200000 138.000000 2 2 3 3 4 
1.200000 139.000000 2 2 3 3 5 
1.400000 141.000000 2 2 4 5 5 
1.200000 134.000000 1 2 3 4 4 
1.200000 135.000000 1 2 4 5 5 
1.300000 140.000000 2 2 3 4 5 
1.100000 129.000000 1 1 3 3 4 
1.100000 129.000000 1 1 3 4 5 
1.400000 141.000000 2 2 4 5 5 
1.400000 140.000000 2 2 4 4 5 
1.200000 134.000000 1 2 4 4 5 
1.300000 140.000000 2 2 3 4 5 
1.200000 134.000000 1 2 4 4 5 
1.100000 134.000000 1 2 3 3 5 
1.200000 134.000000 1 2 4 4 5 
1.200000 131.000000 1 1 3 4 4 
1.100000 133.000000 1 2 3 4 5 
1.100000 134.000000 1 2 3 5 5 
1.200000 134.000000 1 2 4 4 5 
1.100000 133.000000 1 2 3 3 3 
1.200000 139.000000 2 2 3 3 3 
1.100000 133.000000 1 2 3 4 5 
1.200000 139.000000 2 2 3 3 5 
1.100000 129.000000 1 1 3 4 5 
1.200000 134.000000 1 2 3 4 4 
1.100000 132.000000 1 2 3 3 4 
1.100000 133.000000 1 2 3 4 5 
1.100000 133.000000 1 2 3 3 3 
1.300000 139.000000 2 2 3 4 4 
1.100000 132.000000 1 2 3 3 4 
1.200000 134.000000 1 2 3 4 4 
1.100000 134.000000 1 2 5 5 5 
1.200000 135.000000 1 2 4 5 5 
1.100000 129.000000 1 1 3 4 5 
1.200000 131.000000 1 1 4 4 5 
1.300000 138.000000 2 2 4 4 4 
1.100000 133.000000 1 2 3 4 5 
1.200000 134.000000 1 2 4 4 5 
1.400000 140.000000 2 2 4 4 5 
1.200000 134.000000 1 2 3 4 4 
1.100000 131.000000 1 1 5 5 5 
1.300000 140.000000 2 2 3 4 5 
1.100000 129.000000 1 1 3 3 3 
1.100000 129.000000 1 1 3 4 5 
1.100000 134.000000 1 2 3 5 5 
1.400000 141.000000 2 2 4 5 5 
1.100000 130.000000 1 1 3 5 5 
1.100000 129.000000 1 1 3 3 4 
1.200000 139.000000 2 2 3 3 5 
1.400000 141.000000 2 2 4 5 5 
1.100000 134.000000 1 2 5 5 5 
1.100000 130.000000 1 1 3 3 5 
1.200000 134.000000 1 2 4 4 5 
1.200000 133.000000 1 2 4 4 4 
1.300000 140.000000 2 2 3 4 5 
1.100000 133.000000 1 2 3 3 3 
1.100000 134.000000 1 2 3 3 5 
1.200000 134.000000 1 2 4 4 5 
1.200000 132.000000 1 1 4 5 5 
1.200000 134.000000 1 2 3 4 4 
1.300000 141.000000 2 2 3 5 5 
1.200000 132.000000 1 1 4 5 5 
1.100000 133.000000 1 2 3 4 5 
1.100000 132.000000 1 2 3 3 4 
1.200000 138.000000 2 2 3 3 4 
1.300000 140.000000 2 2 3 4 5 
1.300000 140.000000 2 2 3 4 5 
1.400000 140.000000 2 2 4 4 5 
1.200000 135.000000 1 2 4 5 5 
1.100000 129.000000 1 1 3 3 4 
1.200000 131.000000 1 1 3 4 4 
1.100000 130.000000 1 1 3 5 5 
1.300000 140.000000 2 2 3 4 5 
1.100000 133.000000 1 2 3 4 5 
1.200000 131.000000 1 1 3 4 4 
1.100000 133.000000 1 2 3 3 3 
1.100000 134.000000 1 2 3 5 5 
1.100000 132.000000 1 2 3 3 4 
1.100000 134.000000 1 2 5 5 5 
1.200000 135.000000 1 2 4 5 5 
1.100000 132.000000 1 2 3 3 4 
1.200000 134.000000 1 2 3 4 4 
1.300000 141.000000 2 2 3 5 5 
1.100000 129.000000 1 1 3 3 4 
1.100000 134.000000 1 2 3 3 5 
1.300000 140.000000 2 2 3 4 5 
1.200000 131.000000 1 1 4 4 5 
1.200000 132.000000 1 1 4 5 5 
1.200000 134.000000 1 2 4 4 5 
1.200000 138.000000 2 2 3 3 4 
1.400000 140.000000 2 2 4 4 5 
1.400000 142.000000 2 2 5 5 5 
1.200000 135.000000 1 2 4 5 5 
1.100000 129.000000 1 1 3 3 4 
1.100000 134.000000 1 2 3 3 5 
1.200000 131.000000 1 1 3 4 4 
1.100000 129.000000 1 1 3 4 5 
1.200000 131.000000 1 1 3 4 4 
1.200000 138.000000 2 2 3 3 4 
1.200000 134.000000 1 2 4 4 5 
1.200000 134.000000 1 2 3 4 4 
1.100000 134.000000 1 2 3 3 5 
1.200000 135.000000 1 2 4 5 5 
1.100000 130.000000 1 1 3 5 5 
1.200000 138.000000 2 2 3 3 4 
1.200000 131.000000 1 1 4 4 5 
1.100000 129.000000 1 1 3 3 4 
1.300000 141.000000 2 2 3 5 5 
1.200000 138.000000 2 2 3 3 4 
1.100000 133.000000 1 2 3 4 5 
1.100000 133.000000 1 2 3 3 3 
1.100000 134.000000 1 2 3 5 5 
1.200000 134.000000 1 2 4 4 5 
1.300000 139.000000 2 2 3 4 4 
1.200000 135.000000 1 2 4 5 5 
1.100000 132.000000 1 2 3 3 4 
1.200000 134.000000 1 2 3 4 4 
1.200000 134.000000 1 2 4 4 5 
1.300000 140.000000 2 2 3 4 5 
1.100000 130.000000 1 1 3 3 5 
1.400000 140.000000 2 2 4 4 5 
1.200000 134.000000 1 2 4 4 5 
1.100000 134.000000 1 2 3 3 5 
1.300000 141.000000 2 2 3 5 5 
1.100000 134.000000 1 2 3 5 5 
1.100000 130.000000 1 1 3 3 5 
1.100000 134.000000 1 2 3 5 5 
1.100000 132.000000 1 2 3 3 4 
1.100000 130.000000 1 1 3 3 5 
1.200000 135.000000 1 2 4 5 5 
1.200000 134.000000 1 2 4 4 5 
1.100000 134.000000 1 2 5 5 5 
1.100000 133.000000 1 2 3 4 5 
1.100000 133.000000 1 2 3 4 5 
1.100000 134.000000 1 2 3 3 5 
1.100000 134.000000 1 2 3 5 5 
1.100000 132.000000 1 2 3 3 4 
1.200000 138.000000 2 2 3 3 4 
1.100000 134.000000 1 2 3 3 5 
1.100000 133.000000 1 2 3 4 5 
1.300000 141.000000 2 2 3 5 5 
1.200000 131.000000 1 1 4 4 5 
1.200000 135.000000 1 2 4 5 5 
1.200000 139.000000 2 2 3 3 5 
1.100000 134.000000 1 2 3 5 5 
1.100000 132.000000 1 2 3 3 4 
1.200000 134.000000 1 2 4 4 5 
1.100000 129.000000 1 1 3 3 4 
1.200000 139.000000 2 2 3 3 5 
1.100000 134.000000 1 2 3 3 5 
1.100000 134.000000 1 2 3 5 5 
1.100000 130.000000 1 1 3 5 5 
1.200000 134.000000 1 2 4 4 5 
1.200000 134.000000 1 2 3 4 4 
1.100000 133.000000 1 2 3 4 5 
1.100000 130.000000 1 1 3 5 5 
1.100000 129.000000 1 1 3 4 5 
1.100000 133.000000 1 2 3 3 3 
1.100000 130.000000 1 1 3 5 5 
1.200000 133.000000 1 2 4 4 4 
1.100000 132.000000 1 2 3 3 4 
1.300000 139.000000 2 2 3 4 4 
1.100000 130.000000 1 1 3 5 5 
1.100000 134.000000 1 2 5 5 5 
1.100000 132.000000 1 2 3 3 4 
1.400000 140.000000 2 2 4 4 5 
1.200000 138.000000 2 2 3 3 4 
1.200000 131.000000 1 1 3 4 4 
1.100000 134.000000 1 2 3 5 5 
1.100000 133.000000 1 2 3 3 3 
1.100000 129.000000 1 1 3 4 5 
1.200000 134.000000 1 2 3 4 4 
1.200000 131.000000 1 1 3 4 4 
1.200000 134.000000 1 2 4 4 5 
1.200000 132.000000 1 1 4 5 5 
1.100000 134.000000 1 2 5 5 5 
1.100000 134.000000 1 2 3 5 5 
1.100000 130.000000 1 1 3 3 5 
1.100000 134.000000 1 2 3 3 5 
1.100000 134.000000 1 2 3 3 5 
1.100000 130.000000 1 1 3 3 5 
1.100000 134.000000 1 2 3 3 5 
1.100000 134.000000 1 2 3 3 5 
1.100000 131.000000 1 1 5 5 5 
1.100000 130.000000 1 1 3 3 5 
1.100000 132.000000 1 2 3 3 4 
1.400000 142.000000 2 2 5 5 5 
1.200000 134.000000 1 2 3 4 4 
1.100000 134.000000 1 2 3 3 5 
1.200000 139.000000 2 2 3 3 3 
1.100000 133.000000 1 2 3 4 5 
1.200000 135.000000 1 2 4 5 5 
1.200000 132.000000 1 1 4 5 5 
1.400000 140.000000 2 2 4 4 5 
1.200000 131.000000 1 1 4 4 4 
1.200000 134.000000 1 2 4 4 5 
1.200000 139.000000 2 2 3 3 5 
1.200000 132.000000 1 1 4 5 5 
1.100000 132.000000 1 2 3 3 4 
1.200000 131.000000 1 1 4 4 5 
1.300000 140.000000 2 2 3 4 5 
1.100000 133.000000 1 2 3 4 5 
1.200000 135.000000 1 2 4 5 5 
1.100000 130.000000 1 1 3 3 5 
1.200000 132.000000 1 1 4 5 5 
1.100000 134.000000 1 2 3 5 5 
1.300000 140.000000 2 2 3 4 5 
1.100000 129.000000 1 1 3 4 5 
1.100000 132.000000 1 2 3 3 4 
1.400000 141.000000 2 2 4 5 5 
1.200000 135.000000 1 2 4 5 5 
1.100000 134.000000 1 2 3 5 5 
1.400000 142.000000 2 2 5 5 5 
1.100000 134.000000 1 2 3 3 5 
1.200000 135.000000 1 2 4 5 5 
1.200000 134.000000 1 2 3 4 4 
1.200000 132.000000 1 1 4 5 5 
1.200000 133.000000 1 2 4 4 4 
1.200000 134.000000 1 2 4 4 5 
1.300000 140.000000 2 2 3 4 5 
1.100000 134.000000 1 2 3 5 5 
1.100000 134.000000 1 2 3 5 5 
1.100000 132.000000 1 2 3 3 4 
1.100000 134.000000 1 2 3 3 5 
1.200000 135.000000 1 2 4 5 5 
1.200000 132.000000 1 1 4 5 5 
1.100000 131.000000 1 1 5 5 5 
1.100000 133.000000 1 2 3 4 5 
1.100000 133.000000 1 2 3 4 5 
1.100000 133.000000 1 2 3 4 5 
1.400000 142.000000 2 2 5 5 5 
1.100000 129.000000 1 1 3 4 5 
1.200000 131.000000 1 1 4 4 4 
1.100000 129.000000 1 1 3 4 5 
1.200000 138.000000 2 2 3 3 4 
1.100000 132.000000 1 2 3 3 4 
1.300000 141.000000 2 2 3 5 5 
1.300000 141.000000 2 2 3 5 5 
1.200000 131.000000 1 1 4 4 5 
1.100000 134.000000 1 2 3 3 5 
1.300000 140.000000 2 2 3 4 5 
1.200000 134.000000 1 2 3 4 4 
1.300000 139.000000 2 2 3 4 4 
1.100000 133.000000 1 2 3 4 5 
1.200000 134.000000 1 2 3 4 4 
1.200000 135.000000 1 2 4 5 5 
1.200000 132.000000 1 1 4 5 5 
1.200000 132.000000 1 1 4 5 5 
1.100000 133.000000 1 2 3 4 5 
1.100000 133.000000 1 2 3 4 5 
1.200000 138.000000 2 2 3 3 4 
1.300000 140.000000 2 2 3 4 5 
1.100000 134.000000 1 2 3 5 5 
1.200000 134.000000 1 2 3 4 4 
1.400000 141.000000 2 2 4 5 5 
1.400000 142.000000 2 2 5 5 5 
1.200000 131.000000 1 1 3 4 4 
1.100000 133.000000 1 2 3 4 5 
1.200000 139.000000 2 2 3 3 5 
1.100000 133.000000 1 2 3 4 5 
1.200000 134.000000 1 2 4 4 5 
1.100000 129.000000 1 1 3 3 4 
1.200000 139.000000 2 2 3 3 5 
1.100000 129.000000 1 1 3 4 5 
1.200000 135.000000 1 2 4 5 5 
1.100000 133.000000 1 2 3 4 5 
1.100000 132.000000 1 2 3 3 4 
1.100000 129.000000 1 1 3 4 5 
1.200000 134.000000 1 2 3 4 4 
1.300000 141.000000 2 2 3 5 5 
1.100000 134.000000 1 2 3 5 5 
1.200000 134.000000 1 2 3 4 4 
1.200000 134.000000 1 2 4 4 5 
1.200000 138.000000 2 2 3 3 4 
1.100000 131.000000 1 1 5 5 5 
1.100000 132.000000 1 2 3 3 4 
1.200000 131.000000 1 1 4 4 5 
1.100000 134.000000 1 2 3 5 5 
1.300000 141.000000 2 2 3 5 5 
1.400000 141.000000 2 2 4 5 5 
1.200000 134.000000 1 2 3 4 4 
1.300000 140.000000 2 2 3 4 5 
1.100000 129.000000 1 1 3 3 3 
1.100000 132.000000 1 2 3 3 4 
1.100000 130.000000 1 1 3 5 5 
1.200000 134.000000 1 2 4 4 5 
1.100000 133.000000 1 2 3 4 5 
1.400000 141.000000 2 2 4 5 5 
1.300000 141.000000 2 2 3 5 5 
1.200000 134.000000 1 2 3 4 4 
1.100000 129.000000 1 1 3 3 4 
1.200000 138.000000 2 2 3 3 4 
1.200000 134.000000 1 2 4 4 5 
1.200000 135.000000 1 2 4 5 5 
1.100000 132.000000 1 2 3 3 4 
1.100000 129.000000 1 1 3 4 5 
1.200000 131.000000 1 1 3 4 4 
1.200000 135.000000 1 2 4 5 5 
1.200000 139.000000 2 2 3 3 5 
1.100000 130.000000 1 1 3 3 5 
1.200000 135.000000 1 2 4 5 5 
1.100000 133.000000 1 2 3 3 3 
1.300000 139.000000 2 2 3 4 4 
1.200000 139.000000 2 2 3 3 3 
1.300000 139.000000 2 2 3 4 4 
1.300000 141.000000 2 2 3 5 5 
1.200000 139.000000 2 2 3 3 5 
1.100000 133.000000 1 2 3 4 5 
1.200000 131.000000 1 1 4 4 5 
1.400000 140.000000 2 2 4 4 5 
1.100000 129.000000 1 1 3 4 5 
1.100000 133.000000 1 2 3 4 5 
1.400000 141.000000 2 2 4 5 5 
1.200000 134.000000 1 2 3 4 4 
1.200000 135.000000 1 2 4 5 5 
1.100000 134.000000 1 2 3 3 5 
1.300000 140.000000 2 2 3 4 5 
1.100000 133.000000 1 2 3 4 5 
1.200000 131.000000 1 1 4 4 5 
1.300000 140.000000 2 2 3 4 5 
1.100000 134.000000 1 2 3 5 5 
1.200000 131.000000 1 1 4 4 5 
1.200000 132.000000 1 1 4 5 5 
1.200000 138.000000 2 2 3 3 4 
1.100000 130.000000 1 1 3 3 5 
1.200000 134.000000 1 2 3 4 4 
1.200000 133.000000 1 2 4 4 4 
1.100000 132.000000 1 2 3 3 4 
1.100000 134.000000 1 2 3 5 5 
1.100000 130.000000 1 1 3 5 5 
1.100000 133.000000 1 2 3 4 5 
1.100000 129.000000 1 1 3 4 5 
1.200000 133.000000 1 2 4 4 4 
1.200000 134.000000 1 2 4 4 5 
1.200000 132.000000 1 1 4 5 5 
1.200000 134.000000 1 2 4 4 5 
1.100000 133.000000 1 2 3 4 5 
1.200000 138.000000 2 2 3 3 4 
1.100000 134.000000 1 2 3 3 5 
1.200000 134.000000 1 2 4 4 5 
1.200000 139.000000 2 2 3 3 5 
1.200000 132.000000 1 1 4 5 5 
1.200000 133.000000 1 2 4 4 4 
1.200000 134.000000 1 2 4 4 5 
1.100000 134.000000 1 2 3 3 5 
1.200000 131.000000 1 1 4 4 5 
1.100000 134.000000 1 2 3 5 5 
1.200000 138.000000 2 2 3 3 4 
1.200000 134.000000 1 2 3 4 4 
1.100000 134.000000 1 2 3 5 5 
1.100000 133.000000 1 2 3 4 5 
1.100000 134.000000 1 2 3 5 5 
1.100000 134.000000 1 2 3 3 5 
1.100000 130.000000 1 1 3 5 5 
1.400000 141.000000 2 2 4 5 5 
1.200000 139.000000 2 2 3 3 3 
1.100000 132.000000 1 2 3 3 4 
1.400000 141.000000 2 2 4 5 5 
1.200000 131.000000 1 1 4 4 5 
1.100000 133.000000 1 2 3 4 5 
1.100000 134.000000 1 2 3 5 5 
1.200000 134.000000 1 2 3 4 4 
1.200000 135.000000 1 2 4 5 5 
1.100000 134.000000 1 2 3 3 5 
1.100000 129.000000 1 1 3 3 4 
1.200000 134.000000 1 2 3 4 4 
1.300000 139.000000 2 2 3 4 4 
1.100000 133.000000 1 2 3 4 5 
1.100000 130.000000 1 1 3 3 5 
1.200000 134.000000 1 2 4 4 5 
1.200000 134.000000 1 2 4 4 5 
1.200000 135.000000 1 2 4 5 5 
1.100000 134.000000 1 2 3 5 5 
1.100000 133.000000 1 2 3 4 5 
1.200000 132.000000 1 1 4 5 5 
1.200000 131.000000 1 1 3 4 4 
1.100000 130.000000 1 1 3 3 5 
1.100000 134.000000 1 2 5 5 5 
1.300000 139.000000 2 2 3 4 4 
1.200000 135.000000 1 2 4 5 5 
1.200000 134.000000 1 2 3 4 4 
1.100000 132.000000 1 2 3 3 4 
1.200000 135.000000 1 2 4 5 5 
1.100000 129.000000 1 1 3 4 5 
1.100000 129.000000 1 1 3 3 3 
1.300000 140.000000 2 2 3 4 5 
1.200000 134.000000 1 2 4 4 5 
1.200000 139.000000 2 2 3 3 3 
1.100000 132.000000 1 2 3 3 4 
1.100000 133.000000 1 2 3 4 5 
1.100000 131.000000 1 1 5 5 5 
1.400000 142.000000 2 2 5 5 5 
1.100000 132.000000 1 2 3 3 4 
1.100000 133.000000 1 2 3 4 5 
1.100000 133.000000 1 2 3 4 5 
1.200000 135.000000 1 2 4 5 5 
1.200000 131.000000 1 1 3 4 4 
1.100000 130.000000 1 1 3 5 5 
1.200000 134.000000 1 2 3 4 4 
1.100000 129.000000 1 1 3 4 5 
1.100000 130.000000 1 1 3 5 5 
1.100000 130.000000 1 1 3 5 5 
1.100000 129.000000 1 1 3 4 5 
1.100000 133.000000 1 2 3 4 5 
1.200000 134.000000 1 2 3 4 4 
1.300000 140.000000 2 2 3 4 5 
1.200000 134.000000 1 2 3 4 4 
1.200000 135.000000 1 2 4 5 5 
1.200000 134.000000 1 2 4 4 5 
1.200000 134.000000 1 2 4 4 5 
1.100000 130.000000 1 1 3 5 5 
1.100000 133.000000 1 2 3 4 5 
1.300000 141.000000 2 2 3 5 5 
1.200000 131.000000 1 1 4 4 5 
1.200000 131.000000 1 1 4 4 5 
1.400000 140.000000 2 2 4 4 5 
1.200000 134.000000 1 2 3 4 4 
1.200000 135.000000 1 2 4 5 5 
1.200000 138.000000 2 2 3 3 4 
1.300000 140.000000 2 2 3 4 5 
1.200000 132.000000 1 1 4 5 5 
1.400000 141.000000 2 2 4 5 5 
1.100000 131.000000 1 1 5 5 5 
1.100000 133.000000 1 2 3 4 5 
1.100000 132.000000 1 2 3 3 4 
1.400000 140.000000 2 2 4 4 5 
1.100000 131.000000 1 1 5 5 5 
1.100000 129.000000 1 1 3 4 5 
1.200000 131.000000 1 1 3 4 4 
1.100000 134.000000 1 2 5 5 5 
1.100000 133.000000 1 2 3 4 5 
1.200000 131.000000 1 1 4 4 5 
1.200000 139.000000 2 2 3 3 5 
1.100000 134.000000 1 2 3 5 5 
1.300000 138.000000 2 2 4 4 4 
1.300000 140.000000 2 2 3 4 5 
1.300000 140.000000 2 2 3 4 5 
1.100000 133.000000 1 2 3 4 5 
1.200000 134.000000 1 2 4 4 5 
1.200000 135.000000 1 2 4 5 5 
1.100000 133.000000 1 2 3 3 3 
1.200000 133.000000 1 2 4 4 4 
1.200000 134.000000 1 2 4 4 5 
1.100000 134.000000 1 2 5 5 5 
1.200000 135.000000 1 2 4 5 5 
1.200000 135.000000 1 2 4 5 5 
1.100000 133.000000 1 2 3 3 3 
1.100000 129.000000 1 1 3 4 5 
1.100000 134.000000 1 2 3 3 5 
1.200000 132.000000 1 1 4 5 5 
1.100000 132.000000 1 2 3 3 4 
1.200000 134.000000 1 2 4 4 5 
1.400000 140.000000 2 2 4 4 5 
1.100000 130.000000 1 1 3 5 5 
1.100000 134.000000 1 2 3 5 5 
1.300000 141.000000 2 2 3 5 5 
1.100000 131.000000 1 1 5 5 5 
1.100000 133.000000 1 2 3 4 5 
1.100000 134.000000 1 2 3 5 5 
