0.200000 60.000000 1.100000 120.000000 1 8 13 8 5 7 5 13 3 14 14 7 13 13 
0.300000 60.000000 1.100000 120.000000 2 13 6 4 5 14 9 8 3 2 8 12 3 13 
0.200000 90.000000 0.700000 115.000000 12 4 3 3 4 8 10 9 13 1 2 3 1 5 
0.200000 70.000000 1.000000 120.000000 7 4 2 11 10 9 5 1 11 4 2 11 5 13 
0.200000 65.000000 0.800000 110.000000 5 1 3 9 3 3 9 3 11 10 12 9 14 12 
0.200000 85.000000 0.700000 110.000000 3 10 3 5 14 11 14 3 11 3 5 5 10 8 
0.300000 60.000000 1.000000 120.000000 7 5 8 10 7 9 4 1 13 9 3 4 7 13 
0.200000 55.000000 0.900000 115.000000 14 10 5 3 3 6 1 13 9 12 7 8 9 7 
0.200000 70.000000 0.900000 120.000000 9 1 7 5 10 8 9 13 14 13 14 7 1 2 
0.300000 55.000000 1.000000 115.000000 10 11 4 5 5 14 6 2 8 4 14 3 10 7 
0.400000 95.000000 0.600000 125.000000 2 4 9 7 6 4 8 13 14 12 2 10 1 1 
0.200000 50.000000 0.900000 115.000000 8 4 3 12 7 10 1 6 11 12 8 13 5 5 
0.200000 55.000000 0.800000 115.000000 14 7 10 10 7 13 12 1 8 6 2 3 5 1 
0.200000 80.000000 0.700000 115.000000 9 1 2 3 3 4 8 9 8 12 10 7 10 11 
0.300000 50.000000 1.000000 115.000000 12 7 10 11 5 3 11 10 11 8 7 4 9 14 
0.200000 90.000000 0.800000 115.000000 7 8 2 12 4 6 9 14 3 14 7 14 3 7 
0.300000 50.000000 1.000000 115.000000 9 11 5 5 14 10 2 10 2 11 7 4 12 1 
0.400000 95.000000 0.600000 125.000000 4 4 13 14 1 5 7 13 1 14 9 14 10 8 
0.200000 50.000000 0.900000 115.000000 9 6 14 10 8 7 8 2 10 1 3 7 4 7 
0.300000 75.000000 0.300000 125.000000 6 8 12 8 5 10 10 12 12 7 10 8 1 10 
0.300000 60.000000 1.000000 120.000000 14 13 4 11 12 8 1 13 8 2 10 2 5 14 
0.200000 50.000000 1.000000 115.000000 12 8 9 14 9 5 3 8 12 14 9 9 2 11 
0.200000 50.000000 0.900000 110.000000 12 2 8 9 3 12 12 7 3 14 9 2 5 5 
0.200000 50.000000 0.900000 115.000000 6 10 1 5 5 12 8 12 13 8 8 6 4 3 
0.200000 70.000000 1.000000 120.000000 13 14 11 3 14 9 1 12 6 2 13 5 5 11 
0.200000 75.000000 0.900000 120.000000 10 14 2 11 9 1 13 7 4 7 4 5 8 11 
0.200000 50.000000 1.000000 115.000000 7 6 3 10 12 7 7 8 4 6 2 1 14 4 
0.200000 75.000000 0.700000 115.000000 10 10 10 6 11 8 14 6 12 3 5 11 1 8 
0.200000 50.000000 1.000000 115.000000 5 1 5 3 5 13 12 6 4 8 4 2 14 12 
0.200000 60.000000 1.000000 115.000000 11 3 3 12 7 9 11 3 5 10 8 11 6 9 
0.200000 60.000000 1.100000 120.000000 1 11 3 11 7 2 13 8 11 12 11 7 13 11 
0.300000 60.000000 1.100000 120.000000 5 12 9 7 11 13 9 3 2 5 14 8 11 13 
0.300000 55.000000 1.000000 120.000000 13 7 12 9 4 5 3 4 4 12 8 8 1 13 
0.200000 75.000000 0.900000 120.000000 4 13 1 7 11 5 9 5 3 10 1 4 9 13 
0.200000 60.000000 1.000000 120.000000 6 11 4 8 11 11 13 1 10 9 8 14 11 12 
0.200000 90.000000 0.800000 120.000000 7 1 13 8 7 11 4 12 14 7 3 9 1 13 
0.400000 90.000000 0.600000 120.000000 10 4 6 6 3 3 6 1 14 7 10 9 8 5 
0.200000 60.000000 0.900000 115.000000 3 5 10 9 5 3 7 4 11 2 12 7 1 13 
0.200000 90.000000 0.900000 120.000000 1 12 13 6 3 6 5 2 7 13 9 1 11 2 
0.200000 55.000000 1.200000 120.000000 13 13 7 7 3 7 1 1 11 7 8 13 6 8 
0.300000 55.000000 1.000000 120.000000 8 7 6 14 8 9 1 13 11 14 14 10 12 2 
0.200000 60.000000 0.900000 115.000000 8 14 2 3 14 10 11 7 11 8 10 14 3 4 
0.200000 80.000000 0.500000 110.000000 5 10 12 5 8 14 14 1 6 12 10 5 5 1 
0.200000 45.000000 0.900000 110.000000 5 1 10 5 3 9 2 1 3 4 11 10 10 9 
0.200000 55.000000 1.200000 120.000000 4 11 1 3 11 14 13 6 5 9 6 4 7 6 
0.200000 85.000000 1.000000 120.000000 8 4 3 11 9 8 6 13 7 8 14 7 6 8 
0.200000 90.000000 0.600000 115.000000 11 1 9 2 4 10 8 6 3 1 12 8 10 12 
0.200000 85.000000 0.800000 120.000000 1 9 1 6 14 4 13 7 1 12 6 11 10 9 
0.200000 75.000000 0.800000 115.000000 5 14 14 3 1 3 12 13 9 4 14 7 2 12 
0.200000 85.000000 0.900000 120.000000 3 6 11 13 13 14 6 8 4 1 5 7 8 12 
0.200000 80.000000 0.900000 120.000000 4 4 7 5 4 5 6 1 4 2 7 13 11 12 
0.200000 70.000000 1.000000 120.000000 5 13 14 6 11 6 7 4 8 5 8 13 12 3 
0.200000 50.000000 1.000000 115.000000 6 4 8 3 3 11 10 14 8 14 6 10 11 1 
0.300000 50.000000 0.900000 110.000000 14 9 3 4 9 1 12 5 12 5 6 10 3 12 
0.500000 90.000000 0.500000 125.000000 1 7 7 5 2 5 2 4 3 10 13 14 14 10 
0.200000 55.000000 0.700000 115.000000 12 7 4 12 8 8 7 3 9 10 11 14 10 7 
0.200000 50.000000 1.100000 115.000000 2 7 6 9 11 11 4 8 7 4 5 3 10 3 
0.200000 85.000000 0.900000 120.000000 1 11 6 13 4 7 13 11 5 6 3 10 1 5 
0.200000 70.000000 1.000000 120.000000 8 3 4 6 9 12 8 9 11 8 13 3 6 4 
0.200000 55.000000 1.100000 120.000000 6 11 8 4 1 1 13 13 14 14 3 12 11 4 
0.200000 50.000000 1.100000 115.000000 14 11 13 3 5 14 11 3 2 12 4 9 8 3 
0.200000 55.000000 1.000000 115.000000 10 11 7 14 6 3 7 4 12 2 14 1 3 11 
0.200000 60.000000 1.000000 115.000000 3 11 12 6 7 12 2 3 1 14 3 13 6 5 
0.200000 90.000000 0.800000 115.000000 6 5 5 3 3 6 9 9 7 7 12 9 14 7 
0.200000 50.000000 1.000000 115.000000 4 12 1 4 5 7 12 14 6 4 8 6 5 4 
0.200000 85.000000 0.900000 120.000000 11 7 7 1 8 1 4 10 6 9 13 7 11 6 
0.200000 85.000000 0.900000 120.000000 13 11 3 1 11 3 10 5 11 6 13 4 11 5 
0.200000 60.000000 0.900000 115.000000 12 3 1 4 10 9 5 2 13 3 1 9 9 14 
0.200000 55.000000 1.100000 120.000000 8 6 13 14 13 1 7 11 4 8 12 8 3 11 
0.300000 55.000000 1.000000 115.000000 11 10 4 3 4 14 14 3 2 10 6 1 5 14 
