0.900000 115.000000 1 1 1 2 2 6 6 7 8 9 9 11 12 13 
0.900000 99.000000 2 2 3 3 4 7 9 9 10 10 10 10 11 12 
0.900000 105.000000 3 4 5 5 5 6 7 7 7 9 10 11 12 14 
1.100000 115.000000 1 1 7 9 9 10 11 11 11 11 11 11 14 14 
1.200000 115.000000 1 1 1 3 4 5 5 6 6 7 7 8 11 11 
1.000000 111.000000 1 1 2 3 3 3 4 5 6 8 10 10 13 14 
1.000000 111.000000 3 4 4 5 7 7 9 10 10 11 11 13 14 14 
0.800000 103.000000 1 2 4 5 5 6 8 9 9 10 12 12 12 13 
0.900000 110.000000 1 4 5 5 5 7 9 10 10 10 11 13 13 14 
0.900000 111.000000 1 2 5 6 6 8 8 9 9 10 11 12 13 14 
0.900000 98.000000 3 3 5 5 9 9 10 11 12 12 13 14 14 14 
1.100000 114.000000 1 1 2 3 5 5 5 5 7 7 11 13 14 14 
0.900000 111.000000 1 2 2 4 4 4 6 7 8 11 11 12 12 14 
0.900000 108.000000 1 2 2 3 3 4 6 7 8 9 9 10 12 14 
1.000000 111.000000 1 3 3 5 6 6 7 7 8 8 9 11 12 13 
1.200000 115.000000 1 3 3 4 6 6 6 7 8 8 8 9 11 14 
0.900000 107.000000 3 3 6 6 7 8 8 9 9 10 11 12 13 14 
0.900000 110.000000 1 1 2 3 3 4 5 7 8 9 10 11 12 13 
0.900000 107.000000 2 3 3 5 6 7 7 8 8 9 9 9 12 14 
1.000000 113.000000 4 4 5 6 7 7 8 8 9 10 10 11 11 11 
0.900000 109.000000 1 2 2 5 5 6 8 8 10 10 12 13 13 13 
0.900000 95.000000 2 3 5 5 8 9 9 9 11 12 12 12 12 14 
1.100000 116.000000 1 1 1 3 4 4 5 6 8 8 9 9 11 14 
1.100000 115.000000 1 2 3 6 7 7 8 9 10 11 11 13 13 14 
1.000000 113.000000 1 2 2 2 3 4 4 5 7 8 9 10 14 14 
0.900000 108.000000 1 3 3 5 6 7 8 8 9 9 10 11 11 12 
0.900000 114.000000 4 6 7 8 8 9 9 9 10 11 12 13 13 14 
0.900000 108.000000 1 2 2 4 4 5 6 6 8 9 10 10 12 14 
1.000000 112.000000 1 1 2 2 2 3 4 5 7 7 11 11 12 14 
0.900000 117.000000 2 4 6 8 9 11 11 12 13 13 14 14 14 14 
0.800000 111.000000 1 1 3 6 8 9 9 10 11 12 12 13 13 13 
0.900000 112.000000 4 5 7 7 8 9 9 9 10 12 13 13 13 14 
0.900000 110.000000 3 5 6 6 7 8 8 10 11 12 13 13 13 14 
1.000000 114.000000 2 3 4 4 4 7 8 12 13 13 13 14 14 14 
0.900000 105.000000 1 2 3 4 4 5 5 8 8 9 10 11 12 12 
0.900000 106.000000 1 2 3 4 4 5 6 7 7 9 10 12 12 13 
1.000000 111.000000 1 3 3 3 5 7 8 8 8 9 11 12 13 13 
1.000000 112.000000 1 2 3 4 5 5 6 7 8 9 10 13 14 14 
1.000000 114.000000 1 1 1 3 3 4 4 8 9 12 13 13 13 14 
0.900000 106.000000 1 2 2 3 3 5 5 7 8 9 10 11 12 14 
0.900000 112.000000 1 2 2 4 6 6 6 7 7 9 10 12 13 14 
0.900000 104.000000 2 3 3 3 4 4 7 8 10 10 11 12 13 14 
1.100000 115.000000 2 5 6 7 7 8 8 9 10 11 11 13 13 14 
1.000000 103.000000 3 3 6 6 8 9 9 9 10 11 12 14 14 14 
0.900000 96.000000 2 3 5 6 6 6 8 8 9 9 10 12 12 12 
1.100000 116.000000 1 1 2 2 4 4 4 6 8 10 11 11 14 14 
0.900000 111.000000 1 1 2 5 6 9 9 9 9 10 11 12 14 14 
0.900000 109.000000 1 3 3 4 4 4 5 8 9 10 12 13 14 14 
1.000000 113.000000 1 1 3 3 6 6 10 10 11 11 13 13 14 14 
1.100000 113.000000 1 2 3 3 3 6 7 8 8 9 10 11 13 14 
1.000000 112.000000 1 1 2 3 3 4 5 8 9 9 10 10 13 14 
0.900000 112.000000 1 1 2 2 3 6 6 8 9 10 11 12 13 14 
0.900000 109.000000 1 1 3 4 5 6 6 6 7 9 9 10 10 12 
1.100000 113.000000 1 2 2 3 3 4 6 6 7 10 13 14 14 14 
1.000000 112.000000 1 2 2 4 5 5 7 7 8 9 9 10 10 13 
0.800000 108.000000 1 2 3 6 6 8 9 10 12 12 13 13 13 14 
0.900000 102.000000 3 4 4 5 6 8 8 9 9 9 10 10 10 12 
0.900000 106.000000 2 4 4 5 6 7 8 10 11 11 12 12 13 14 
1.000000 118.000000 1 4 4 6 6 8 8 10 10 11 13 13 13 14 
1.000000 111.000000 1 2 2 3 4 6 7 9 9 11 12 14 14 14 
0.900000 113.000000 1 1 4 4 4 6 6 7 8 9 11 12 12 13 
0.800000 104.000000 1 4 5 5 6 6 7 10 11 11 11 12 12 12 
1.000000 112.000000 1 2 3 5 7 7 8 9 9 9 10 10 11 13 
1.000000 111.000000 1 2 3 6 6 6 8 8 9 9 11 12 14 14 
1.100000 115.000000 1 1 2 2 2 3 4 5 7 8 8 9 9 14 
0.800000 108.000000 1 3 8 8 9 9 9 11 11 12 12 12 13 13 
1.200000 117.000000 1 1 1 1 4 4 6 6 6 6 8 9 13 14 
0.900000 106.000000 2 2 3 3 4 5 7 8 10 12 13 13 14 14 
1.000000 117.000000 1 2 7 7 8 9 9 10 11 11 11 13 13 14 
0.900000 106.000000 1 3 4 5 5 6 7 10 11 12 12 13 13 14 
1.000000 112.000000 1 3 4 5 5 8 8 9 9 10 10 11 13 14 
0.900000 110.000000 1 1 3 3 3 4 6 8 9 10 12 13 13 14 
0.900000 111.000000 2 2 4 6 6 6 7 7 8 10 11 12 13 14 
1.000000 113.000000 1 1 1 2 4 5 5 6 8 9 11 12 13 14 
0.800000 108.000000 1 2 2 3 4 6 6 7 8 10 11 11 12 12 
1.000000 116.000000 2 5 7 7 8 9 10 10 11 13 13 13 13 14 
1.100000 114.000000 1 1 1 3 4 5 5 6 6 7 8 10 11 11 
1.000000 98.000000 2 3 3 4 6 6 6 8 10 11 12 12 14 14 
1.100000 114.000000 1 1 2 2 3 4 4 5 6 8 8 10 11 14 
0.900000 108.000000 1 3 5 5 6 8 8 9 9 9 10 12 13 14 
0.900000 106.000000 1 3 3 5 5 6 7 8 10 10 11 11 12 13 
1.100000 116.000000 1 1 2 4 4 4 5 6 7 8 8 11 11 14 
0.900000 94.000000 2 2 2 2 3 4 5 10 11 12 12 12 12 14 
0.900000 107.000000 1 3 3 5 6 6 9 10 11 11 12 14 14 14 
1.000000 111.000000 1 1 2 3 3 3 8 9 11 11 12 13 14 14 
0.900000 111.000000 1 3 3 4 4 4 7 8 10 11 11 12 13 14 
0.900000 107.000000 1 3 4 5 5 5 6 6 8 8 10 11 12 14 
1.100000 113.000000 1 2 2 3 3 6 6 7 8 10 11 13 14 14 
0.800000 108.000000 1 1 2 3 4 4 6 9 9 10 10 11 12 12 
1.100000 115.000000 1 3 5 6 7 7 8 9 10 11 13 13 13 14 
1.200000 117.000000 1 2 3 3 4 6 6 8 8 8 13 13 14 14 
0.900000 109.000000 1 2 2 5 5 6 8 8 9 9 10 12 13 14 
0.900000 104.000000 1 2 3 3 4 6 8 9 9 10 12 12 13 14 
1.000000 112.000000 1 1 2 2 3 4 5 5 7 8 9 10 10 11 
1.100000 117.000000 1 2 4 6 7 7 7 7 8 11 11 11 13 13 
0.900000 98.000000 2 3 4 4 6 8 9 11 11 12 12 12 12 14 
1.000000 114.000000 1 5 6 7 7 8 9 9 11 11 12 13 13 14 
1.100000 115.000000 1 1 2 2 3 6 6 6 7 7 9 10 13 14 
0.800000 95.000000 3 3 5 5 5 5 5 6 8 8 10 10 12 12 
1.100000 116.000000 1 1 2 5 6 6 7 7 8 9 10 11 13 13 
1.000000 115.000000 2 5 7 7 8 9 9 9 10 11 13 13 14 14 
0.900000 109.000000 1 2 2 3 3 4 6 7 7 10 11 12 13 14 
1.100000 118.000000 1 1 1 2 2 7 8 9 9 13 13 13 13 14 
0.900000 111.000000 1 1 3 4 4 4 6 9 10 10 11 11 12 14 
0.900000 108.000000 2 3 5 6 7 7 9 10 11 11 12 13 14 14 
1.200000 115.000000 1 2 2 3 3 3 6 7 8 8 8 9 13 14 
0.900000 111.000000 1 1 3 3 4 4 6 7 8 12 12 13 13 13 
0.900000 98.000000 2 4 5 5 5 6 7 9 10 11 12 12 12 14 
1.100000 114.000000 1 2 3 3 3 4 8 8 8 9 9 11 14 14 
1.200000 116.000000 1 1 2 4 6 6 6 6 7 7 7 11 11 14 
0.900000 110.000000 1 2 2 3 5 6 7 7 7 9 9 12 13 14 
0.900000 115.000000 1 4 7 7 7 8 9 9 9 9 11 11 12 13 
0.900000 111.000000 1 2 2 4 4 4 5 7 8 9 9 10 12 14 
0.900000 102.000000 2 2 2 2 3 4 4 7 8 10 11 12 12 14 
0.900000 115.000000 6 6 6 8 8 10 11 11 11 12 13 13 14 14 
0.900000 103.000000 4 4 4 4 5 7 8 10 11 11 12 12 12 13 
0.900000 106.000000 3 4 4 5 6 6 8 10 10 11 12 13 14 14 
1.000000 107.000000 3 3 4 6 7 9 10 10 10 11 11 13 14 14 
0.800000 106.000000 1 1 2 3 4 4 5 5 9 10 12 12 13 14 
1.000000 109.000000 3 3 4 7 8 8 8 9 9 9 11 11 12 14 
0.900000 98.000000 2 3 5 6 6 7 9 9 10 10 11 12 12 14 
0.900000 96.000000 2 2 3 3 5 8 9 10 12 12 12 13 13 14 
0.900000 110.000000 1 1 3 3 3 4 5 7 7 8 9 9 12 13 
0.900000 109.000000 1 2 2 2 3 4 8 9 9 10 10 10 10 11 
0.900000 105.000000 2 3 4 5 6 7 8 9 10 10 11 12 13 14 
0.900000 109.000000 1 1 3 4 4 5 6 9 11 12 12 13 14 14 
0.900000 111.000000 1 2 4 5 5 9 10 10 10 11 13 13 14 14 
0.900000 110.000000 1 1 2 3 3 5 6 7 8 9 10 12 13 13 
0.800000 111.000000 1 1 4 5 6 8 9 9 10 11 11 12 12 13 
0.800000 106.000000 1 1 2 2 3 4 5 8 9 9 12 12 12 13 
1.000000 115.000000 4 4 6 6 6 7 8 9 10 10 11 13 14 14 
0.900000 111.000000 1 1 1 2 4 5 5 7 9 11 11 12 12 13 
1.100000 116.000000 4 4 5 5 6 7 7 8 10 13 13 13 14 14 
0.900000 116.000000 2 2 6 7 7 8 10 11 12 13 13 13 13 14 
1.000000 114.000000 1 3 4 4 6 6 7 8 8 9 10 10 11 13 
1.100000 114.000000 1 1 2 2 3 3 6 7 9 9 10 13 14 14 
1.000000 109.000000 1 3 3 4 5 5 6 6 8 8 11 12 14 14 
0.800000 102.000000 2 2 4 4 5 8 8 11 12 12 12 12 13 13 
0.800000 108.000000 1 1 2 2 5 5 6 7 9 10 11 12 12 13 
0.900000 106.000000 1 3 3 4 4 5 7 9 10 10 10 12 13 13 
1.100000 114.000000 2 2 3 4 4 6 8 8 8 9 10 11 14 14 
1.000000 113.000000 1 1 3 4 4 4 4 5 6 7 8 11 12 14 
0.900000 110.000000 4 4 5 5 8 8 9 9 10 10 10 13 13 14 
0.800000 109.000000 1 1 2 3 4 4 6 8 9 9 9 10 12 12 
1.000000 112.000000 1 2 5 6 6 7 8 8 9 11 11 11 12 14 
1.000000 110.000000 1 3 3 4 5 5 6 6 7 7 8 8 9 12 
1.000000 112.000000 1 1 2 2 3 5 5 6 7 8 9 9 10 14 
0.800000 104.000000 1 2 4 4 5 6 9 9 10 11 12 12 12 14 
0.800000 105.000000 1 2 2 3 5 8 9 10 10 12 12 13 13 13 
0.900000 108.000000 1 2 3 3 4 4 5 6 8 10 12 13 14 14 
1.000000 110.000000 2 3 3 4 5 7 8 8 11 12 13 13 14 14 
0.900000 101.000000 2 2 4 6 6 6 7 9 10 10 12 12 13 14 
0.900000 108.000000 1 2 2 2 5 6 7 9 10 10 11 12 13 14 
0.900000 98.000000 2 4 5 5 6 6 8 9 10 12 12 12 13 14 
1.000000 112.000000 2 3 4 4 6 8 8 8 9 10 10 11 11 14 
0.800000 102.000000 1 2 4 5 5 5 6 8 9 9 10 10 12 12 
1.100000 116.000000 1 2 3 5 7 9 11 11 13 13 14 14 14 14 
0.900000 113.000000 1 3 4 7 7 7 11 12 12 13 13 13 13 13 
1.100000 115.000000 1 1 3 5 6 7 10 11 11 11 11 13 14 14 
0.900000 112.000000 1 2 2 5 6 8 8 9 9 10 12 13 13 14 
1.000000 113.000000 1 1 3 4 5 6 6 11 12 13 13 14 14 14 
0.900000 111.000000 4 5 6 6 7 7 8 8 9 10 11 11 12 13 
1.100000 116.000000 2 2 4 4 5 5 6 8 8 8 8 8 13 14 
1.100000 115.000000 1 1 2 3 4 4 5 7 10 11 11 13 14 14 
1.000000 113.000000 1 4 4 5 6 7 8 8 8 9 11 11 11 12 
1.100000 115.000000 3 4 6 6 7 8 8 8 9 9 10 11 13 14 
0.900000 107.000000 1 1 2 3 3 5 6 6 7 9 10 10 11 12 
0.900000 106.000000 2 2 4 5 6 7 8 10 10 10 11 12 13 13 
1.100000 114.000000 1 1 1 3 3 5 5 6 6 6 8 8 10 13 
0.900000 106.000000 2 3 4 5 5 7 8 8 8 11 11 12 12 13 
1.000000 113.000000 1 1 2 2 3 5 6 6 7 8 10 10 11 13 
1.000000 108.000000 2 2 2 6 6 6 8 9 10 10 10 13 14 14 
1.100000 113.000000 1 2 3 5 5 6 6 7 7 8 8 9 10 13 
0.900000 102.000000 2 3 3 4 5 6 7 7 8 9 9 12 12 14 
1.100000 113.000000 1 2 2 3 3 3 4 5 7 7 13 14 14 14 
0.900000 107.000000 1 1 3 3 3 3 4 7 9 9 9 10 12 14 
1.100000 115.000000 3 4 4 6 6 7 7 7 8 8 8 9 11 11 
1.100000 112.000000 2 3 5 5 5 8 8 8 8 10 11 11 11 14 
0.900000 103.000000 1 2 3 3 4 4 6 7 9 10 10 11 12 12 
0.900000 107.000000 2 4 5 5 5 6 6 7 8 8 10 11 12 14 
0.900000 111.000000 1 2 4 4 5 5 7 8 8 10 11 11 12 13 
0.800000 109.000000 1 3 4 4 6 7 8 9 9 10 11 11 12 12 
1.000000 111.000000 1 2 3 3 6 6 7 8 8 11 11 12 13 14 
1.000000 113.000000 1 1 5 5 6 6 8 8 9 9 12 13 13 14 
1.000000 117.000000 1 4 4 6 7 7 8 9 9 10 11 13 13 14 
0.900000 107.000000 1 1 2 2 3 4 5 6 6 9 12 12 14 14 
1.000000 109.000000 2 3 4 4 5 7 8 9 11 11 12 14 14 14 
1.200000 115.000000 1 1 2 2 3 5 6 7 8 8 8 11 11 11 
0.900000 105.000000 1 2 3 3 3 3 6 7 8 10 10 12 13 13 
1.000000 112.000000 1 4 4 5 5 6 7 8 9 11 12 13 14 14 
0.800000 106.000000 1 2 2 2 3 4 5 8 8 9 10 11 12 12 
0.800000 106.000000 1 4 4 4 5 6 9 10 10 10 11 12 12 13 
1.000000 111.000000 2 3 5 5 6 7 7 8 10 10 11 13 13 14 
0.900000 110.000000 1 2 3 4 4 5 6 6 7 8 8 10 12 13 
1.000000 116.000000 1 2 3 4 7 8 8 9 10 10 13 13 13 13 
0.900000 99.000000 3 4 5 6 6 7 8 9 9 10 11 12 12 12 
0.900000 109.000000 1 2 5 5 5 7 8 9 9 10 11 12 13 14 
0.900000 106.000000 1 2 3 4 5 6 6 7 9 9 10 10 12 14 
0.900000 106.000000 1 2 3 3 4 5 5 7 7 7 11 11 12 12 
0.900000 102.000000 3 4 6 6 7 7 9 9 10 10 11 12 12 13 
0.900000 105.000000 1 2 3 3 6 10 11 11 11 12 12 13 14 14 
0.900000 113.000000 1 1 4 5 7 9 9 10 11 11 12 13 13 14 
0.900000 110.000000 4 4 5 5 6 7 8 10 12 13 13 13 14 14 
1.000000 110.000000 2 2 3 3 4 5 7 7 8 8 10 10 11 13 
0.900000 109.000000 1 2 2 2 2 3 6 6 7 8 10 11 12 14 
0.900000 109.000000 1 2 3 4 5 5 6 7 8 10 11 12 13 14 
0.800000 108.000000 1 1 2 4 4 5 6 6 6 10 10 12 12 13 
0.900000 109.000000 1 2 3 3 4 6 6 8 8 10 11 11 12 14 
0.900000 106.000000 3 4 5 5 7 8 11 12 12 13 13 13 14 14 
1.200000 116.000000 1 1 1 2 3 3 4 5 6 6 8 8 13 14 
1.000000 107.000000 2 3 3 3 5 8 8 8 9 11 11 12 14 14 
1.000000 112.000000 1 2 3 3 4 4 5 7 7 8 9 10 13 14 
1.000000 114.000000 1 5 6 6 7 9 9 9 10 10 13 13 14 14 
1.000000 113.000000 1 2 3 4 4 8 8 9 11 11 12 13 14 14 
1.100000 116.000000 1 2 4 4 5 5 7 7 7 8 9 13 13 14 
1.000000 109.000000 1 2 2 3 3 3 5 8 8 11 12 13 14 14 
1.100000 114.000000 1 1 2 3 3 3 4 4 7 8 10 13 13 14 
0.900000 111.000000 2 2 2 4 4 6 7 7 8 10 11 11 12 14 
0.900000 107.000000 1 2 2 4 5 5 8 9 11 12 12 13 14 14 
0.900000 107.000000 1 2 2 3 3 4 5 7 7 9 10 11 12 14 
1.100000 115.000000 1 3 5 5 7 8 9 10 11 13 13 13 14 14 
0.900000 103.000000 1 3 3 3 9 9 10 11 12 12 13 13 14 14 
0.900000 105.000000 2 3 4 5 6 8 8 9 10 10 11 12 13 14 
1.000000 110.000000 4 4 5 5 6 6 6 6 7 7 8 8 12 14 
1.100000 114.000000 1 1 2 3 3 3 6 8 8 10 11 11 13 14 
1.000000 112.000000 1 2 3 4 5 5 6 7 8 10 10 13 13 14 
1.000000 109.000000 3 3 4 4 5 6 7 7 7 9 10 10 11 14 
1.000000 110.000000 1 2 3 3 6 7 8 9 10 10 10 11 11 13 
1.000000 95.000000 3 3 4 4 6 9 10 10 11 11 12 12 12 14 
0.800000 103.000000 2 4 5 8 9 9 10 11 11 12 12 12 13 14 
1.100000 114.000000 2 3 3 4 5 6 7 7 8 8 11 13 14 14 
0.900000 100.000000 4 5 5 5 6 8 10 10 10 11 11 11 12 12 
0.900000 105.000000 2 2 3 4 5 6 7 8 9 9 10 12 14 14 
0.900000 99.000000 3 3 5 5 5 7 8 9 9 10 10 10 11 12 
1.100000 115.000000 1 2 3 4 6 7 8 9 9 10 11 13 14 14 
0.800000 105.000000 1 1 1 2 2 3 4 5 5 6 9 12 12 12 
1.000000 113.000000 1 1 2 2 4 5 5 6 7 8 8 11 12 13 
1.000000 113.000000 1 3 4 5 7 7 9 10 10 11 11 13 13 14 
0.900000 114.000000 1 2 4 6 6 7 8 9 9 10 12 13 13 14 
0.900000 108.000000 2 2 3 4 4 7 8 9 9 10 12 13 14 14 
1.000000 113.000000 1 1 2 3 5 7 9 9 10 10 11 11 11 14 
0.900000 109.000000 4 4 5 6 6 8 8 9 10 10 12 13 13 14 
1.100000 113.000000 2 2 2 2 5 6 6 8 10 11 14 14 14 14 
1.000000 114.000000 1 2 3 4 4 4 7 7 8 9 12 13 13 14 
1.000000 111.000000 1 3 4 4 5 5 7 8 11 11 11 12 14 14 
1.000000 112.000000 1 2 3 5 5 6 7 8 8 9 10 10 11 13 
0.900000 109.000000 2 2 3 6 7 7 8 9 9 10 11 12 13 14 
0.900000 99.000000 2 2 2 4 5 6 7 10 11 12 12 12 13 14 
1.000000 110.000000 2 2 4 5 5 11 12 13 13 14 14 14 14 14 
0.900000 111.000000 1 2 5 6 6 7 8 10 10 11 11 12 13 13 
1.000000 111.000000 1 3 3 3 5 5 8 9 10 13 13 14 14 14 
1.200000 116.000000 1 1 1 2 3 5 5 6 6 6 7 8 13 14 
0.900000 103.000000 2 3 5 6 6 6 7 9 10 10 11 12 14 14 
0.900000 108.000000 1 2 2 3 3 3 7 8 9 9 10 10 10 13 
0.900000 108.000000 4 4 5 6 7 9 10 10 11 11 12 13 14 14 
0.800000 102.000000 1 3 3 5 5 6 7 7 9 12 12 12 13 13 
1.000000 114.000000 1 2 3 4 6 7 8 8 9 11 12 13 13 14 
0.900000 109.000000 1 2 3 4 5 6 7 9 10 11 12 13 14 14 
0.900000 97.000000 3 3 3 5 6 6 6 8 10 12 12 13 14 14 
0.900000 103.000000 1 2 3 3 3 4 5 7 7 9 10 12 12 13 
1.200000 117.000000 1 4 6 6 6 7 8 11 11 11 13 14 14 14 
1.000000 113.000000 1 2 5 6 7 8 8 9 11 11 11 12 13 14 
0.900000 110.000000 1 3 4 5 6 6 7 8 8 9 10 11 11 12 
1.100000 115.000000 1 1 1 2 2 2 4 5 5 6 7 7 7 13 
0.900000 114.000000 1 2 5 8 9 10 10 10 11 11 13 13 13 14 
1.000000 111.000000 2 4 5 5 5 6 7 8 8 10 10 13 13 14 
0.900000 109.000000 3 4 4 5 8 8 9 9 9 9 12 14 14 14 
0.900000 114.000000 2 4 6 8 8 8 9 9 10 11 11 12 13 14 
0.900000 108.000000 1 2 3 3 3 4 4 7 8 10 11 12 13 14 
0.900000 107.000000 1 2 3 3 5 5 6 8 8 10 12 13 13 14 
0.900000 104.000000 2 2 3 5 5 7 7 10 10 11 11 11 12 14 
0.800000 107.000000 1 4 4 4 4 6 6 7 9 10 12 12 12 13 
0.800000 104.000000 1 3 3 5 7 9 9 10 10 11 11 12 12 13 
0.900000 113.000000 1 1 1 2 3 3 4 10 11 11 12 13 13 14 
1.000000 107.000000 2 2 2 3 4 4 6 8 8 9 10 10 10 14 
1.000000 112.000000 1 1 3 4 5 6 7 8 9 9 11 11 12 14 
0.900000 111.000000 2 2 3 4 4 4 7 8 8 10 12 13 13 14 
0.900000 109.000000 1 3 4 5 5 6 8 8 9 10 12 13 13 14 
1.100000 113.000000 1 2 3 3 4 4 5 6 7 8 10 11 14 14 
0.900000 111.000000 1 2 3 6 6 6 7 8 9 10 12 13 13 14 
0.900000 108.000000 1 2 2 3 4 4 5 10 10 11 12 13 14 14 
1.100000 114.000000 1 1 2 2 3 4 6 6 7 10 11 11 14 14 
1.000000 113.000000 1 3 4 5 6 7 8 8 9 11 12 13 13 14 
1.100000 113.000000 2 2 3 3 5 7 7 7 8 9 9 13 14 14 
0.900000 106.000000 1 2 2 2 2 3 4 5 7 12 12 13 14 14 
1.100000 114.000000 2 3 4 5 5 6 8 8 11 11 14 14 14 14 
1.000000 111.000000 3 4 4 4 5 5 6 8 9 10 14 14 14 14 
1.000000 113.000000 1 2 2 3 4 6 7 7 8 8 9 12 13 13 
1.000000 111.000000 1 2 2 3 3 5 7 7 7 8 11 11 12 13 
0.900000 114.000000 1 1 2 5 6 7 7 10 11 11 12 13 13 13 
1.000000 110.000000 1 3 3 3 5 6 7 7 8 8 11 12 13 13 
0.800000 105.000000 2 3 4 7 7 9 9 11 11 12 12 12 13 14 
1.000000 113.000000 1 1 1 2 2 2 3 4 5 6 7 8 11 12 
0.900000 110.000000 1 2 3 4 4 5 6 7 7 8 9 10 12 13 
0.900000 111.000000 1 1 2 2 2 3 6 8 9 9 10 12 13 14 
1.200000 113.000000 2 2 3 3 3 6 6 7 8 11 14 14 14 14 
0.900000 105.000000 2 3 4 5 6 6 7 10 10 11 11 12 14 14 
0.900000 99.000000 2 3 5 5 7 9 10 10 12 12 13 13 13 14 
1.000000 111.000000 1 4 5 5 5 5 6 7 7 9 10 10 11 14 
0.900000 114.000000 1 1 2 2 4 6 6 7 9 10 12 13 13 14 
0.800000 103.000000 1 2 3 4 5 5 8 9 9 11 12 12 12 14 
0.900000 109.000000 1 1 2 3 4 4 5 6 6 8 11 12 12 14 
0.900000 110.000000 1 1 1 3 4 5 5 9 11 11 11 12 12 14 
1.000000 113.000000 1 4 5 6 7 8 9 9 11 11 12 13 14 14 
0.900000 113.000000 1 1 2 2 4 5 6 6 7 8 10 12 13 13 
1.100000 114.000000 1 3 3 3 4 7 7 9 10 13 13 13 14 14 
0.900000 103.000000 2 2 2 4 6 6 7 9 10 12 12 13 14 14 
0.800000 109.000000 1 2 2 6 9 9 9 10 11 12 12 13 14 14 
1.100000 115.000000 1 1 1 3 4 4 5 7 9 10 11 11 11 14 
1.100000 115.000000 1 1 2 2 5 6 6 8 9 10 11 11 14 14 
1.100000 114.000000 1 2 3 6 7 9 9 10 11 11 13 14 14 14 
1.100000 114.000000 1 1 2 2 2 3 5 6 7 8 8 10 11 13 
1.200000 116.000000 1 3 5 5 6 6 7 7 11 13 13 14 14 14 
0.800000 103.000000 1 4 5 5 5 6 6 7 9 10 10 11 12 12 
0.900000 110.000000 1 1 2 4 4 4 5 5 8 9 10 10 12 13 
1.000000 110.000000 2 2 3 4 6 6 7 7 8 11 12 13 14 14 
0.900000 106.000000 1 2 3 3 5 5 5 6 7 8 10 11 12 14 
0.900000 108.000000 3 3 4 4 5 7 7 7 8 9 10 11 12 13 
1.000000 111.000000 1 3 4 5 5 8 9 11 12 13 13 14 14 14 
0.900000 112.000000 4 5 6 7 7 7 8 9 10 11 11 12 13 13 
1.000000 117.000000 1 1 2 4 4 4 4 7 9 10 11 13 14 14 
0.800000 109.000000 1 1 1 2 2 5 5 5 6 7 12 12 13 13 
0.900000 109.000000 1 2 3 4 4 5 7 10 10 11 12 13 13 14 
0.900000 108.000000 1 2 2 3 4 5 8 8 8 9 11 11 12 12 
1.000000 107.000000 3 4 4 4 5 6 6 8 8 10 11 12 14 14 
1.000000 112.000000 1 2 2 2 3 4 4 5 8 8 8 8 11 12 
0.800000 107.000000 1 2 5 5 7 9 9 10 11 12 12 13 13 14 
0.900000 108.000000 1 2 3 5 6 6 10 10 12 13 13 13 14 14 
1.100000 116.000000 1 1 1 3 4 4 6 8 8 8 9 9 11 11 
0.800000 107.000000 1 2 3 4 4 4 8 9 11 12 12 12 13 14 
1.000000 114.000000 1 1 1 2 3 6 6 7 11 11 12 13 13 14 
1.000000 113.000000 1 1 3 4 4 6 6 6 7 7 7 11 11 12 
0.800000 112.000000 1 1 2 2 6 6 6 9 12 12 13 13 14 14 
0.900000 106.000000 1 3 4 5 5 5 7 9 10 10 11 12 13 14 
1.000000 112.000000 1 4 5 5 5 5 7 7 8 9 10 11 13 14 
1.000000 117.000000 1 4 4 4 6 7 8 9 9 10 11 13 14 14 
0.800000 108.000000 1 1 3 5 9 10 10 11 11 12 12 13 13 13 
0.900000 99.000000 2 3 4 8 9 9 9 10 11 11 12 12 12 14 
0.800000 103.000000 1 3 3 5 5 7 9 9 10 11 12 12 13 14 
0.800000 106.000000 1 3 5 5 5 8 8 8 9 12 12 13 13 13 
0.800000 113.000000 1 1 4 6 8 9 9 9 10 11 12 12 13 13 
1.100000 114.000000 1 1 3 3 4 4 5 7 7 7 9 11 11 14 
0.900000 107.000000 1 2 2 4 4 5 5 7 10 10 10 11 12 13 
0.900000 101.000000 2 2 4 4 4 5 9 10 10 12 12 13 14 14 
0.900000 108.000000 3 3 4 4 7 8 9 9 10 11 12 13 14 14 
0.800000 103.000000 1 3 3 4 4 5 5 8 8 11 11 12 12 12 
1.100000 117.000000 1 1 2 2 4 4 6 7 8 8 9 11 11 14 
0.900000 102.000000 3 4 4 5 5 5 7 7 9 10 12 12 13 14 
1.000000 110.000000 2 3 4 6 7 7 8 9 9 11 11 12 14 14 
1.000000 112.000000 1 2 4 5 5 6 6 8 8 11 12 13 14 14 
0.900000 104.000000 1 2 3 3 5 5 6 6 8 8 12 12 13 14 
0.900000 107.000000 1 2 3 5 5 5 7 8 8 9 9 10 11 12 
0.900000 96.000000 2 2 2 3 6 7 9 10 10 11 12 12 12 13 
1.000000 112.000000 1 1 2 3 3 3 6 6 7 8 8 12 13 13 
0.800000 108.000000 1 2 2 3 4 4 8 8 9 9 10 11 12 12 
0.800000 103.000000 2 2 6 6 7 9 9 12 12 12 13 13 14 14 
1.000000 113.000000 1 2 3 4 4 5 6 7 7 8 10 10 11 13 
1.100000 115.000000 2 5 5 6 7 8 9 11 11 13 14 14 14 14 
0.900000 98.000000 3 3 5 5 6 8 10 10 11 12 12 13 13 14 
1.100000 114.000000 1 1 2 2 3 4 5 6 7 10 11 13 14 14 
0.800000 100.000000 1 2 3 3 4 5 6 10 10 11 12 12 12 13 
1.100000 114.000000 1 3 3 3 4 4 5 6 8 8 8 9 14 14 
0.900000 101.000000 4 5 5 6 6 6 8 9 9 10 10 10 12 14 
0.900000 108.000000 1 2 5 5 6 7 8 9 11 11 12 12 13 14 
0.900000 102.000000 3 4 5 7 9 10 10 11 11 12 12 13 13 14 
0.800000 110.000000 1 1 2 4 4 5 6 9 10 12 12 13 13 14 
1.100000 115.000000 1 2 3 3 4 6 7 7 8 8 9 11 13 14 
0.900000 108.000000 1 2 3 5 6 7 7 8 9 11 12 12 13 13 
1.000000 108.000000 2 3 4 5 5 6 6 10 10 13 14 14 14 14 
1.100000 116.000000 1 1 1 1 1 3 4 4 5 6 8 9 13 13 
0.900000 105.000000 3 4 4 4 4 6 8 10 11 12 12 13 14 14 
0.900000 97.000000 3 4 4 5 5 6 7 9 9 10 12 12 12 14 
1.000000 113.000000 1 2 3 4 6 6 7 7 8 10 10 11 11 13 
0.900000 105.000000 1 3 3 3 6 6 6 7 8 9 9 10 10 12 
1.000000 113.000000 1 2 4 5 5 6 7 8 9 9 10 13 14 14 
0.800000 103.000000 1 2 3 4 6 7 9 9 9 10 11 12 12 12 
1.100000 116.000000 1 2 2 4 5 7 8 9 10 11 13 13 14 14 
0.900000 111.000000 1 3 5 5 7 8 8 8 9 9 11 11 12 13 
1.000000 111.000000 1 2 4 5 5 5 5 7 7 8 10 10 11 13 
0.900000 105.000000 2 4 4 4 5 6 7 7 8 9 10 11 12 12 
1.000000 108.000000 2 2 2 3 3 4 5 5 10 14 14 14 14 14 
0.900000 113.000000 1 4 4 6 7 7 8 9 9 9 9 10 11 12 
0.900000 112.000000 1 2 4 4 5 7 7 7 9 9 10 12 13 13 
1.000000 113.000000 3 4 4 4 6 7 8 8 8 9 12 13 13 14 
0.900000 112.000000 1 2 4 5 6 7 7 9 9 10 10 10 11 13 
0.900000 111.000000 1 1 2 2 4 5 5 7 7 9 10 11 12 13 
1.000000 112.000000 1 3 3 4 4 5 6 7 9 10 13 14 14 14 
1.000000 113.000000 1 1 1 3 3 4 5 8 9 11 11 12 13 14 
1.100000 115.000000 1 1 2 3 4 7 9 9 10 11 11 13 14 14 
1.000000 114.000000 1 3 4 4 4 5 7 7 8 9 10 11 13 14 
1.000000 113.000000 1 1 2 2 3 5 6 7 7 11 12 13 13 14 
0.900000 105.000000 3 6 7 9 9 9 11 11 11 12 12 14 14 14 
0.800000 106.000000 1 2 5 5 6 8 9 9 10 11 11 12 12 14 
0.900000 109.000000 1 3 4 4 5 6 7 8 9 10 10 11 12 13 
0.800000 99.000000 1 3 3 5 5 6 8 9 11 12 12 12 12 13 
1.000000 112.000000 2 4 5 5 6 7 8 8 9 10 10 11 13 14 
0.900000 109.000000 1 1 2 3 3 5 7 7 9 9 9 10 12 13 
0.900000 110.000000 4 5 5 7 8 8 9 9 10 11 12 13 13 14 
0.900000 104.000000 2 3 5 5 7 7 8 9 9 11 11 12 12 14 
0.900000 105.000000 4 4 5 5 5 6 6 6 7 8 8 10 10 12 
1.000000 111.000000 1 3 3 4 5 7 9 11 12 13 13 14 14 14 
1.000000 113.000000 1 1 4 5 5 6 7 8 9 9 10 10 11 13 
0.900000 98.000000 2 3 3 4 5 6 10 10 11 12 12 13 14 14 
1.000000 110.000000 1 2 3 3 9 10 10 10 11 11 11 13 14 14 
1.000000 114.000000 1 2 2 4 5 6 7 8 8 9 10 10 11 13 
0.900000 107.000000 5 6 6 6 7 7 8 9 9 10 10 11 11 12 
1.000000 114.000000 1 2 2 4 5 6 8 9 10 10 11 13 14 14 
0.900000 112.000000 4 4 5 6 6 7 8 8 10 11 12 13 13 14 
1.000000 112.000000 1 1 2 2 3 3 4 4 8 8 9 9 12 14 
0.800000 102.000000 1 2 3 4 9 9 9 10 10 11 12 12 12 13 
0.900000 109.000000 1 1 5 5 5 9 9 10 10 11 11 12 13 14 
0.900000 106.000000 1 3 3 5 5 5 6 7 10 11 12 13 14 14 
1.100000 116.000000 1 2 3 6 8 8 8 9 10 11 11 13 13 14 
0.900000 103.000000 2 4 4 4 4 6 7 9 10 10 11 12 12 14 
0.900000 102.000000 2 2 3 3 4 4 7 8 8 9 10 11 12 12 
1.000000 111.000000 2 2 3 4 5 7 8 8 10 10 11 11 13 14 
0.900000 107.000000 1 2 4 4 5 6 10 11 11 12 12 13 14 14 
1.000000 113.000000 1 1 2 3 4 5 5 7 7 9 10 11 13 14 
0.900000 110.000000 1 2 4 5 5 6 7 8 9 9 10 12 13 14 
1.100000 116.000000 1 2 2 4 4 5 6 6 7 7 7 8 13 14 
0.900000 98.000000 2 3 3 3 5 7 9 10 11 12 12 13 14 14 
1.100000 114.000000 1 2 3 4 5 5 7 7 8 11 11 11 14 14 
1.000000 112.000000 1 3 4 6 6 7 9 10 10 10 11 13 13 14 
1.000000 109.000000 2 3 3 5 7 7 8 9 9 10 10 11 13 14 
1.000000 115.000000 1 1 2 3 4 6 7 8 8 12 13 13 13 13 
0.800000 100.000000 2 5 5 5 6 7 7 9 10 11 12 12 12 13 
0.900000 105.000000 3 3 4 5 6 7 8 8 9 10 10 12 13 13 
1.200000 115.000000 1 1 2 3 3 5 6 6 7 9 9 14 14 14 
0.800000 104.000000 1 1 2 2 2 3 4 4 5 5 10 10 12 12 
1.100000 114.000000 1 1 3 5 5 8 9 9 10 11 11 13 14 14 
0.900000 114.000000 1 1 1 2 4 4 6 6 6 9 10 11 12 14 
1.000000 114.000000 1 5 6 6 6 7 8 9 10 10 11 11 13 14 
1.000000 116.000000 4 4 4 5 6 7 7 8 8 9 10 13 13 14 
0.900000 109.000000 1 3 4 4 4 6 8 9 10 10 10 12 13 13 
1.100000 113.000000 3 3 3 4 6 7 8 8 8 8 10 11 11 13 
1.000000 114.000000 1 1 2 2 5 6 6 7 7 11 12 13 13 14 
0.900000 105.000000 1 3 4 4 5 5 8 9 10 11 12 12 13 14 
1.000000 115.000000 1 1 2 5 7 7 9 10 10 11 11 11 13 13 
0.900000 112.000000 4 5 6 7 8 8 9 9 9 11 12 13 14 14 
0.900000 105.000000 3 3 5 5 5 6 7 8 8 9 9 10 10 14 
0.800000 108.000000 1 3 6 6 7 9 10 10 11 11 12 12 13 13 
0.800000 105.000000 1 1 3 3 5 6 6 8 9 9 9 10 12 12 
0.900000 108.000000 1 2 2 4 4 5 5 7 8 9 10 10 12 13 
0.900000 105.000000 2 4 5 5 6 6 8 8 9 10 10 12 13 14 
1.000000 107.000000 3 3 4 4 5 7 8 9 10 10 10 11 13 14 
0.900000 111.000000 1 2 4 4 6 6 7 9 10 10 11 12 13 14 
0.900000 100.000000 3 3 3 3 4 6 7 8 10 11 12 12 13 14 
1.100000 113.000000 1 2 3 5 5 7 8 8 8 9 9 10 11 11 
0.800000 109.000000 1 1 2 3 6 6 7 9 9 10 11 12 12 13 
1.000000 111.000000 1 2 2 2 2 3 5 6 7 8 10 10 11 14 
0.800000 108.000000 1 2 3 4 5 6 7 7 10 12 12 13 13 13 
0.900000 106.000000 3 4 4 6 7 9 10 10 10 11 12 13 13 14 
0.800000 104.000000 1 3 4 5 5 6 7 9 10 10 11 12 12 13 
0.900000 105.000000 2 5 6 6 6 7 8 8 9 9 12 12 13 14 
1.000000 113.000000 1 1 3 4 4 6 6 7 7 9 9 12 13 14 
0.800000 106.000000 1 2 4 6 6 6 6 8 9 9 10 10 12 12 
1.100000 115.000000 1 1 2 2 4 5 5 5 7 7 8 8 9 13 
0.900000 111.000000 1 2 2 4 5 7 9 10 11 11 12 13 14 14 
1.000000 115.000000 1 1 2 2 2 4 4 4 8 9 9 10 10 14 
1.100000 116.000000 1 1 2 2 3 4 4 7 7 8 9 9 13 14 
1.000000 116.000000 1 4 4 7 7 7 9 9 10 10 11 11 13 13 
1.100000 116.000000 1 2 4 4 5 5 6 7 8 8 8 9 13 14 
0.900000 105.000000 2 3 4 6 6 8 9 12 12 13 13 14 14 14 
0.900000 107.000000 1 2 2 3 3 4 5 5 7 7 7 9 10 12 
0.900000 108.000000 1 1 2 2 3 3 3 5 6 7 8 10 12 13 
0.900000 101.000000 3 3 4 5 5 6 8 8 10 12 12 13 13 14 
1.100000 114.000000 1 1 5 5 6 7 9 10 11 11 11 11 14 14 
1.000000 111.000000 3 4 4 5 6 7 8 10 10 10 13 13 13 14 
0.900000 102.000000 1 3 3 4 5 5 5 9 10 11 12 12 14 14 
0.800000 105.000000 2 2 10 11 11 11 12 12 12 13 13 13 14 14 
0.900000 110.000000 2 5 8 9 10 10 11 12 13 13 13 13 14 14 
1.000000 116.000000 1 4 4 4 4 5 6 7 7 8 10 13 13 14 
1.000000 116.000000 1 1 4 4 5 6 8 10 10 11 13 13 13 14 
1.000000 112.000000 1 2 2 4 5 5 6 6 7 7 8 10 10 11 
0.900000 101.000000 2 3 5 5 6 7 10 11 11 12 12 13 14 14 
1.000000 112.000000 1 1 3 5 5 5 5 6 7 8 10 13 13 14 
0.900000 100.000000 2 2 2 3 4 6 6 7 9 10 12 12 14 14 
0.900000 109.000000 1 2 3 4 4 4 5 6 6 7 8 10 12 14 
1.000000 105.000000 2 3 3 3 4 4 7 8 10 11 11 12 14 14 
1.000000 111.000000 1 3 3 4 4 5 5 6 7 7 7 8 9 10 
1.100000 113.000000 2 3 4 5 5 6 7 7 8 10 11 13 14 14 
1.000000 112.000000 1 2 3 4 6 7 7 8 9 9 11 12 13 14 
1.100000 115.000000 1 2 3 4 5 7 8 8 9 9 11 13 14 14 
0.900000 102.000000 4 4 5 5 5 6 6 7 8 9 10 12 12 14 
1.000000 112.000000 1 1 2 3 3 3 4 8 8 9 9 9 10 14 
1.000000 111.000000 5 5 6 6 7 8 9 11 12 13 13 14 14 14 
0.900000 109.000000 1 1 2 2 3 3 4 4 5 6 8 10 12 14 
0.900000 111.000000 1 2 5 5 6 8 8 8 9 10 11 12 13 13 
0.900000 114.000000 1 1 1 3 4 4 4 4 9 10 11 12 13 14 
0.900000 108.000000 3 4 4 5 6 6 7 7 8 9 10 12 13 14 
0.900000 114.000000 1 2 2 6 6 7 8 8 9 10 11 12 13 13 
1.100000 113.000000 2 2 3 3 4 6 7 7 8 8 8 9 10 13 
0.800000 107.000000 1 2 2 4 5 5 8 8 10 11 11 12 12 13 
0.900000 108.000000 2 2 2 5 5 6 7 7 8 10 12 13 13 14 
0.800000 101.000000 2 3 4 5 5 8 8 9 12 12 12 13 13 14 
0.900000 111.000000 1 1 2 3 4 5 6 7 9 10 11 12 13 14 
0.900000 105.000000 3 3 4 5 5 6 8 8 9 10 10 10 11 14 
1.000000 111.000000 1 2 3 4 5 5 5 7 7 8 8 9 9 10 
1.200000 117.000000 1 3 4 5 6 6 7 8 11 13 13 14 14 14 
1.100000 114.000000 1 1 1 3 5 5 7 9 10 11 11 11 13 14 
1.000000 110.000000 1 2 2 3 3 4 7 7 9 10 10 10 11 13 
1.000000 114.000000 1 1 2 2 3 6 6 6 6 8 10 10 13 14 
0.800000 103.000000 1 3 3 4 5 5 7 10 10 11 11 12 12 13 
1.100000 115.000000 1 2 3 4 4 5 8 8 8 8 9 11 11 14 
0.900000 112.000000 1 1 1 2 3 4 4 5 6 10 11 11 12 14 
0.900000 103.000000 3 4 5 5 6 7 8 10 11 11 11 12 12 14 
1.000000 112.000000 1 2 3 4 6 7 9 10 10 10 11 11 13 14 
0.800000 109.000000 1 1 2 4 4 5 5 6 7 10 11 12 12 13 
0.900000 102.000000 3 3 3 3 4 5 5 7 8 10 11 12 14 14 
0.900000 107.000000 1 2 3 4 5 7 8 9 9 9 11 12 12 14 
0.900000 106.000000 2 2 4 6 9 9 10 10 11 11 12 14 14 14 
1.100000 117.000000 5 6 7 7 8 8 9 9 10 13 13 13 13 14 
0.800000 109.000000 2 4 6 7 7 7 9 9 9 10 12 12 13 13 
1.000000 111.000000 1 1 2 3 3 4 5 5 7 11 12 13 14 14 
0.800000 115.000000 1 1 1 4 6 6 11 11 11 11 12 12 13 14 
0.800000 100.000000 1 3 3 3 5 5 7 8 9 9 11 12 12 12 
1.100000 115.000000 1 1 4 5 5 5 6 7 8 8 9 10 11 13 
1.000000 115.000000 1 2 4 5 6 7 8 9 10 10 13 13 13 14 
1.100000 118.000000 1 4 7 8 8 9 11 11 11 11 13 13 14 14 
0.900000 97.000000 2 3 3 5 5 10 10 11 12 12 13 13 14 14 
0.900000 109.000000 1 1 2 3 4 5 6 8 9 9 10 10 12 13 
1.000000 111.000000 1 2 3 3 3 4 6 7 7 8 10 10 11 13 
0.800000 106.000000 3 7 8 8 9 9 9 11 11 11 12 12 12 13 
1.000000 108.000000 3 5 5 6 6 8 8 8 9 10 10 10 11 11 
0.800000 112.000000 1 1 2 4 6 6 6 6 7 7 9 11 12 12 
1.000000 114.000000 1 1 2 5 6 6 7 9 9 9 9 10 14 14 
1.100000 113.000000 2 2 3 5 5 6 7 7 8 9 11 14 14 14 
0.900000 107.000000 1 3 4 5 5 7 7 8 9 9 11 12 12 13 
0.900000 111.000000 1 2 3 3 9 10 10 10 11 13 13 13 14 14 
0.800000 103.000000 2 2 2 4 5 7 9 12 12 12 13 13 14 14 
1.100000 117.000000 1 1 1 2 5 6 8 9 10 13 13 13 13 14 
1.000000 105.000000 2 2 3 3 4 6 6 7 8 10 11 12 14 14 
1.000000 105.000000 2 3 3 4 6 6 8 8 9 10 12 13 14 14 
1.100000 115.000000 1 1 3 4 4 4 6 6 7 7 8 9 9 10 
0.800000 108.000000 1 3 3 6 7 8 9 10 11 12 12 13 13 13 
0.900000 111.000000 1 1 3 4 4 5 5 10 11 12 13 13 14 14 
0.800000 106.000000 1 2 2 4 5 5 6 8 8 9 10 11 12 12 
0.800000 107.000000 1 1 2 3 3 4 5 7 9 10 11 11 12 12 
1.000000 112.000000 2 3 4 4 6 7 7 8 11 11 12 13 14 14 
1.000000 113.000000 1 3 4 5 7 8 8 9 11 11 12 13 13 14 
0.900000 103.000000 3 5 5 6 6 6 7 7 8 9 12 12 13 14 
1.000000 114.000000 1 1 2 2 3 4 6 6 8 9 10 10 13 14 
0.800000 109.000000 1 1 2 4 5 5 6 9 9 12 12 13 14 14 
1.100000 113.000000 1 2 3 5 6 6 8 9 9 10 11 14 14 14 
0.900000 106.000000 2 2 3 3 5 6 7 7 8 8 9 10 12 13 
0.900000 106.000000 1 1 3 3 3 5 6 6 6 12 12 13 14 14 
1.000000 114.000000 4 7 7 8 8 9 9 9 10 10 11 11 11 11 
0.900000 114.000000 1 1 4 5 6 9 10 12 13 13 13 13 14 14 
1.100000 114.000000 2 3 3 4 5 6 7 7 8 8 9 13 14 14 
0.900000 109.000000 1 1 2 3 3 3 3 4 8 8 10 11 12 13 
1.100000 112.000000 2 2 3 4 4 5 6 6 7 7 8 10 14 14 
0.900000 94.000000 3 3 5 6 6 6 10 11 12 12 12 12 13 14 
1.000000 113.000000 2 3 6 6 7 7 8 11 12 13 13 13 14 14 
1.100000 115.000000 1 4 4 5 6 7 7 9 10 11 11 13 14 14 
0.900000 111.000000 1 1 3 4 4 5 6 6 7 7 9 10 11 12 
0.900000 107.000000 1 1 2 3 5 5 5 6 9 9 10 12 14 14 
0.900000 111.000000 1 1 2 2 4 4 5 5 8 9 10 11 12 14 
0.900000 106.000000 2 3 5 5 7 8 8 9 9 10 11 12 13 14 
0.900000 102.000000 2 4 4 6 6 6 10 10 12 12 13 13 14 14 
1.000000 111.000000 3 3 5 6 7 8 8 9 9 9 10 13 14 14 
0.900000 107.000000 1 2 2 3 3 4 7 9 10 10 11 12 13 14 
1.100000 114.000000 1 2 2 2 3 6 7 7 9 10 11 13 14 14 
0.900000 97.000000 2 2 3 5 5 9 10 10 11 12 12 13 14 14 
0.800000 105.000000 1 2 3 4 4 6 6 7 9 11 12 12 12 14 
0.900000 110.000000 1 2 4 5 5 9 10 11 11 12 13 14 14 14 
0.900000 112.000000 2 4 4 4 6 7 7 7 9 10 11 12 13 14 
0.900000 110.000000 1 4 5 6 6 6 7 8 9 10 10 12 13 13 
0.900000 112.000000 2 4 5 6 7 8 8 10 11 11 12 13 13 14 
1.000000 114.000000 1 3 4 4 4 4 8 8 8 11 11 12 13 14 
1.000000 112.000000 1 2 2 3 3 4 5 5 7 8 8 10 13 14 
1.000000 111.000000 5 6 6 6 7 7 7 9 11 11 12 13 14 14 
1.000000 111.000000 2 3 4 6 6 7 8 8 8 9 9 10 10 11 
1.100000 114.000000 1 3 3 5 5 5 7 8 8 8 11 13 13 14 
1.000000 110.000000 1 3 3 5 6 7 7 8 9 9 11 11 12 14 
1.000000 112.000000 1 2 5 5 6 6 7 8 8 9 11 12 13 14 
0.900000 100.000000 2 2 2 3 5 6 8 9 10 10 10 11 12 14 
1.000000 112.000000 1 1 2 2 3 4 4 5 5 7 7 8 11 12 
0.900000 107.000000 2 2 2 2 4 5 7 8 8 10 10 11 11 12 
0.900000 109.000000 1 3 3 5 6 7 8 9 10 11 11 12 13 14 
0.800000 105.000000 1 2 5 5 6 6 7 9 9 10 12 12 13 14 
1.000000 114.000000 1 1 1 1 2 4 4 5 5 8 9 11 12 13 
1.100000 116.000000 1 3 4 6 7 8 9 9 11 11 13 14 14 14 
0.900000 112.000000 1 1 2 3 5 8 8 9 9 9 9 12 13 14 
1.100000 115.000000 1 2 2 4 5 5 6 7 8 8 10 13 13 14 
0.900000 110.000000 1 4 4 4 6 6 9 10 10 10 11 12 13 14 
0.900000 104.000000 2 4 4 5 5 6 6 8 8 8 10 12 12 13 
0.900000 108.000000 1 2 5 5 5 7 7 9 9 9 10 12 13 14 
1.100000 113.000000 3 3 5 5 6 7 8 8 8 9 11 11 14 14 
1.000000 116.000000 1 4 4 4 6 8 8 8 9 9 10 10 11 11 
1.100000 116.000000 1 1 2 3 4 7 10 11 11 11 13 13 14 14 
0.700000 104.000000 1 2 3 6 9 10 11 11 12 12 12 12 13 13 
0.900000 101.000000 2 3 4 6 6 7 9 10 10 12 12 13 13 14 
0.900000 110.000000 1 1 2 2 3 5 6 8 9 9 10 12 13 14 
1.100000 115.000000 1 2 3 4 4 6 6 7 7 11 11 14 14 14 
0.900000 103.000000 5 5 5 6 6 7 8 9 10 10 10 11 12 13 
1.100000 114.000000 1 1 2 2 2 3 4 5 5 7 7 8 10 13 
0.900000 106.000000 3 4 4 5 5 6 7 7 7 8 11 12 12 13 
0.800000 105.000000 1 2 5 5 5 7 8 9 9 10 11 12 12 13 
1.000000 113.000000 1 3 3 5 7 8 9 9 10 13 13 13 14 14 
1.000000 112.000000 1 2 3 3 4 5 5 7 7 10 11 13 14 14 
0.900000 105.000000 2 2 3 3 4 4 6 7 7 8 10 10 12 13 
0.700000 109.000000 1 2 2 2 6 7 9 9 11 12 12 12 13 14 
0.900000 97.000000 4 5 6 6 9 10 11 12 12 12 12 13 13 14 
1.000000 113.000000 1 1 2 3 5 6 6 8 10 10 10 11 13 13 
0.800000 104.000000 1 2 4 5 5 6 6 10 10 11 12 12 13 14 
0.900000 102.000000 3 4 4 5 5 7 9 10 12 12 13 13 14 14 
1.000000 112.000000 1 1 3 4 5 5 6 7 8 8 9 11 11 12 
0.900000 113.000000 1 2 3 7 8 8 9 9 9 11 11 12 13 14 
1.100000 115.000000 2 4 4 5 6 6 7 7 8 9 10 13 14 14 
1.000000 111.000000 1 1 3 3 4 5 5 5 8 10 10 11 13 14 
1.100000 114.000000 1 1 3 3 4 5 5 5 7 8 8 9 11 14 
1.000000 115.000000 1 1 1 4 5 6 8 8 9 11 11 12 13 13 
0.900000 114.000000 1 1 2 2 4 4 6 8 9 9 11 12 14 14 
0.900000 99.000000 2 2 3 4 4 6 8 10 10 10 12 12 13 13 
0.800000 107.000000 1 2 3 4 6 9 10 10 11 11 12 12 13 14 
0.800000 114.000000 2 6 7 8 9 9 10 10 11 12 13 13 13 14 
1.100000 117.000000 1 2 4 4 4 6 6 6 7 8 10 13 14 14 
0.900000 102.000000 3 3 6 6 6 8 9 9 11 12 12 14 14 14 
0.900000 107.000000 2 2 3 4 5 6 7 8 8 9 10 12 13 14 
0.900000 107.000000 1 2 2 3 4 4 5 8 8 9 9 10 10 12 
1.100000 123.000000 4 6 8 9 9 10 11 13 13 13 14 14 14 14 
1.100000 112.000000 2 3 3 5 6 7 8 8 9 10 11 13 14 14 
0.800000 102.000000 1 3 3 4 5 5 7 9 9 11 12 12 12 14 
1.100000 117.000000 2 2 6 6 7 8 9 10 11 13 13 14 14 14 
1.100000 116.000000 1 1 2 5 5 8 8 9 11 11 13 13 14 14 
1.000000 113.000000 1 1 2 4 4 5 5 6 8 11 12 13 14 14 
0.900000 101.000000 3 3 4 6 6 7 9 9 10 10 10 12 13 14 
1.200000 116.000000 1 2 3 5 6 7 7 8 8 9 11 13 13 14 
0.800000 110.000000 1 1 2 2 4 5 8 12 12 12 13 13 13 13 
1.000000 106.000000 2 2 3 3 4 10 10 10 11 11 13 14 14 14 
1.100000 115.000000 2 2 4 4 5 6 7 7 7 8 8 11 11 14 
1.000000 118.000000 2 4 6 6 7 8 9 10 10 13 13 13 14 14 
0.900000 105.000000 1 2 2 2 3 3 6 6 6 7 7 10 10 12 
1.000000 114.000000 1 3 4 4 4 8 9 9 12 13 13 14 14 14 
0.900000 108.000000 2 2 3 4 5 7 8 10 11 11 11 12 14 14 
1.000000 110.000000 1 2 2 3 4 5 5 6 7 8 11 12 14 14 
1.200000 115.000000 1 1 1 2 3 6 6 7 7 7 9 11 11 11 
0.900000 110.000000 1 2 2 3 4 5 6 6 7 8 8 10 12 13 
0.900000 109.000000 1 4 4 5 6 8 9 10 10 10 11 12 13 13 
0.800000 103.000000 1 2 3 3 6 9 10 10 10 11 11 11 12 12 
0.900000 110.000000 1 2 2 3 3 7 8 9 10 11 12 13 13 14 
0.900000 111.000000 1 2 2 2 4 5 7 7 7 9 9 10 12 13 
0.900000 111.000000 1 3 4 4 6 6 7 8 9 9 10 12 13 14 
0.900000 110.000000 1 1 3 5 8 9 9 9 10 10 11 12 13 13 
1.100000 114.000000 1 1 2 2 2 3 4 5 5 7 8 11 14 14 
1.000000 112.000000 1 2 4 5 7 8 9 9 11 11 11 12 14 14 
0.900000 106.000000 1 2 3 3 4 4 8 10 11 12 12 13 13 14 
0.900000 110.000000 1 2 3 3 6 7 7 9 10 11 12 13 13 14 
0.800000 105.000000 1 1 2 3 4 5 5 5 9 10 12 12 13 14 
1.100000 114.000000 2 2 4 5 5 6 7 7 8 10 11 13 14 14 
0.900000 110.000000 1 3 3 4 6 6 7 8 10 11 11 12 13 14 
0.900000 108.000000 3 4 5 6 6 6 7 7 7 10 12 13 13 14 
0.900000 110.000000 1 2 3 3 4 4 6 7 8 10 11 11 12 14 
1.000000 110.000000 1 2 2 2 2 3 3 8 10 10 11 11 14 14 
1.000000 112.000000 1 2 3 3 4 5 7 8 9 9 10 13 14 14 
1.100000 113.000000 1 2 3 4 5 5 6 7 7 8 10 11 11 14 
1.000000 113.000000 1 1 3 4 5 6 7 9 9 10 10 11 13 14 
1.100000 113.000000 1 1 1 1 2 3 3 3 3 5 10 11 11 14 
1.100000 115.000000 1 1 2 2 2 4 5 6 7 7 8 9 10 13 
0.900000 108.000000 1 2 3 4 4 4 5 7 7 8 9 12 12 13 
0.800000 106.000000 1 2 3 4 5 8 9 10 10 11 12 12 13 13 
0.800000 108.000000 1 1 2 5 5 6 6 8 9 10 12 12 13 13 
0.900000 113.000000 4 4 6 6 7 7 8 8 9 10 11 11 12 13 
0.800000 103.000000 1 2 2 2 2 5 6 6 8 9 12 12 12 14 
0.900000 104.000000 2 4 4 5 8 8 9 10 10 11 11 12 12 13 
0.900000 109.000000 1 1 2 3 5 6 6 7 9 9 10 10 11 12 
0.900000 107.000000 2 2 4 4 4 8 9 9 9 10 10 12 14 14 
0.900000 111.000000 1 1 1 2 2 3 3 4 4 6 10 11 12 14 
1.100000 113.000000 1 1 2 3 3 4 5 5 6 6 7 7 8 10 
0.900000 108.000000 1 2 3 4 6 6 7 7 9 11 11 12 12 14 
1.000000 110.000000 1 2 2 3 3 5 5 6 7 8 9 10 14 14 
0.900000 96.000000 2 3 3 6 6 7 9 10 10 11 11 12 12 12 
1.000000 112.000000 1 1 3 4 4 5 5 5 6 7 8 10 10 11 
0.900000 105.000000 2 5 5 8 9 9 10 10 11 11 12 13 14 14 
0.800000 111.000000 1 2 2 4 4 7 7 9 9 10 11 12 12 13 
1.000000 114.000000 1 1 3 4 6 7 8 9 9 11 12 13 13 14 
0.800000 108.000000 1 1 4 4 5 6 6 9 11 12 12 12 13 14 
0.900000 106.000000 1 2 2 2 3 4 4 6 8 10 12 12 13 14 
1.000000 110.000000 2 4 4 4 5 7 9 10 10 10 11 11 14 14 
0.900000 99.000000 2 2 3 4 4 7 9 9 10 10 10 12 12 13 
0.900000 109.000000 1 2 3 4 5 5 7 8 8 9 10 11 12 13 
0.900000 103.000000 4 4 4 5 5 5 7 10 11 12 12 13 14 14 
1.200000 117.000000 2 3 6 6 7 7 8 9 11 13 13 14 14 14 
0.900000 107.000000 1 2 2 2 5 6 6 6 8 12 12 13 14 14 
0.900000 105.000000 2 3 4 6 7 8 9 10 10 10 11 11 12 13 
0.900000 110.000000 1 4 4 5 5 6 8 10 11 11 11 12 14 14 
1.000000 110.000000 1 3 3 3 4 4 4 5 7 8 10 10 13 14 
1.000000 114.000000 1 2 3 4 4 5 7 7 7 9 10 13 13 14 
0.900000 105.000000 1 3 3 4 5 9 10 10 10 11 11 12 13 14 
1.100000 118.000000 3 4 6 7 7 8 8 10 11 13 13 13 13 14 
1.100000 116.000000 1 1 4 5 5 6 7 8 10 11 13 13 13 14 
0.800000 109.000000 1 1 1 2 4 4 4 5 9 9 11 12 12 12 
1.100000 115.000000 1 2 2 4 5 7 7 7 8 8 9 11 11 11 
0.900000 104.000000 2 3 5 6 6 7 8 8 9 9 12 12 13 14 
0.900000 100.000000 3 4 5 6 7 8 9 9 9 11 12 12 12 14 
0.800000 103.000000 1 1 2 2 3 3 5 5 5 6 8 10 12 12 
1.000000 112.000000 1 1 3 3 9 9 11 11 11 12 13 14 14 14 
0.900000 109.000000 1 1 2 2 3 4 4 6 7 7 9 9 12 12 
1.000000 114.000000 1 3 4 4 6 7 8 8 9 11 12 13 13 14 
0.800000 101.000000 1 2 2 3 3 5 5 7 8 9 11 12 12 12 
0.900000 107.000000 1 2 2 3 4 6 10 10 10 11 12 13 13 14 
0.900000 104.000000 3 4 5 5 8 9 9 10 10 11 12 13 14 14 
1.100000 115.000000 1 2 4 5 5 6 7 8 9 10 11 13 14 14 
0.900000 105.000000 2 3 5 5 6 6 8 10 12 13 13 14 14 14 
0.800000 103.000000 1 2 3 4 4 5 5 6 8 9 10 10 12 12 
0.900000 113.000000 1 2 2 6 8 8 9 9 9 10 11 12 13 14 
0.900000 102.000000 2 3 3 3 4 4 5 7 8 8 9 10 10 12 
0.800000 112.000000 1 1 4 4 6 6 10 10 11 11 12 12 13 13 
1.000000 109.000000 1 2 2 3 3 6 7 7 9 9 11 12 14 14 
1.000000 111.000000 1 2 4 4 4 5 5 6 6 7 8 10 10 10 
0.900000 104.000000 3 3 4 4 6 8 8 10 11 12 12 13 13 14 
1.000000 111.000000 3 5 5 5 8 8 8 8 9 9 10 11 11 14 
0.900000 110.000000 1 4 4 5 6 6 7 8 8 9 11 11 12 12 
1.000000 113.000000 1 2 3 6 6 7 8 8 8 9 9 11 12 13 
1.000000 110.000000 3 5 5 6 6 6 7 7 8 10 10 11 13 14 
1.100000 115.000000 1 2 4 5 5 6 6 6 7 7 7 8 9 14 
0.900000 104.000000 2 3 4 4 8 9 9 9 10 10 10 10 10 11 
1.000000 115.000000 1 1 2 2 4 6 8 8 9 11 11 12 13 14 
0.900000 111.000000 3 6 7 9 9 10 11 12 13 13 13 14 14 14 
0.900000 109.000000 1 3 4 5 5 6 6 7 8 8 10 12 13 13 
0.900000 109.000000 1 2 3 4 6 6 9 10 10 11 12 13 14 14 
1.000000 111.000000 1 1 2 3 3 4 5 5 7 7 11 12 13 14 
0.800000 102.000000 1 2 4 5 5 9 9 9 10 10 10 11 12 12 
0.900000 108.000000 2 3 3 6 7 7 8 9 10 11 11 12 13 14 
1.000000 108.000000 2 3 4 5 6 6 6 7 7 10 10 10 13 14 
1.100000 118.000000 1 2 4 5 7 8 8 8 9 11 13 13 13 14 
1.000000 111.000000 1 3 4 5 5 6 7 8 8 8 11 11 11 12 
1.100000 116.000000 1 1 1 4 5 6 6 7 7 8 9 11 13 13 
1.100000 117.000000 1 1 2 4 4 6 7 7 9 11 11 13 14 14 
1.000000 111.000000 1 2 3 4 4 6 7 8 9 10 10 10 11 11 
0.900000 103.000000 1 3 3 3 3 4 5 5 8 10 10 12 13 14 
0.900000 98.000000 2 2 2 4 4 5 5 8 10 12 12 12 13 14 
1.100000 118.000000 1 1 4 6 7 8 8 9 11 11 11 13 13 14 
1.100000 113.000000 1 1 2 3 3 3 4 5 6 6 7 8 10 14 
0.800000 106.000000 1 2 2 3 5 6 7 7 9 10 12 12 13 13 
0.800000 99.000000 4 5 5 5 5 5 8 12 12 12 13 13 14 14 
0.900000 104.000000 2 2 3 4 5 5 7 8 10 10 11 11 12 14 
0.900000 101.000000 2 2 2 5 6 6 7 9 10 12 12 13 14 14 
1.000000 113.000000 1 2 2 5 7 7 7 9 9 10 10 11 11 13 
0.700000 109.000000 1 2 2 6 6 7 9 10 11 11 12 12 12 13 
0.900000 108.000000 3 5 7 7 8 9 9 9 9 10 12 13 13 14 
0.900000 105.000000 2 5 5 6 7 8 10 10 10 11 11 11 12 13 
0.900000 109.000000 1 2 5 5 5 6 7 8 9 9 10 10 10 13 
0.900000 109.000000 1 4 4 5 5 6 7 8 11 11 12 12 13 14 
0.900000 113.000000 2 2 8 8 8 9 9 10 11 11 11 11 12 14 
0.900000 114.000000 1 2 4 6 6 7 7 10 11 11 12 13 13 14 
0.900000 106.000000 2 2 3 3 3 7 7 7 8 10 11 11 12 13 
1.000000 112.000000 2 4 5 5 6 6 8 8 8 9 9 10 14 14 
0.900000 108.000000 5 6 6 6 6 7 7 10 10 12 13 13 13 14 
1.000000 102.000000 2 3 4 6 6 6 8 9 10 10 11 12 14 14 
1.000000 115.000000 1 2 4 4 4 6 7 7 8 11 12 13 13 14 
0.900000 99.000000 2 3 3 4 5 5 6 8 10 12 12 13 14 14 
1.100000 112.000000 3 5 5 6 6 7 7 7 8 8 9 10 11 11 
0.900000 108.000000 1 1 2 2 2 4 5 5 6 6 8 12 12 14 
0.900000 106.000000 3 5 6 7 7 8 9 9 11 11 12 12 13 14 
0.900000 100.000000 2 3 4 5 6 6 7 10 10 11 11 12 12 14 
0.800000 109.000000 2 2 4 6 7 7 8 9 9 10 12 12 13 13 
1.200000 115.000000 1 1 3 3 6 6 6 7 9 11 13 14 14 14 
1.000000 113.000000 1 4 5 5 6 6 7 7 9 9 10 13 14 14 
0.900000 106.000000 1 3 3 5 6 7 7 9 9 9 10 10 12 13 
0.900000 105.000000 1 2 3 4 5 5 10 11 11 12 12 13 14 14 
1.000000 114.000000 1 1 2 2 6 6 6 6 6 8 8 10 10 11 
1.100000 115.000000 1 1 3 3 6 6 8 8 10 11 11 13 13 14 
0.900000 109.000000 1 1 2 3 5 6 6 7 11 11 12 12 13 14 
0.900000 113.000000 1 1 1 4 4 4 5 6 6 9 10 11 12 14 
0.800000 110.000000 1 2 2 4 4 6 7 8 9 9 10 12 12 13 
0.900000 111.000000 1 2 3 4 4 6 6 7 7 8 9 10 12 13 
1.000000 111.000000 1 3 4 4 5 5 7 7 9 11 11 12 14 14 
0.900000 103.000000 3 3 4 4 6 8 9 9 12 12 13 14 14 14 
0.900000 112.000000 1 1 2 2 2 5 6 7 9 10 11 12 13 14 
1.000000 115.000000 1 1 1 2 4 5 6 6 8 11 12 13 13 14 
1.100000 116.000000 1 1 2 3 4 4 6 6 7 7 7 11 13 14 
1.000000 111.000000 1 1 3 3 5 5 5 6 7 9 9 10 14 14 
1.100000 116.000000 1 2 3 4 6 6 7 8 8 8 9 10 13 13 
1.000000 112.000000 3 4 4 5 6 7 7 8 8 10 10 11 11 13 
1.000000 112.000000 1 1 3 5 5 5 6 9 10 10 13 13 14 14 
1.100000 116.000000 1 4 5 5 7 7 8 10 11 13 13 13 13 14 
1.000000 112.000000 1 3 4 4 5 6 7 7 7 8 9 11 11 12 
1.200000 116.000000 1 1 2 3 3 6 7 7 7 8 9 11 13 13 
0.900000 105.000000 1 2 2 3 3 5 5 6 7 7 7 12 12 13 
0.800000 99.000000 2 2 4 4 5 5 7 8 9 9 12 12 12 12 
0.900000 103.000000 1 3 3 5 5 5 5 6 6 7 7 10 10 12 
0.900000 107.000000 2 2 2 4 5 7 8 8 8 9 12 12 13 13 
0.900000 109.000000 2 3 4 8 9 10 10 10 10 11 11 11 13 14 
0.900000 113.000000 1 1 3 4 5 7 8 9 10 11 12 13 13 13 
1.000000 112.000000 1 3 4 5 5 6 7 8 11 12 13 13 14 14 
1.200000 117.000000 1 3 4 6 6 7 8 8 8 9 11 13 13 14 
0.900000 112.000000 2 3 4 7 7 8 10 11 11 12 13 13 13 14 
1.000000 114.000000 1 4 5 6 8 8 9 10 10 11 11 11 13 14 
1.000000 96.000000 3 3 3 4 6 10 10 10 11 11 11 12 12 14 
0.900000 105.000000 1 2 2 3 5 5 5 7 8 9 10 10 11 12 
0.900000 111.000000 2 4 6 6 7 7 8 9 10 10 12 13 13 13 
0.900000 112.000000 1 1 2 2 2 6 6 8 10 10 11 11 11 12 
1.000000 111.000000 1 1 1 3 3 3 3 4 5 7 8 11 11 12 
1.000000 112.000000 1 2 3 4 4 5 6 7 7 8 11 12 13 14 
1.000000 114.000000 4 4 4 6 7 7 8 8 9 11 11 12 13 14 
0.900000 108.000000 3 4 6 6 6 7 8 10 10 11 11 12 13 14 
1.100000 115.000000 1 1 2 2 3 3 4 6 7 8 10 13 13 14 
1.000000 112.000000 1 2 4 5 5 6 6 7 7 8 9 12 13 14 
0.900000 101.000000 3 3 4 5 5 6 6 7 7 10 10 10 12 13 
0.900000 110.000000 1 3 3 4 7 7 9 9 10 11 12 13 13 14 
0.900000 109.000000 2 2 4 4 4 4 7 8 9 10 10 11 12 14 
0.900000 106.000000 3 3 6 6 7 8 12 12 13 13 13 13 14 14 
0.900000 96.000000 3 3 4 5 6 9 9 10 11 12 12 12 14 14 
0.900000 109.000000 1 2 2 4 4 6 6 8 10 10 10 11 12 13 
1.000000 111.000000 4 5 6 6 6 6 8 8 8 9 10 10 10 13 
1.000000 113.000000 1 1 2 4 5 6 6 6 8 8 8 9 9 12 
0.900000 104.000000 1 2 3 3 3 4 6 7 10 10 10 12 13 13 
1.000000 114.000000 1 2 4 6 6 6 6 7 8 8 8 11 12 13 
0.900000 109.000000 1 3 5 6 6 6 7 8 9 9 10 12 13 14 
0.900000 115.000000 1 1 2 6 6 7 9 10 11 11 12 13 13 14 
0.800000 110.000000 1 2 2 3 7 8 9 9 11 12 12 13 13 14 
1.000000 116.000000 1 1 1 2 2 2 6 7 9 10 10 11 13 13 
1.000000 110.000000 1 2 3 4 4 5 5 5 7 7 10 10 11 14 
1.000000 113.000000 1 2 4 5 6 6 7 7 7 11 11 12 13 14 
0.900000 104.000000 2 3 4 4 5 6 6 8 9 10 10 10 10 14 
0.900000 107.000000 4 5 5 5 5 7 8 8 9 9 10 10 10 11 
0.900000 110.000000 1 2 5 5 7 9 10 11 11 11 12 13 14 14 
0.800000 105.000000 1 2 5 5 5 6 6 6 7 7 9 12 12 14 
0.900000 111.000000 1 1 2 2 4 5 6 6 10 10 11 12 13 14 
0.800000 106.000000 1 3 4 5 5 6 7 8 9 10 11 11 12 12 
1.000000 111.000000 2 2 4 5 5 6 7 8 10 10 11 13 14 14 
0.800000 113.000000 1 2 4 6 8 8 9 10 11 11 12 12 13 13 
0.800000 105.000000 1 2 2 4 5 9 10 10 10 11 12 12 13 13 
0.900000 99.000000 3 4 6 6 6 7 9 10 11 12 12 12 13 14 
0.900000 110.000000 1 1 2 3 3 4 5 6 7 10 11 12 13 14 
0.900000 100.000000 2 2 2 2 2 5 5 8 8 10 11 12 12 14 
1.100000 116.000000 2 2 4 5 6 6 7 8 8 8 8 10 13 13 
0.900000 112.000000 1 1 1 3 4 6 6 7 9 11 12 12 13 13 
1.100000 115.000000 1 3 3 4 6 7 7 8 10 11 11 13 13 14 
0.900000 105.000000 1 2 2 2 3 4 5 6 9 10 10 12 14 14 
0.800000 108.000000 1 3 4 4 6 7 11 11 12 12 12 13 13 14 
1.000000 110.000000 1 1 2 3 3 3 3 6 8 11 12 13 14 14 
1.100000 116.000000 1 2 2 2 4 6 7 7 8 8 9 10 11 13 
0.900000 105.000000 1 3 3 4 4 5 6 8 10 10 10 11 12 13 
0.800000 105.000000 1 3 5 6 6 6 8 10 10 11 12 12 13 13 
0.900000 105.000000 4 4 5 6 9 9 9 10 10 11 12 14 14 14 
0.900000 104.000000 3 4 4 6 8 9 9 10 11 12 12 13 14 14 
0.800000 108.000000 1 2 2 2 2 4 5 7 7 10 11 12 12 13 
0.900000 94.000000 2 3 3 3 5 5 7 9 10 10 10 11 12 12 
0.900000 99.000000 3 3 3 3 4 8 9 10 10 10 11 12 13 14 
0.900000 107.000000 2 3 4 5 5 6 7 7 7 9 10 10 10 11 
0.900000 107.000000 3 5 5 7 7 8 8 11 11 11 12 12 13 13 
0.900000 106.000000 3 5 5 5 5 5 6 7 7 8 8 12 13 14 
0.900000 111.000000 1 2 2 3 6 6 7 8 8 9 10 11 11 12 
0.900000 108.000000 1 2 3 3 5 6 7 8 10 11 11 11 12 14 
0.900000 104.000000 2 3 3 4 5 5 5 7 8 8 10 11 12 14 
1.000000 113.000000 1 1 1 2 3 3 4 4 9 9 10 10 11 14 
0.900000 109.000000 1 3 4 4 5 6 6 7 9 10 11 12 14 14 
1.200000 114.000000 1 3 3 4 6 6 6 6 7 7 7 7 11 14 
0.900000 110.000000 2 4 4 5 6 7 7 8 8 9 9 10 11 12 
1.100000 115.000000 1 1 1 1 2 2 3 3 4 4 6 7 8 9 
0.900000 108.000000 1 1 3 3 3 6 6 6 7 8 9 9 10 12 
0.800000 111.000000 1 2 4 6 6 8 9 9 9 12 12 13 14 14 
1.000000 114.000000 3 4 5 8 10 10 11 13 13 13 13 14 14 14 
0.900000 109.000000 1 3 3 3 4 6 8 10 11 12 13 13 14 14 
0.800000 100.000000 3 5 6 6 7 8 9 9 10 11 11 12 12 12 
0.900000 108.000000 1 2 3 5 6 6 7 7 9 9 10 11 12 14 
0.900000 106.000000 2 3 4 4 5 5 7 7 7 10 10 12 13 13 
0.800000 114.000000 1 1 2 2 2 4 9 10 10 11 12 13 13 14 
0.800000 110.000000 1 1 2 2 2 4 5 6 6 8 12 12 13 14 
0.800000 106.000000 1 1 3 3 4 5 8 9 11 11 12 12 12 13 
1.000000 115.000000 1 1 2 4 5 6 7 8 9 9 10 10 13 13 
0.900000 102.000000 2 3 3 4 4 4 5 7 8 10 12 12 13 14 
1.100000 114.000000 1 3 5 5 6 6 8 8 9 9 11 14 14 14 
0.900000 108.000000 2 4 6 6 7 7 8 9 9 11 11 12 12 14 
0.900000 109.000000 2 2 2 4 5 6 6 7 8 8 10 12 13 14 
0.900000 108.000000 1 3 4 4 5 5 7 8 10 10 11 11 11 12 
0.900000 107.000000 2 3 5 5 5 6 6 7 7 8 12 13 14 14 
1.100000 115.000000 1 2 2 4 5 5 5 7 8 8 8 8 9 11 
0.800000 107.000000 1 3 5 6 7 9 9 10 12 12 13 13 13 14 
1.000000 114.000000 1 1 1 2 2 4 5 6 9 9 10 10 11 14 
0.900000 112.000000 1 1 2 3 5 6 7 8 10 11 12 13 13 13 
0.900000 107.000000 1 3 5 6 6 7 9 11 11 12 12 13 14 14 
0.800000 107.000000 1 4 5 5 6 7 9 10 11 12 12 13 13 14 
1.100000 115.000000 1 1 1 2 2 3 6 7 7 9 9 10 13 13 
1.000000 116.000000 1 1 4 5 8 8 8 9 9 9 10 11 13 13 
1.200000 117.000000 1 2 2 5 5 6 6 7 7 8 8 13 13 14 
0.900000 112.000000 1 1 2 3 4 4 6 6 6 7 10 11 12 14 
0.900000 110.000000 1 3 5 5 6 7 8 9 9 11 12 13 14 14 
0.900000 96.000000 2 3 4 5 5 6 7 11 12 12 12 12 13 14 
1.000000 114.000000 2 4 4 4 4 6 6 7 8 8 9 10 10 14 
0.900000 111.000000 1 2 4 5 5 6 8 9 9 12 13 14 14 14 
0.800000 110.000000 1 2 4 4 8 10 11 12 12 12 13 13 13 13 
0.900000 112.000000 1 3 4 4 6 8 8 9 9 10 11 11 12 14 
0.800000 98.000000 1 2 2 3 4 5 6 9 9 10 12 12 12 12 
0.900000 107.000000 1 3 3 5 5 5 5 7 7 7 8 9 9 12 
0.800000 102.000000 1 2 2 4 4 5 5 6 7 11 12 12 12 12 
1.000000 115.000000 1 4 5 7 8 9 9 10 10 11 13 13 13 14 
0.900000 108.000000 2 4 4 5 5 6 8 8 9 10 11 12 14 14 
1.000000 112.000000 1 1 2 3 3 4 6 6 7 8 9 12 13 14 
1.000000 112.000000 2 4 5 7 9 9 9 10 10 11 13 14 14 14 
0.800000 110.000000 1 2 2 6 6 6 7 8 9 10 11 12 12 13 
1.000000 111.000000 1 2 3 5 5 6 7 7 7 7 9 11 12 13 
1.000000 114.000000 1 3 4 5 7 7 8 9 9 10 11 13 13 14 
1.000000 109.000000 2 3 3 6 6 6 7 7 7 8 9 12 13 14 
1.000000 107.000000 2 3 6 6 6 8 9 10 10 10 11 13 14 14 
1.000000 113.000000 1 1 2 2 3 5 7 7 8 9 9 9 9 10 
0.900000 110.000000 4 4 5 6 6 8 8 9 10 11 11 12 14 14 
0.900000 112.000000 2 2 4 4 6 6 7 8 10 11 12 13 14 14 
1.000000 112.000000 1 1 2 3 3 4 5 7 8 11 11 12 13 14 
0.900000 110.000000 2 4 4 5 6 7 8 9 10 11 12 13 14 14 
0.900000 98.000000 3 3 4 4 4 5 6 6 7 8 10 12 12 12 
0.900000 112.000000 1 2 2 4 5 7 8 8 9 9 9 9 12 14 
0.800000 111.000000 1 1 1 2 4 5 7 9 9 9 9 12 12 13 
0.800000 110.000000 1 1 3 4 6 6 9 9 9 10 10 10 12 13 
0.900000 102.000000 2 3 4 4 5 7 7 11 12 12 12 13 13 14 
1.000000 111.000000 1 2 4 4 4 5 5 5 7 8 8 11 12 14 
1.000000 114.000000 1 1 5 6 6 6 7 7 9 9 10 10 13 13 
1.000000 112.000000 1 2 3 6 6 7 7 9 10 10 10 11 13 13 
0.900000 105.000000 2 3 3 4 5 6 7 7 9 10 12 13 14 14 
1.000000 111.000000 1 2 3 4 5 6 6 7 7 7 9 12 13 14 
0.900000 104.000000 3 3 4 6 6 7 8 10 10 10 11 11 12 13 
1.100000 117.000000 1 2 3 6 8 8 8 9 10 11 13 13 13 14 
0.900000 109.000000 1 2 2 4 4 5 5 6 7 8 10 11 12 14 
0.900000 108.000000 2 2 5 5 7 7 9 9 9 11 12 14 14 14 
1.100000 114.000000 1 3 4 5 5 5 7 8 8 8 9 11 11 14 
0.900000 108.000000 1 1 3 4 4 5 5 6 9 12 12 13 14 14 
0.800000 110.000000 1 1 2 4 4 4 6 7 9 11 11 12 12 12 
1.000000 113.000000 1 2 4 4 4 4 5 6 6 8 8 8 12 14 
1.000000 109.000000 3 4 6 6 6 7 7 7 10 11 11 12 13 14 
0.900000 109.000000 1 3 5 5 6 6 7 7 9 10 10 10 11 13 
1.000000 113.000000 1 1 3 3 5 6 7 10 10 11 11 13 13 14 
1.100000 116.000000 1 4 5 6 7 8 9 9 11 11 13 14 14 14 
1.100000 113.000000 5 5 6 6 6 6 7 7 7 8 9 10 13 14 
1.100000 115.000000 1 1 3 4 5 5 6 7 7 8 9 13 13 14 
0.900000 107.000000 1 1 3 3 3 3 5 6 7 8 9 10 12 13 
0.800000 110.000000 1 4 4 4 6 9 9 10 10 10 10 11 11 12 
0.800000 110.000000 1 1 2 2 3 4 6 6 8 8 9 11 12 12 
0.900000 107.000000 1 4 5 5 5 8 9 10 10 10 11 12 13 13 
0.900000 110.000000 1 2 4 5 7 7 8 9 9 11 11 11 12 12 
0.800000 108.000000 1 1 2 4 5 5 8 9 9 10 11 12 12 13 
1.000000 114.000000 1 1 2 2 4 4 4 4 6 6 7 8 8 12 
1.100000 115.000000 1 1 1 3 3 4 5 8 9 9 11 13 14 14 
1.100000 114.000000 1 1 3 4 4 5 5 6 7 8 8 9 10 11 
1.000000 113.000000 1 1 3 4 4 5 6 6 7 8 8 12 13 13 
0.900000 107.000000 2 3 5 6 8 8 9 9 10 11 11 12 14 14 
0.900000 110.000000 1 3 3 4 4 4 4 8 8 9 9 10 12 14 
0.900000 111.000000 1 2 2 3 5 5 7 8 8 12 13 13 13 14 
1.200000 115.000000 1 1 2 3 3 5 6 7 9 9 11 14 14 14 
1.100000 116.000000 1 1 4 5 6 6 7 10 11 11 13 13 14 14 
0.900000 108.000000 1 2 2 5 7 9 9 9 10 10 11 11 12 14 
1.000000 110.000000 2 4 4 5 5 5 6 7 7 7 10 10 13 14 
0.900000 110.000000 1 2 3 3 4 7 8 9 9 10 11 12 13 14 
1.100000 117.000000 1 1 2 4 4 7 7 8 9 9 11 11 13 14 
0.900000 108.000000 1 2 2 4 5 5 6 7 9 9 10 12 14 14 
0.900000 113.000000 1 4 4 5 7 7 7 8 9 9 9 11 12 13 
0.900000 107.000000 2 4 4 4 5 7 7 9 9 12 12 13 14 14 
0.900000 105.000000 1 2 3 4 5 5 5 5 8 8 10 10 12 13 
0.900000 102.000000 3 3 4 7 8 8 9 11 11 11 12 12 12 13 
1.100000 115.000000 1 2 3 5 6 8 8 8 8 9 9 9 13 14 
1.000000 112.000000 1 2 2 2 3 6 7 8 9 9 10 10 11 14 
0.900000 98.000000 3 3 3 3 4 5 6 7 8 10 11 12 12 14 
1.000000 111.000000 1 3 3 4 4 4 5 5 8 10 10 13 14 14 
0.800000 102.000000 1 3 4 4 4 5 5 10 10 11 12 12 12 13 
0.900000 116.000000 2 4 4 7 7 8 9 11 11 12 13 13 14 14 
0.800000 109.000000 1 2 3 4 6 7 8 8 9 9 9 11 12 12 
1.100000 116.000000 1 1 1 1 1 2 3 4 6 9 10 11 13 13 
1.000000 105.000000 2 2 2 3 3 4 7 7 10 11 11 12 14 14 
1.000000 112.000000 1 1 2 2 3 3 3 4 8 8 10 10 11 11 
0.900000 98.000000 2 3 4 6 6 6 8 9 10 12 12 12 13 14 
1.100000 116.000000 1 1 4 5 6 6 7 7 8 9 9 9 11 14 
0.900000 108.000000 1 2 3 3 4 4 6 6 7 8 9 10 12 14 
1.000000 112.000000 1 1 2 2 2 3 6 6 7 7 11 11 12 14 
0.900000 103.000000 3 4 4 4 4 5 6 7 8 8 12 12 12 13 
0.900000 110.000000 1 2 3 4 5 5 7 8 8 9 9 11 12 14 
0.900000 107.000000 2 2 2 5 5 6 6 8 8 8 10 11 12 14 
0.900000 112.000000 1 1 2 2 3 4 6 8 8 9 9 10 12 13 
1.100000 111.000000 3 3 3 3 4 5 5 7 7 8 8 9 14 14 
1.000000 116.000000 1 2 4 7 7 8 8 9 9 9 10 11 11 13 
0.800000 105.000000 1 3 4 5 6 6 8 9 10 10 12 12 13 13 
0.900000 110.000000 1 2 3 4 4 4 6 7 8 10 10 11 11 12 
1.000000 111.000000 3 3 6 6 7 7 9 10 10 13 13 13 14 14 
0.800000 105.000000 1 2 2 3 4 5 7 9 10 10 12 12 13 13 
1.000000 111.000000 1 2 2 3 3 5 7 7 9 10 10 11 13 14 
0.800000 101.000000 4 5 5 8 9 9 9 10 11 12 12 12 13 14 
1.000000 110.000000 2 2 3 4 4 5 5 5 7 8 8 10 14 14 
0.800000 100.000000 1 3 5 5 9 9 9 10 10 12 12 12 13 13 
0.800000 103.000000 1 2 2 3 3 5 6 8 8 9 9 10 12 12 
0.800000 109.000000 2 6 6 6 7 8 8 9 10 11 11 12 12 13 
0.900000 109.000000 3 4 5 6 7 8 10 11 11 12 13 13 14 14 
1.000000 113.000000 1 1 3 4 5 6 6 7 8 9 11 12 13 14 
1.000000 113.000000 1 2 5 5 7 7 8 11 11 12 13 13 13 14 
0.900000 111.000000 1 5 6 7 7 8 9 9 9 9 9 10 12 13 
1.000000 114.000000 3 4 4 4 5 7 7 8 8 9 10 11 13 14 
0.900000 109.000000 1 2 3 3 3 4 7 8 8 9 10 12 13 13 
1.100000 115.000000 1 1 2 2 4 4 5 7 8 9 10 11 11 14 
1.000000 113.000000 1 1 1 1 2 2 2 3 3 6 11 11 12 14 
0.800000 103.000000 1 2 3 4 5 5 5 6 7 8 9 10 12 12 
0.900000 114.000000 1 1 2 6 10 10 11 11 11 11 12 13 13 14 
0.900000 97.000000 3 4 5 6 9 10 10 11 11 11 12 12 12 14 
0.900000 102.000000 1 2 3 4 5 5 6 6 6 10 12 12 14 14 
1.000000 112.000000 1 2 3 4 5 7 8 8 9 11 11 12 13 14 
0.800000 101.000000 1 3 4 5 5 5 6 7 9 10 12 12 12 13 
1.000000 117.000000 1 1 4 4 4 6 6 8 10 10 11 13 13 14 
0.900000 108.000000 1 2 2 2 4 4 5 7 8 9 9 12 12 14 
0.900000 105.000000 2 3 4 5 7 8 9 11 11 12 12 13 14 14 
0.800000 110.000000 1 3 6 7 9 10 11 11 12 12 13 13 13 14 
0.900000 107.000000 1 3 3 4 4 5 6 7 9 9 10 12 14 14 
