date time lat lon depth mag dist baz cordeg phase phi delta err_phi_min err_phi_max err_dt_min err_dt_max confidence_level SplitInt SplitInt_err_min SplitInt_err_max delta_XC phi_XC Qa E_red Eig_ratio category 
15-Apr-2016 14:11:26 13.400800 -92.367000 22.410000 6.100000 93.483290 293.097670 2.232437 SKS 116.000000 3.487179 -Inf Inf 0.000000 Inf 12072.246986 -0.016696 -0.122580 0.089188 0.036688 -19.902330 -0.969451 35.812016 0.023528 null-measurement 
20-Apr-2016 08:33:47 0.639000 -80.210400 14.000000 6.200000 94.572050 275.585890 2.232437 SKS 124.000000 0.717949 98.000000 0.000000 0.205128 3.076923 9835.570622 -0.577215 -0.694381 -0.460048 0.567758 -38.414110 0.373127 85.070691 0.042773 average 
22-Apr-2016 03:03:41 -0.292100 -80.503900 10.000000 6.000000 95.443190 275.148680 2.232437 SKS 109.000000 1.743590 -Inf Inf 0.000000 Inf 25843.970616 -0.639397 -0.878586 -0.400209 0.708354 -40.851320 -0.266006 57.823651 0.073630 poor 
18-May-2016 16:46:43 0.494700 -79.616000 29.950000 6.900000 94.260000 275.057800 2.232437 SKS 105.000000 1.538462 -Inf Inf 0.000000 Inf 15504.255409 -0.425265 -0.614742 -0.235788 0.421641 -41.942200 -0.460577 40.674009 0.028494 poor 
07-Jun-2016 10:51:37 18.363700 -105.173100 10.000000 6.300000 97.442780 305.809350 2.232437 SKS 121.000000 3.692308 -Inf Inf 0.000000 Inf 39638.049931 0.248488 0.027031 0.469945 0.245921 73.809350 -0.985427 51.282714 0.026322 poor 
07-Jun-2016 19:15:15 1.278900 126.371200 31.000000 6.300000 102.826140 74.669790 2.232437 SKS 148.000000 1.025641 76.000000 164.000000 0.000000 4.000000 15207.182476 -0.500022 -0.644582 -0.355463 0.453371 -64.330210 -0.286462 66.274863 0.032550 poor 
25-Jul-2016 17:26:50 -26.106700 -70.511100 72.000000 6.100000 106.597230 249.509640 2.232437 SKS 101.000000 1.128205 81.000000 138.000000 0.615385 2.153846 7252.300518 -0.965411 -1.084734 -0.846089 0.946165 -61.490360 0.404288 94.354880 0.084536 good 
29-Jul-2016 21:18:24 18.542900 145.507300 196.000000 7.700000 101.033460 48.734490 2.232437 SKS 110.000000 0.717949 76.000000 128.000000 0.410256 1.435897 9193.727535 -0.575569 -0.652851 -0.498287 0.608696 -80.265510 0.612194 78.441040 0.041746 average 
04-Aug-2016 14:15:12 -22.334300 -66.007800 270.000000 6.200000 101.019420 249.350260 2.232437 SKS 104.000000 0.820513 79.000000 146.000000 0.410256 1.846154 5434.606840 -0.735874 -0.832089 -0.639659 0.742062 -66.649740 0.676532 92.486864 0.050844 good 
04-Aug-2016 16:24:33 24.944700 142.014100 510.000000 6.300000 93.921790 47.821190 2.232437 SKS 116.000000 1.230769 95.000000 127.000000 0.615385 2.051282 12767.157133 -0.746881 -0.891293 -0.602469 0.742745 -88.178810 0.055621 90.206102 0.078895 good 
19-Aug-2016 07:32:22 -55.285200 -31.876600 10.000000 7.400000 108.790270 206.954000 2.232437 SKS 25.000000 1.333333 -Inf Inf 0.000000 Inf 8034.768485 0.079790 -0.064516 0.224096 0.114021 -18.046000 -0.871536 2.678780 0.018249 null-measurement 
20-Nov-2016 20:57:44 -31.622600 -68.625900 108.000000 6.400000 109.115180 244.078770 2.232437 SKS 71.000000 3.589744 -Inf Inf 0.000000 Inf 33024.922156 -0.212687 -0.539625 0.114251 0.153004 -61.921230 -1.005540 61.655806 0.036950 poor 
24-Nov-2016 18:43:47 11.909700 -88.896800 10.000000 6.900000 92.325630 289.582920 2.232437 SKS 169.000000 0.307692 -Inf Inf 0.000000 Inf 6843.984473 -0.259536 -0.351157 -0.167916 0.273571 -28.417080 0.430610 47.639721 0.014121 poor 
18-Feb-2017 12:10:17 -23.861300 -66.659200 222.000000 6.400000 102.518520 248.676140 2.232437 SKS 113.000000 0.820513 91.000000 136.000000 0.615385 1.128205 4109.815279 -0.836183 -0.918852 -0.753515 0.832584 -70.323860 0.893548 89.903726 0.057809 good 
21-Feb-2017 14:09:04 -19.281400 -63.904700 595.980000 6.500000 97.466800 250.097720 2.232437 SKS 128.000000 1.025641 92.000000 149.000000 0.512821 2.051282 12646.984760 -0.904754 -1.053441 -0.756066 0.897753 -61.902280 0.642313 88.980126 0.101505 good 
15-Apr-2017 08:19:43 -23.265300 -67.722500 155.000000 6.300000 102.800640 249.812400 2.232437 SKS 108.000000 0.717949 78.000000 150.000000 0.307692 1.948718 5247.232366 -0.669446 -0.764043 -0.574849 0.676356 -66.187600 0.799802 90.703952 0.036882 good 
10-May-2017 23:23:36 -56.414000 -25.743200 15.000000 6.500000 107.923290 203.230890 2.232437 SKS 117.000000 4.000000 -Inf Inf 0.000000 Inf 14289.032351 0.219477 0.024833 0.414121 0.190645 -18.769110 -0.935489 43.999769 0.020944 poor 
12-May-2017 10:41:26 12.918700 -90.061100 16.000000 6.200000 92.344870 291.100910 2.232437 SKS 125.000000 0.615385 -Inf Inf 0.000000 Inf 9371.944903 -0.271027 -0.388477 -0.153576 0.298876 -25.899090 -0.168533 41.846252 0.015414 poor 
22-Jun-2017 12:31:03 13.717400 -90.971800 38.120000 6.800000 92.344760 292.292230 2.232437 SKS 20.000000 4.000000 15.000000 21.000000 0.717949 4.000000 1252.783369 -0.064848 -0.175085 0.045389 0.080313 -25.707770 -0.995971 72.193390 0.005931 null-measurement 
23-Sep-2017 12:53:01 16.625800 -95.077800 10.000000 6.100000 92.771600 297.184080 2.232437 SKS 54.000000 0.410256 -Inf Inf 0.000000 Inf 47192.729026 0.307243 0.126266 0.488221 0.288593 72.184080 0.291151 49.202725 0.033973 poor 
10-Oct-2017 06:32:21 -18.571500 -69.752600 85.000000 6.300000 100.877310 254.585970 2.232437 SKS 137.000000 0.820513 -Inf Inf 0.000000 Inf 234777.359398 -0.634502 -0.900432 -0.368573 0.604763 -63.414030 0.258469 59.436054 0.044404 poor 
24-Oct-2017 10:47:47 -7.216800 123.073500 553.810000 6.700000 106.712160 83.157380 2.232437 SKS 115.000000 0.512821 -Inf Inf 0.000000 Inf 46668.608706 -0.428194 -0.683225 -0.173163 0.477772 -54.842620 0.666473 38.857744 0.047468 poor 
14-Jan-2018 09:18:45 -15.767500 -74.709200 39.000000 7.100000 102.314790 260.013030 2.232437 SKS 95.000000 1.743590 83.000000 157.000000 0.307692 4.000000 10695.756351 -0.746995 -0.954279 -0.539711 0.633244 -49.986970 -0.421917 74.739208 0.043834 poor 
21-Jan-2018 01:06:42 -18.880600 -69.444500 116.000000 6.300000 100.885480 254.153430 2.232437 SKS 85.000000 2.153846 75.000000 154.000000 0.205128 4.000000 12669.298907 -0.596265 -0.802740 -0.389790 0.574426 -54.846570 -0.633358 71.937944 0.040078 poor 
28-Aug-2018 07:08:11 -10.773000 124.187100 14.000000 6.200000 110.005940 84.965930 2.232437 SKS 99.000000 1.641026 -Inf Inf 0.000000 Inf 97619.189081 -0.641587 -0.940248 -0.342926 0.653639 -45.034070 -0.414792 67.526700 0.046384 poor 
07-Sep-2018 02:12:06 -2.253200 -78.790300 110.500000 6.200000 95.643330 272.545970 2.232437 SKS 99.000000 2.666667 95.000000 105.000000 1.128205 4.000000 3406.401901 -0.260297 -0.418149 -0.102445 0.268564 -36.454030 -0.891371 89.785088 0.015252 poor 
08-Sep-2018 07:16:49 7.237700 126.477900 10.000000 6.200000 98.481960 70.546790 2.232437 SKS 96.000000 1.025641 85.000000 114.000000 0.615385 1.538462 14908.342108 -0.706279 -0.831411 -0.581147 0.665657 -60.453210 0.108941 83.436146 0.150739 average 
28-Sep-2018 10:02:45 -0.255900 119.846200 20.000000 7.500000 99.475940 80.589210 2.232437 SKS 160.000000 1.641026 -Inf Inf 0.000000 Inf 10789.425435 -0.491341 -0.658207 -0.324476 0.487079 -57.410790 -0.539880 83.429391 0.026148 poor 
01-Nov-2018 22:19:51 -19.582700 -69.265600 102.000000 6.200000 101.256490 253.524280 2.232437 SKS 97.000000 1.333333 82.000000 137.000000 0.512821 2.564103 8407.444197 -0.918170 -1.088193 -0.748148 0.883146 -55.475720 0.011954 91.283277 0.081578 average 
15-Nov-2018 20:02:22 -56.706500 -25.546000 15.000000 6.400000 108.122860 202.977810 2.232437 SKS 120.000000 2.564103 113.000000 22.000000 0.000000 4.000000 19069.219957 0.409744 0.218209 0.601279 0.439668 -16.022190 -0.811931 43.920952 0.027678 poor 
11-Dec-2018 02:26:29 -58.544600 -26.385600 133.000000 7.100000 109.939680 202.408130 2.232437 SKS 174.000000 0.717949 -Inf Inf 0.000000 Inf 37463.673755 0.543456 0.247793 0.839118 0.638202 -20.591870 0.515263 43.566944 0.046574 poor 
06-Jan-2019 17:27:18 2.258000 126.758000 43.210000 6.600000 102.365030 73.704520 2.232437 SKS 165.000000 3.794872 -Inf Inf 0.000000 Inf 6934.984580 -0.014885 -0.116765 0.086996 0.026209 -58.295480 -0.955461 7.682995 0.014178 null-measurement 
01-Mar-2019 08:50:42 -14.713100 -70.154600 267.000000 7.000000 98.438760 257.630010 2.232437 SKS 87.000000 2.564103 78.000000 160.000000 0.205128 4.000000 9543.650527 -0.587036 -0.820142 -0.353930 0.551417 -52.369990 -0.691952 69.337139 0.023622 poor 
31-Mar-2019 07:04:04 -1.944600 -80.810100 18.000000 6.200000 96.838090 274.214510 2.232437 SKS 99.000000 3.076923 -Inf Inf 0.000000 Inf 14502.561662 -0.144241 -0.308799 0.020316 0.203810 -34.785490 -0.962966 25.202494 0.036540 null-measurement 
31-May-2019 10:12:32 6.279500 126.479000 98.720000 6.100000 99.196240 71.188440 2.232437 SKS 94.000000 1.230769 84.000000 112.000000 0.717949 1.846154 10850.868059 -0.752935 -0.927685 -0.578186 0.744944 -61.811560 0.056874 94.438828 0.158166 good 
24-Jun-2019 02:53:39 -6.407800 129.169200 212.000000 7.300000 110.348500 77.976280 2.232437 SKS 106.000000 0.717949 -Inf Inf 0.000000 Inf 32624.394398 -0.554013 -0.764255 -0.343772 0.581534 -62.023720 0.537544 52.863232 0.064122 poor 
26-Jun-2019 05:23:51 8.461200 -82.754000 32.580000 6.200000 90.707070 282.819750 2.232437 SKS 176.000000 1.025641 106.000000 10.000000 0.102564 4.000000 13252.215653 -0.543226 -0.691637 -0.394815 0.446629 -42.180250 -0.441228 66.278382 0.039192 poor 
28-Jun-2019 15:51:31 19.851500 144.347700 410.000000 6.400000 99.337730 48.919540 2.232437 SKS 120.000000 1.538462 87.000000 133.000000 0.512821 3.487179 22245.081021 -0.762287 -0.979944 -0.544630 0.761114 -89.080460 -0.160104 80.477878 0.089211 average 
07-Jul-2019 15:08:40 0.512600 126.189200 35.000000 6.900000 103.266290 75.336650 2.232437 SKS 150.000000 1.128205 76.000000 165.000000 0.000000 4.000000 11052.425252 -0.499463 -0.652052 -0.346873 0.445530 -63.663350 -0.360705 78.255469 0.030769 poor 
14-Jul-2019 09:10:51 -0.585800 128.034000 18.980000 7.200000 105.323470 74.696960 2.232437 SKS 151.000000 1.025641 -Inf Inf 0.000000 Inf 36332.631673 -0.432126 -0.616060 -0.248192 0.446385 -65.303040 -0.392688 47.640304 0.044214 poor 
19-Sep-2019 07:06:33 -6.070800 111.842200 610.000000 6.100000 98.035390 90.468700 2.232437 SKS 173.000000 2.153846 -Inf Inf 0.000000 Inf 37463.453432 -0.354048 -0.582289 -0.125808 0.378041 -53.531300 -0.870286 33.299010 0.054501 poor 
29-Oct-2019 01:04:43 6.756700 125.008200 15.000000 6.600000 97.863670 71.966350 2.232437 SKS 134.000000 0.820513 -Inf Inf 0.000000 Inf 107915.210933 -0.619180 -0.865144 -0.373215 0.683244 -78.033650 -0.034148 45.305673 0.093740 poor 
14-Nov-2019 16:17:40 1.621300 126.415600 33.000000 7.100000 102.603970 74.400520 2.232437 SKS 108.000000 0.512821 -Inf Inf 0.000000 Inf 125743.117165 -0.448147 -0.742715 -0.153579 0.496458 -61.599480 0.670043 32.698818 0.054617 poor 
