0.800000 75.000000 0.200000 135.000000 5 1 2 4 6 5 2 8 
0.500000 75.000000 0.300000 100.000000 5 2 4 4 5 2 1 6 
0.600000 75.000000 0.300000 130.000000 8 4 7 3 4 4 2 2 
1.000000 70.000000 0.500000 135.000000 2 5 7 5 2 7 2 1 
0.700000 65.000000 0.500000 130.000000 2 1 5 4 7 3 2 8 
0.500000 75.000000 0.200000 100.000000 1 7 4 4 6 6 2 5 
0.900000 75.000000 0.300000 140.000000 2 8 5 4 2 5 2 1 
0.900000 75.000000 0.400000 135.000000 4 2 4 5 5 2 2 6 
0.900000 70.000000 0.200000 135.000000 6 1 6 7 2 1 8 8 
0.700000 75.000000 0.300000 120.000000 5 2 4 2 4 7 7 2 
0.700000 70.000000 0.400000 135.000000 7 1 3 2 4 8 4 2 
0.800000 55.000000 0.700000 115.000000 2 2 2 4 6 1 1 5 
