0.700000 85.000000 2 3 4 4 5 6 6 7 
0.600000 85.000000 1 1 1 2 3 3 5 7 
0.700000 85.000000 1 2 3 4 5 5 7 8 
0.800000 79.000000 1 1 1 2 4 6 8 8 
0.700000 82.000000 1 1 2 3 4 6 7 7 
0.700000 86.000000 2 3 4 4 5 6 6 8 
0.700000 87.000000 1 2 3 4 4 5 5 7 
0.600000 90.000000 2 3 3 3 8 8 8 8 
0.800000 83.000000 1 2 4 5 5 6 8 8 
0.700000 84.000000 1 2 3 4 5 6 7 8 
0.700000 87.000000 2 3 4 4 5 5 7 8 
0.700000 85.000000 1 2 3 4 5 6 8 8 
0.800000 85.000000 2 4 4 5 5 6 8 8 
0.600000 84.000000 1 2 3 3 4 7 7 7 
0.700000 88.000000 1 2 3 3 5 5 8 8 
0.600000 87.000000 1 2 3 3 4 5 6 7 
0.800000 81.000000 1 2 4 5 7 7 7 7 
0.700000 84.000000 1 1 2 3 4 5 6 8 
0.700000 84.000000 1 1 2 3 5 5 7 8 
0.600000 84.000000 1 2 3 3 7 8 8 8 
0.700000 88.000000 1 2 3 3 4 5 6 8 
0.700000 84.000000 2 3 4 4 5 6 7 7 
0.800000 80.000000 1 2 4 4 7 7 7 8 
0.700000 85.000000 1 2 3 5 5 6 6 8 
0.700000 82.000000 1 1 2 3 4 6 8 8 
0.800000 84.000000 1 1 2 4 5 5 5 7 
0.700000 82.000000 1 1 2 3 4 6 6 8 
0.800000 81.000000 2 4 5 6 6 7 8 8 
0.700000 81.000000 2 3 6 6 6 6 7 7 
0.700000 92.000000 2 3 3 4 5 5 5 8 
0.600000 86.000000 2 3 3 4 7 8 8 8 
0.800000 79.000000 1 2 6 6 6 6 7 8 
0.700000 83.000000 1 2 3 4 5 7 7 8 
0.800000 82.000000 1 2 4 4 4 8 8 8 
0.800000 86.000000 1 2 4 5 5 5 5 8 
0.700000 92.000000 2 3 3 3 4 4 5 7 
0.800000 85.000000 1 2 4 4 5 5 8 8 
0.800000 83.000000 1 1 2 4 5 5 6 8 
0.700000 91.000000 2 3 3 5 5 5 5 6 
0.700000 83.000000 2 3 4 5 7 7 7 7 
0.800000 82.000000 1 2 4 4 5 6 7 8 
0.800000 82.000000 2 4 4 5 6 6 7 7 
0.700000 82.000000 1 2 3 5 6 6 7 8 
0.800000 81.000000 1 1 1 2 4 5 6 7 
0.700000 81.000000 1 2 3 6 6 7 8 8 
0.700000 85.000000 2 3 5 5 5 6 6 7 
0.700000 85.000000 2 3 4 4 5 7 7 8 
0.600000 87.000000 1 1 2 3 3 5 6 8 
0.800000 82.000000 2 4 4 4 6 6 7 8 
0.800000 83.000000 1 1 2 5 5 5 6 8 
0.600000 85.000000 2 3 3 5 6 7 7 7 
0.800000 85.000000 2 4 4 4 5 5 6 7 
0.800000 82.000000 1 2 4 4 5 7 7 8 
0.600000 87.000000 1 2 3 3 4 4 6 7 
0.800000 81.000000 1 2 4 4 6 7 8 8 
0.600000 86.000000 2 3 3 4 4 6 7 7 
0.600000 86.000000 1 1 1 2 3 3 5 6 
0.600000 85.000000 2 3 3 4 6 7 7 8 
0.700000 87.000000 1 2 3 4 5 5 8 8 
0.800000 80.000000 1 1 2 4 4 6 8 8 
0.700000 90.000000 2 3 3 4 4 5 5 7 
0.800000 81.000000 1 1 2 5 5 6 7 8 
0.700000 84.000000 1 2 3 4 5 6 6 7 
0.800000 81.000000 1 2 4 4 6 6 7 8 
0.800000 81.000000 1 1 1 2 5 5 7 7 
0.600000 89.000000 1 2 3 3 4 5 6 6 
0.800000 82.000000 1 2 4 5 5 7 7 8 
0.800000 83.000000 2 4 4 5 5 7 7 8 
0.700000 82.000000 2 3 4 6 7 7 7 7 
0.800000 88.000000 1 2 3 4 4 5 5 8 
0.700000 85.000000 2 3 4 5 5 6 7 7 
0.700000 82.000000 1 2 3 4 6 7 7 8 
0.700000 81.000000 1 2 3 6 6 6 7 8 
0.800000 81.000000 1 1 1 2 5 5 7 8 
0.700000 81.000000 1 1 1 2 3 4 8 8 
0.800000 79.000000 1 1 2 6 6 6 7 8 
0.700000 83.000000 2 3 4 5 6 6 7 7 
0.700000 86.000000 1 1 2 3 4 5 5 6 
0.700000 90.000000 1 2 3 3 4 4 5 6 
0.800000 82.000000 1 2 4 4 5 7 8 8 
0.600000 85.000000 2 3 3 5 7 7 8 8 
0.700000 81.000000 2 3 7 7 7 7 7 8 
0.700000 85.000000 1 2 3 5 5 8 8 8 
0.700000 82.000000 1 1 2 3 5 7 7 8 
0.800000 82.000000 1 2 4 4 4 6 8 8 
0.800000 81.000000 1 2 4 4 7 8 8 8 
0.700000 86.000000 1 1 2 3 4 4 4 8 
0.700000 84.000000 2 3 4 5 6 6 6 7 
0.800000 87.000000 2 3 5 5 5 5 6 8 
0.700000 84.000000 1 1 2 3 4 4 6 6 
0.800000 90.000000 1 2 3 4 4 4 4 5 
0.600000 86.000000 1 2 3 3 4 5 7 7 
0.800000 80.000000 1 2 4 6 6 6 7 7 
0.700000 83.000000 1 2 3 4 5 7 7 8 
0.700000 83.000000 2 3 5 6 6 6 8 8 
0.800000 81.000000 1 1 2 4 5 8 8 8 
0.600000 85.000000 1 1 2 3 3 4 7 8 
0.800000 87.000000 1 1 2 3 4 5 5 5 
0.700000 82.000000 1 1 2 3 5 6 7 7 
0.700000 84.000000 1 1 2 3 5 5 6 8 
0.800000 86.000000 2 4 4 5 5 5 6 6 
0.700000 86.000000 1 1 2 3 4 5 5 8 
0.700000 86.000000 1 1 2 3 5 5 5 8 
0.700000 84.000000 1 1 1 2 3 4 5 6 
0.800000 82.000000 2 5 5 6 6 7 8 8 
0.800000 93.000000 2 3 3 4 4 5 5 5 
0.700000 88.000000 1 2 3 3 4 4 5 7 
0.600000 87.000000 1 2 3 3 4 6 8 8 
0.700000 84.000000 2 3 4 4 4 6 7 7 
0.800000 83.000000 1 1 2 4 5 5 8 8 
0.600000 87.000000 1 2 3 3 5 6 6 8 
0.600000 86.000000 1 2 3 3 3 6 7 7 
0.700000 83.000000 1 1 2 3 4 5 7 8 
0.700000 84.000000 2 3 4 5 6 6 6 7 
0.800000 82.000000 1 2 4 4 5 6 7 8 
0.700000 82.000000 2 3 5 6 6 7 7 8 
0.700000 99.000000 2 3 3 3 3 4 4 6 
0.800000 93.000000 2 3 3 4 4 4 5 8 
0.600000 85.000000 2 3 3 4 7 7 8 8 
0.700000 85.000000 2 3 4 4 5 7 8 8 
0.800000 81.000000 2 4 5 6 6 6 6 7 
0.800000 81.000000 1 1 2 5 5 6 6 8 
0.800000 81.000000 1 2 4 5 6 7 8 8 
0.700000 86.000000 1 1 2 3 5 5 5 6 
0.800000 81.000000 1 2 4 4 6 7 7 8 
0.600000 85.000000 2 3 3 4 7 7 7 8 
0.800000 82.000000 1 1 1 2 4 4 5 6 
0.700000 87.000000 2 3 4 5 5 6 8 8 
0.700000 87.000000 1 2 3 4 4 5 5 7 
0.600000 84.000000 1 1 1 2 3 3 6 6 
0.800000 85.000000 1 2 4 4 5 5 8 8 
0.800000 79.000000 1 1 2 4 7 8 8 8 
0.700000 85.000000 1 2 3 5 5 5 6 7 
0.800000 79.000000 2 6 6 6 7 7 8 8 
0.700000 82.000000 1 1 2 3 5 7 7 8 
0.700000 82.000000 1 1 2 3 4 6 7 8 
0.700000 80.000000 1 1 2 3 7 8 8 8 
0.800000 81.000000 2 4 5 6 6 7 7 8 
0.700000 83.000000 1 2 3 4 5 6 7 7 
0.800000 80.000000 1 1 2 4 4 7 7 8 
0.700000 85.000000 1 2 3 4 4 4 6 7 
0.700000 86.000000 1 2 3 4 5 5 6 6 
0.700000 88.000000 2 3 4 4 5 5 6 8 
0.600000 84.000000 1 2 3 3 5 7 7 7 
0.800000 83.000000 1 2 4 4 4 5 6 7 
0.700000 82.000000 1 2 3 5 6 6 7 7 
0.700000 84.000000 1 1 2 3 5 5 7 8 
0.700000 84.000000 1 1 2 3 4 5 8 8 
0.800000 84.000000 1 2 4 4 5 5 6 8 
0.700000 83.000000 1 2 3 4 4 7 7 8 
0.700000 85.000000 2 3 3 4 5 7 7 8 
0.700000 83.000000 1 1 1 1 2 3 4 5 
0.700000 81.000000 2 3 6 7 7 7 8 8 
0.800000 81.000000 1 1 2 5 5 7 7 8 
0.800000 85.000000 2 5 5 5 5 6 8 8 
0.700000 90.000000 2 3 3 4 4 4 5 7 
0.700000 85.000000 1 2 3 4 4 5 7 8 
0.800000 83.000000 2 4 4 4 5 7 7 8 
0.700000 89.000000 1 2 3 4 4 4 5 8 
0.600000 87.000000 1 2 3 3 5 6 6 8 
0.600000 86.000000 2 3 3 4 4 7 7 8 
0.800000 80.000000 1 1 1 2 4 5 8 8 
0.800000 82.000000 2 5 5 6 6 6 8 8 
0.700000 83.000000 2 3 4 5 6 7 7 8 
0.700000 85.000000 2 3 3 5 5 7 7 8 
0.800000 80.000000 1 2 5 7 7 8 8 8 
0.700000 91.000000 2 3 3 5 5 5 5 8 
0.800000 88.000000 2 3 4 5 5 5 8 8 
0.800000 83.000000 1 1 2 5 5 5 6 8 
0.700000 82.000000 2 3 5 6 7 7 8 8 
0.700000 88.000000 2 3 3 4 4 4 7 8 
0.700000 92.000000 2 3 3 4 4 5 5 8 
0.900000 86.000000 2 4 5 5 5 5 5 7 
0.700000 86.000000 1 1 2 3 4 5 5 6 
0.600000 85.000000 2 3 3 6 7 8 8 8 
0.800000 81.000000 1 1 2 4 5 6 7 8 
0.800000 80.000000 1 1 2 5 6 6 8 8 
0.800000 83.000000 1 1 1 2 4 5 5 8 
0.700000 82.000000 1 2 3 5 6 7 7 8 
0.800000 80.000000 1 2 5 7 7 7 8 8 
0.700000 82.000000 1 2 3 4 6 7 8 8 
0.800000 81.000000 1 2 4 5 6 7 8 8 
0.700000 95.000000 1 2 3 3 3 4 5 5 
0.800000 78.000000 1 1 1 1 1 2 5 8 
0.600000 87.000000 1 2 3 3 3 7 8 8 
0.600000 86.000000 2 3 3 4 6 6 7 8 
0.700000 82.000000 1 2 3 5 7 7 8 8 
0.700000 88.000000 1 2 3 4 4 5 5 6 
0.700000 82.000000 1 1 2 3 5 6 6 7 
0.600000 87.000000 1 2 3 3 4 6 6 8 
0.800000 80.000000 1 1 2 5 7 7 8 8 
0.700000 85.000000 2 3 4 5 6 8 8 8 
0.700000 86.000000 1 2 3 4 4 4 6 8 
0.700000 87.000000 2 3 4 4 5 5 6 7 
0.700000 85.000000 2 3 3 4 5 7 7 8 
0.700000 83.000000 2 3 4 5 7 7 7 7 
0.600000 87.000000 1 2 3 3 4 5 6 7 
0.800000 79.000000 1 2 4 6 7 8 8 8 
0.800000 85.000000 2 4 5 5 5 5 6 7 
0.700000 88.000000 1 2 3 3 4 5 8 8 
0.800000 81.000000 1 1 2 4 5 6 7 8 
0.700000 83.000000 1 1 2 3 4 5 7 7 
0.700000 83.000000 2 3 4 4 6 7 7 8 
0.600000 85.000000 1 1 2 3 3 4 7 8 
0.800000 80.000000 1 2 5 6 6 7 8 8 
0.600000 86.000000 1 2 3 3 4 6 7 8 
0.800000 81.000000 1 2 5 5 6 6 7 8 
0.700000 85.000000 1 2 3 4 5 5 7 8 
0.800000 83.000000 2 4 5 5 6 8 8 8 
0.700000 91.000000 2 3 3 4 5 5 5 6 
0.700000 85.000000 2 3 4 4 5 6 7 8 
0.700000 84.000000 2 3 5 5 6 6 7 7 
0.600000 87.000000 1 2 3 3 5 6 6 8 
0.600000 87.000000 1 2 3 3 5 6 6 8 
0.700000 83.000000 2 3 4 5 6 7 7 8 
0.800000 84.000000 1 2 4 4 5 5 6 6 
0.700000 83.000000 2 3 4 4 6 7 7 8 
0.800000 80.000000 1 1 1 2 4 4 7 8 
0.700000 83.000000 2 3 4 4 6 7 7 8 
0.800000 79.000000 1 1 2 6 6 7 7 8 
0.700000 85.000000 1 2 3 4 5 5 7 8 
0.700000 88.000000 1 2 3 3 4 4 5 7 
0.800000 86.000000 1 2 4 4 4 5 5 6 
0.600000 86.000000 1 1 2 3 3 4 6 8 
0.700000 82.000000 2 3 5 6 6 7 7 8 
0.700000 82.000000 1 2 3 5 6 7 8 8 
0.700000 85.000000 2 3 4 5 5 6 7 8 
0.600000 86.000000 1 1 2 3 3 4 6 8 
0.800000 81.000000 1 2 4 5 8 8 8 8 
0.600000 87.000000 1 2 3 3 3 5 7 7 
0.800000 80.000000 1 2 5 6 6 6 7 8 
0.600000 84.000000 1 2 3 3 6 7 7 8 
0.800000 80.000000 1 2 4 6 6 6 8 8 
0.800000 82.000000 1 1 2 4 4 5 7 8 
0.700000 81.000000 1 1 2 3 7 7 7 8 
0.700000 85.000000 2 3 4 4 5 6 7 8 
0.700000 82.000000 1 1 1 2 3 4 6 6 
0.600000 88.000000 2 3 3 4 5 6 7 8 
0.800000 89.000000 2 3 4 4 4 5 5 6 
0.600000 83.000000 1 1 2 3 3 7 7 8 
0.800000 81.000000 1 2 4 5 6 6 7 8 
0.800000 82.000000 1 2 5 5 5 6 7 7 
0.600000 85.000000 1 1 2 3 3 4 6 7 
0.600000 87.000000 2 3 3 4 6 8 8 8 
0.600000 84.000000 1 2 3 3 6 7 8 8 
0.700000 85.000000 2 3 3 5 5 6 7 7 
0.800000 79.000000 1 1 1 2 4 6 6 7 
0.700000 82.000000 2 3 5 6 7 7 8 8 
0.700000 82.000000 1 1 2 3 5 6 7 7 
0.800000 81.000000 1 2 5 5 6 6 6 7 
0.700000 85.000000 2 3 4 5 5 6 7 7 
0.800000 83.000000 1 2 4 4 4 5 7 7 
0.700000 83.000000 1 2 3 5 5 6 7 7 
0.800000 81.000000 1 2 4 4 6 7 7 8 
0.700000 87.000000 2 3 4 4 4 5 6 7 
0.600000 85.000000 2 3 3 4 7 7 8 8 
0.700000 86.000000 1 2 3 3 4 5 7 8 
0.700000 81.000000 1 2 3 6 6 7 7 7 
0.600000 89.000000 1 2 3 3 3 5 6 7 
0.800000 83.000000 1 1 2 4 5 5 6 6 
0.800000 80.000000 1 1 2 4 4 7 7 7 
0.700000 85.000000 1 1 2 3 5 5 5 7 
0.800000 82.000000 1 2 4 4 4 7 8 8 
0.800000 82.000000 1 2 5 5 6 6 8 8 
0.700000 84.000000 1 2 3 4 5 7 8 8 
0.800000 83.000000 2 5 5 5 6 6 7 8 
0.700000 83.000000 1 2 3 4 4 6 7 8 
0.700000 86.000000 2 3 5 5 5 6 6 6 
0.700000 82.000000 2 3 4 6 6 7 7 8 
0.700000 84.000000 1 2 3 4 5 5 7 7 
0.800000 80.000000 1 1 2 4 6 6 6 7 
0.600000 92.000000 2 3 3 3 5 6 8 8 
0.800000 82.000000 1 2 4 4 5 6 7 7 
0.800000 83.000000 1 2 4 5 5 5 7 7 
0.800000 81.000000 1 2 4 5 6 7 7 7 
0.800000 81.000000 1 2 5 5 6 7 7 7 
0.700000 97.000000 2 3 3 3 3 5 5 6 
0.800000 80.000000 2 5 7 7 8 8 8 8 
0.700000 88.000000 2 3 4 4 4 5 6 8 
0.700000 81.000000 1 1 1 2 3 4 6 7 
0.800000 81.000000 2 4 4 6 7 7 8 8 
0.700000 85.000000 1 2 3 4 5 6 8 8 
0.700000 83.000000 1 2 3 4 4 7 8 8 
0.600000 91.000000 1 2 3 3 3 4 6 6 
0.800000 79.000000 1 1 2 6 6 6 7 8 
0.700000 82.000000 1 2 3 4 6 6 7 8 
0.700000 85.000000 1 2 3 4 5 6 8 8 
0.800000 79.000000 1 1 2 6 7 7 7 7 
0.800000 81.000000 1 2 4 5 7 8 8 8 
0.700000 82.000000 1 2 3 4 6 7 8 8 
0.800000 83.000000 1 2 4 5 5 6 8 8 
0.800000 82.000000 1 2 5 5 6 6 8 8 
0.800000 79.000000 1 2 4 6 7 8 8 8 
0.600000 85.000000 1 1 2 3 3 4 7 8 
0.600000 86.000000 1 2 3 3 4 5 7 7 
0.800000 81.000000 1 1 2 4 5 6 6 8 
0.700000 82.000000 1 2 3 5 6 6 6 7 
0.700000 82.000000 2 3 5 6 7 7 8 8 
0.800000 86.000000 2 4 4 4 5 5 5 7 
0.700000 87.000000 2 3 3 5 5 7 8 8 
0.900000 78.000000 1 2 6 7 8 8 8 8 
0.800000 82.000000 1 2 5 5 6 6 6 8 
0.700000 88.000000 1 1 2 3 3 4 5 8 
0.700000 83.000000 1 1 2 3 5 6 6 8 
0.600000 91.000000 2 3 3 3 5 6 6 8 
0.700000 84.000000 1 1 2 3 4 5 6 8 
0.800000 84.000000 2 4 4 5 5 7 8 8 
0.600000 88.000000 2 3 3 4 5 6 7 8 
0.600000 87.000000 2 3 3 4 5 6 6 7 
0.700000 84.000000 1 2 3 4 5 5 7 7 
0.800000 82.000000 1 1 2 4 4 5 6 7 
0.600000 91.000000 1 1 2 3 3 3 5 8 
0.600000 83.000000 1 1 1 2 3 3 7 8 
0.800000 81.000000 1 2 4 5 6 6 7 8 
0.700000 82.000000 1 1 2 3 4 6 6 7 
0.600000 87.000000 2 3 3 4 6 8 8 8 
0.700000 81.000000 2 3 6 6 6 7 8 8 
0.800000 84.000000 2 4 4 5 5 6 6 6 
0.800000 82.000000 2 4 4 5 6 6 7 8 
0.600000 86.000000 1 1 1 2 3 3 4 6 
0.800000 86.000000 1 2 4 4 4 4 5 8 
0.700000 85.000000 1 1 2 3 5 5 8 8 
0.600000 87.000000 1 2 3 3 4 8 8 8 
0.800000 84.000000 1 1 2 4 4 4 5 8 
0.600000 85.000000 1 1 2 3 3 4 6 7 
0.800000 84.000000 1 2 4 4 4 5 6 8 
0.600000 93.000000 2 3 3 3 4 5 6 8 
0.800000 81.000000 2 4 5 7 7 7 8 8 
0.800000 79.000000 1 1 2 4 6 7 8 8 
0.800000 82.000000 1 2 4 4 5 6 7 7 
0.700000 88.000000 1 2 3 3 5 5 8 8 
0.600000 93.000000 2 3 3 3 4 4 6 6 
0.800000 84.000000 1 2 4 4 5 5 6 8 
0.700000 82.000000 1 2 3 4 6 7 8 8 
0.600000 89.000000 2 3 3 4 4 6 6 8 
0.700000 85.000000 1 2 3 4 5 6 8 8 
0.800000 81.000000 1 1 1 2 5 5 6 7 
0.800000 80.000000 1 2 5 6 6 7 7 7 
0.600000 91.000000 1 2 3 3 3 4 6 8 
0.800000 83.000000 2 4 4 5 6 6 8 8 
0.700000 84.000000 1 2 3 4 5 6 7 8 
0.600000 83.000000 1 2 3 3 6 7 7 7 
0.800000 86.000000 1 2 4 4 4 5 5 8 
0.600000 83.000000 1 1 1 1 2 3 3 7 
0.700000 82.000000 1 2 3 4 6 6 6 8 
0.700000 83.000000 2 3 4 4 6 7 7 8 
0.600000 87.000000 2 3 3 4 6 8 8 8 
0.800000 80.000000 1 1 1 2 4 4 6 8 
0.700000 82.000000 1 1 2 3 5 6 7 8 
0.700000 82.000000 1 2 3 4 6 6 7 8 
0.600000 83.000000 1 1 1 2 3 3 6 7 
0.700000 84.000000 2 3 4 4 6 6 7 8 
0.700000 87.000000 1 2 3 4 4 5 5 7 
0.800000 83.000000 2 4 4 4 4 6 7 8 
0.600000 86.000000 2 3 3 4 5 6 7 7 
0.800000 81.000000 1 1 2 4 5 6 6 7 
0.700000 82.000000 1 2 3 4 6 7 7 7 
0.800000 85.000000 2 4 4 4 5 6 8 8 
0.700000 82.000000 1 1 2 3 4 8 8 8 
0.700000 88.000000 2 3 4 4 5 5 6 8 
0.800000 84.000000 2 4 4 4 5 6 7 8 
0.800000 80.000000 1 2 4 6 7 7 7 7 
0.700000 82.000000 2 3 4 6 6 6 6 7 
0.700000 82.000000 1 2 3 4 6 7 7 8 
0.700000 85.000000 2 3 3 4 5 7 7 7 
0.800000 97.000000 2 3 3 3 4 4 4 8 
0.800000 82.000000 1 2 4 4 5 7 7 8 
0.600000 86.000000 1 1 1 2 3 3 3 7 
0.600000 85.000000 1 1 2 3 3 4 7 8 
0.700000 86.000000 1 2 3 4 4 5 6 8 
0.700000 85.000000 2 3 4 5 6 6 6 8 
0.700000 83.000000 1 2 3 5 5 7 7 8 
0.600000 87.000000 2 3 3 5 6 6 6 8 
0.700000 81.000000 2 3 6 6 7 7 7 8 
0.700000 88.000000 2 3 3 4 4 5 6 7 
0.800000 83.000000 1 1 2 4 5 5 6 8 
0.700000 82.000000 1 1 2 3 5 6 6 7 
0.800000 82.000000 2 4 5 5 6 7 7 7 
0.700000 84.000000 2 3 4 4 6 7 8 8 
0.700000 93.000000 1 1 2 3 3 3 4 5 
0.700000 90.000000 1 2 3 3 5 5 5 8 
0.800000 81.000000 1 2 4 5 7 7 7 8 
0.800000 81.000000 1 2 4 5 6 7 8 8 
0.800000 85.000000 2 4 5 5 5 6 8 8 
0.600000 84.000000 1 1 2 3 3 6 6 7 
0.700000 86.000000 1 2 3 4 5 5 6 8 
0.700000 84.000000 1 2 3 4 5 5 7 7 
0.800000 79.000000 1 1 2 6 6 6 7 8 
0.700000 84.000000 1 2 3 4 5 6 7 8 
0.600000 91.000000 1 1 2 3 3 3 5 8 
0.800000 84.000000 1 2 4 4 4 5 7 8 
0.800000 79.000000 1 1 1 1 1 2 4 4 
0.800000 81.000000 1 2 5 5 6 7 8 8 
0.700000 88.000000 1 2 3 3 4 5 6 8 
0.800000 80.000000 1 2 4 6 7 7 7 8 
0.600000 86.000000 1 2 3 3 5 7 8 8 
0.800000 78.000000 1 1 1 1 1 2 4 7 
0.700000 82.000000 1 1 2 3 5 8 8 8 
0.700000 87.000000 2 3 4 5 5 5 6 7 
0.700000 87.000000 2 3 4 4 4 5 6 7 
0.600000 85.000000 2 3 3 4 7 7 7 8 
0.700000 83.000000 1 1 2 3 4 5 7 7 
0.700000 84.000000 2 3 4 4 6 7 8 8 
0.700000 86.000000 1 2 3 3 4 5 7 8 
0.800000 81.000000 2 4 5 6 7 8 8 8 
0.700000 83.000000 2 3 5 5 6 7 7 7 
0.600000 89.000000 2 3 3 3 4 6 6 7 
0.800000 80.000000 2 5 6 6 7 8 8 8 
0.800000 83.000000 2 4 4 5 6 8 8 8 
0.700000 81.000000 1 2 3 6 7 7 7 8 
0.700000 88.000000 1 2 3 3 4 5 6 8 
0.700000 88.000000 1 2 3 3 4 4 5 7 
0.800000 81.000000 1 1 2 4 5 7 7 8 
0.800000 82.000000 2 4 4 5 6 6 7 7 
0.800000 83.000000 1 2 5 5 5 6 7 8 
0.800000 81.000000 1 2 5 5 6 6 7 7 
0.700000 82.000000 1 2 3 5 6 6 7 8 
0.600000 85.000000 2 3 3 4 6 7 7 7 
0.700000 94.000000 2 3 3 3 4 5 8 8 
0.800000 80.000000 2 5 6 7 7 8 8 8 
0.700000 84.000000 1 1 2 3 4 4 6 8 
0.600000 93.000000 1 2 3 3 3 4 5 6 
0.700000 84.000000 1 1 2 3 4 5 6 8 
0.700000 87.000000 1 1 2 3 3 5 5 6 
0.800000 80.000000 1 1 1 2 5 6 6 7 
0.700000 84.000000 2 3 4 5 6 6 7 8 
0.600000 91.000000 2 3 3 3 4 4 6 7 
0.800000 81.000000 1 2 4 4 6 7 7 8 
0.800000 80.000000 1 1 2 4 4 6 7 8 
0.700000 81.000000 1 1 2 3 7 7 7 8 
0.700000 83.000000 1 1 2 3 4 5 7 8 
0.700000 85.000000 1 1 2 3 4 5 5 7 
0.600000 89.000000 2 3 3 3 4 6 6 7 
0.800000 80.000000 1 2 5 6 6 7 7 8 
0.800000 81.000000 1 1 2 5 5 6 8 8 
0.700000 86.000000 1 2 3 4 4 5 6 8 
0.700000 85.000000 1 2 3 4 4 5 6 7 
0.700000 82.000000 2 3 4 6 7 7 8 8 
0.600000 85.000000 2 3 3 5 6 7 7 8 
0.800000 81.000000 1 1 1 2 4 5 6 6 
0.700000 84.000000 2 3 4 4 5 6 7 7 
0.800000 81.000000 1 1 1 2 5 5 8 8 
0.700000 83.000000 1 2 3 4 4 6 6 7 
0.700000 86.000000 1 1 1 2 3 4 4 5 
0.700000 85.000000 2 3 5 5 6 6 8 8 
0.800000 80.000000 2 5 6 6 6 6 7 8 
0.700000 82.000000 1 2 3 4 6 6 7 7 
0.700000 91.000000 2 3 3 5 5 5 5 8 
0.800000 83.000000 1 1 2 5 5 5 8 8 
0.800000 82.000000 2 4 5 5 6 7 7 8 
0.800000 80.000000 1 1 2 4 4 6 6 8 
0.600000 85.000000 1 2 3 3 6 8 8 8 
0.600000 87.000000 1 2 3 3 4 6 8 8 
0.600000 87.000000 1 2 3 3 4 5 6 7 
0.700000 82.000000 1 2 3 5 6 7 7 7 
0.800000 81.000000 1 1 2 4 5 6 6 8 
0.700000 82.000000 1 1 2 3 5 6 7 7 
0.800000 84.000000 2 4 5 5 5 7 8 8 
0.800000 81.000000 1 1 2 4 5 6 7 8 
0.600000 88.000000 2 3 3 4 5 6 7 8 
0.700000 94.000000 2 3 3 3 4 5 5 6 
0.800000 81.000000 2 4 4 6 6 8 8 8 
0.700000 86.000000 1 2 3 4 4 5 6 8 
0.700000 83.000000 2 3 5 5 6 7 7 7 
0.700000 87.000000 2 3 4 4 5 5 6 7 
0.700000 82.000000 1 2 3 5 6 6 7 7 
0.600000 90.000000 2 3 3 3 4 5 6 7 
0.600000 84.000000 1 2 3 3 6 6 7 7 
0.700000 83.000000 1 2 3 4 4 6 6 7 
0.600000 89.000000 2 3 3 5 5 6 6 6 
0.800000 79.000000 1 1 2 4 7 8 8 8 
0.800000 81.000000 2 4 5 7 7 7 8 8 
0.700000 80.000000 1 1 1 2 3 6 7 8 
0.600000 93.000000 1 2 3 3 3 4 5 6 
0.700000 86.000000 1 1 1 2 3 4 4 4 
0.800000 81.000000 1 1 2 4 5 7 7 7 
0.800000 82.000000 1 2 4 5 5 6 7 8 
0.800000 80.000000 1 2 5 6 6 7 7 8 
0.700000 82.000000 1 2 3 4 6 7 8 8 
0.700000 83.000000 1 1 2 3 4 4 7 7 
0.800000 81.000000 1 1 2 5 5 6 7 8 
0.800000 81.000000 2 4 4 6 6 6 7 7 
0.700000 86.000000 1 1 1 2 3 4 4 4 
0.600000 87.000000 2 3 3 4 5 6 6 7 
0.800000 79.000000 1 1 2 4 6 6 8 8 
0.700000 86.000000 1 1 2 3 4 4 5 6 
0.700000 81.000000 1 2 3 6 6 6 7 7 
0.700000 84.000000 2 3 4 4 4 6 7 7 
0.600000 91.000000 2 3 3 3 4 6 6 8 
0.600000 89.000000 1 2 3 3 3 4 7 8 
0.600000 84.000000 1 2 3 3 5 7 7 7 
0.600000 89.000000 1 1 2 3 3 3 8 8 
0.800000 84.000000 2 4 4 5 5 5 7 7 
0.800000 81.000000 1 2 4 5 6 7 8 8 
0.700000 87.000000 2 3 4 5 5 5 7 8 
0.800000 82.000000 1 2 5 5 6 8 8 8 
0.800000 84.000000 2 4 4 5 5 7 8 8 
0.700000 85.000000 2 3 4 5 5 6 7 8 
0.700000 88.000000 1 2 3 3 5 5 6 8 
0.700000 84.000000 1 2 3 4 5 7 8 8 
0.800000 82.000000 1 2 4 4 4 6 7 8 
0.600000 87.000000 2 3 3 3 5 6 7 7 
0.800000 82.000000 2 4 5 5 7 7 8 8 
0.700000 82.000000 2 3 4 6 6 6 7 8 
0.700000 86.000000 2 3 4 4 4 5 7 7 
0.600000 85.000000 1 2 3 3 6 6 8 8 
0.700000 87.000000 1 2 3 4 4 5 5 7 
0.800000 80.000000 1 2 4 6 7 7 8 8 
0.700000 81.000000 1 2 3 6 6 7 7 7 
0.700000 80.000000 1 1 2 3 6 7 8 8 
0.700000 91.000000 2 3 3 4 4 5 8 8 
0.800000 82.000000 2 4 5 5 7 7 8 8 
0.800000 82.000000 1 1 2 4 4 5 6 6 
0.700000 81.000000 1 1 2 3 6 6 7 8 
0.700000 88.000000 2 3 3 5 5 5 7 8 
0.800000 84.000000 2 4 5 5 5 7 8 8 
0.700000 84.000000 1 2 3 4 4 6 8 8 
0.700000 84.000000 1 1 2 3 5 5 6 7 
0.700000 82.000000 2 3 5 6 6 7 7 8 
0.700000 85.000000 1 2 3 5 5 5 7 8 
0.800000 81.000000 1 1 2 5 5 6 6 7 
0.800000 81.000000 1 1 2 4 5 6 6 6 
0.800000 79.000000 1 1 1 2 4 7 8 8 
0.800000 79.000000 1 1 1 2 4 6 6 7 
0.700000 86.000000 1 2 3 3 4 5 7 8 
0.600000 86.000000 2 3 3 4 6 6 6 7 
0.800000 82.000000 1 2 4 5 5 7 8 8 
0.700000 85.000000 1 2 3 5 5 5 7 8 
0.800000 80.000000 1 2 5 7 7 7 8 8 
0.700000 83.000000 1 1 1 2 3 4 4 6 
0.800000 82.000000 1 2 4 4 5 7 7 7 
0.800000 81.000000 1 2 4 5 6 7 8 8 
0.800000 79.000000 1 2 6 6 6 6 7 7 
0.800000 81.000000 1 1 2 4 5 6 7 8 
0.800000 81.000000 2 4 4 6 7 8 8 8 
0.800000 81.000000 1 2 4 4 6 6 7 7 
0.800000 81.000000 1 2 4 4 6 6 8 8 
0.700000 84.000000 1 2 3 4 5 6 6 7 
0.700000 81.000000 1 2 3 6 6 6 8 8 
0.600000 89.000000 2 3 3 3 5 5 7 7 
0.700000 88.000000 1 1 2 3 4 4 4 5 
0.700000 85.000000 1 2 3 5 5 6 6 8 
0.600000 87.000000 2 3 3 5 6 6 6 6 
0.700000 81.000000 1 2 3 7 7 7 7 8 
0.700000 90.000000 1 2 3 3 4 5 5 8 
0.600000 88.000000 2 3 3 4 5 6 7 8 
0.700000 86.000000 1 2 3 4 4 5 6 8 
0.600000 85.000000 2 3 3 6 7 8 8 8 
0.800000 81.000000 1 1 2 4 5 7 7 8 
0.900000 78.000000 1 1 1 2 7 7 7 8 
0.800000 81.000000 1 2 5 5 6 7 7 8 
0.800000 83.000000 2 4 5 5 6 6 6 8 
0.700000 88.000000 2 3 3 5 5 5 6 7 
0.700000 85.000000 2 3 3 4 5 7 7 8 
0.700000 87.000000 2 3 3 5 5 7 8 8 
0.900000 78.000000 1 1 2 6 7 7 8 8 
0.800000 83.000000 2 5 5 5 5 7 7 8 
0.700000 82.000000 1 1 2 3 5 6 7 8 
0.800000 83.000000 2 4 5 5 6 7 8 8 
0.600000 85.000000 2 3 3 4 6 7 7 8 
0.800000 84.000000 2 4 4 5 5 7 8 8 
0.600000 85.000000 1 2 3 3 5 7 7 8 
0.700000 90.000000 1 1 2 3 3 4 4 5 
0.700000 83.000000 1 1 2 3 5 5 7 7 
0.800000 82.000000 2 4 4 4 6 7 8 8 
0.700000 79.000000 1 1 1 1 2 3 8 8 
0.600000 87.000000 2 3 3 3 6 6 6 7 
0.600000 89.000000 2 3 3 3 5 7 8 8 
0.700000 81.000000 1 2 3 6 6 6 7 8 
0.600000 87.000000 2 3 3 4 5 6 6 7 
0.700000 82.000000 1 1 2 3 5 7 8 8 
0.800000 84.000000 2 4 4 4 5 6 7 8 
0.600000 87.000000 1 1 2 3 3 5 6 8 
0.800000 80.000000 1 1 1 2 4 5 7 8 
0.600000 90.000000 2 3 3 3 4 5 6 7 
0.600000 87.000000 2 3 3 4 6 6 6 8 
0.800000 81.000000 1 1 2 5 5 6 6 8 
0.700000 82.000000 1 1 2 3 4 6 8 8 
0.800000 79.000000 1 1 2 4 6 6 8 8 
0.600000 87.000000 2 3 3 4 6 6 8 8 
0.800000 82.000000 2 4 4 4 6 7 7 7 
0.700000 84.000000 2 3 4 5 6 6 7 8 
0.700000 86.000000 2 3 4 5 5 6 6 8 
0.600000 86.000000 1 2 3 3 4 6 7 8 
0.700000 91.000000 2 3 3 4 5 5 8 8 
0.800000 80.000000 1 2 4 6 7 7 7 8 
0.700000 83.000000 1 2 3 5 6 8 8 8 
0.800000 80.000000 1 2 4 6 6 6 7 8 
0.700000 87.000000 2 3 4 4 4 5 7 8 
0.800000 82.000000 1 2 5 5 5 7 7 8 
0.700000 89.000000 2 3 3 4 4 8 8 8 
0.600000 88.000000 2 3 3 4 5 6 7 8 
0.700000 84.000000 1 1 2 3 5 5 6 6 
0.600000 85.000000 1 2 3 3 5 6 7 7 
0.700000 86.000000 1 2 3 3 5 5 6 7 
0.700000 82.000000 1 2 3 4 7 7 7 8 
0.800000 80.000000 2 5 6 6 6 7 8 8 
0.600000 91.000000 1 2 3 3 3 5 6 6 
0.700000 86.000000 1 2 3 4 4 5 6 8 
0.800000 79.000000 1 1 1 1 2 5 6 8 
0.800000 83.000000 1 1 1 2 5 5 5 8 
0.700000 83.000000 2 3 4 5 6 7 7 7 
0.700000 86.000000 1 1 2 3 5 5 5 6 
0.800000 85.000000 2 4 4 4 5 6 8 8 
0.700000 84.000000 2 3 5 5 6 7 7 8 
0.600000 86.000000 2 3 3 5 6 6 6 7 
0.700000 82.000000 1 1 2 3 5 6 7 8 
0.800000 84.000000 2 4 4 5 5 7 8 8 
0.700000 88.000000 1 1 2 3 3 4 5 6 
0.700000 80.000000 1 1 2 3 7 7 8 8 
0.800000 80.000000 1 2 5 6 6 6 7 8 
0.600000 88.000000 2 3 3 3 4 7 7 8 
0.800000 81.000000 1 2 4 4 6 7 7 8 
0.900000 76.000000 1 1 1 1 2 6 8 8 
0.600000 85.000000 1 2 3 3 6 8 8 8 
0.700000 87.000000 2 3 3 4 5 5 7 7 
0.800000 84.000000 1 1 2 4 4 4 5 6 
0.800000 82.000000 1 2 4 4 5 7 8 8 
0.700000 86.000000 1 2 3 4 4 5 6 6 
0.600000 91.000000 1 2 3 3 3 5 6 6 
0.700000 82.000000 1 1 1 2 3 5 6 7 
0.700000 85.000000 1 2 3 4 5 5 7 8 
0.600000 92.000000 2 3 3 3 5 6 8 8 
0.800000 83.000000 1 2 4 4 5 6 6 8 
0.700000 82.000000 1 2 3 5 6 7 8 8 
0.800000 79.000000 1 1 1 2 4 7 7 8 
0.600000 84.000000 1 2 3 3 6 6 7 8 
0.600000 86.000000 1 2 3 3 4 6 7 8 
0.700000 82.000000 2 3 4 6 6 7 8 8 
0.700000 82.000000 1 2 3 4 6 7 7 7 
0.700000 88.000000 1 2 3 3 4 5 6 8 
0.800000 82.000000 1 2 4 4 5 7 8 8 
0.700000 86.000000 1 2 3 5 5 5 6 8 
0.800000 84.000000 1 2 4 5 5 5 6 7 
0.600000 93.000000 2 3 3 3 4 5 6 6 
0.700000 83.000000 1 2 3 4 5 6 7 7 
0.800000 83.000000 1 1 2 5 5 5 6 6 
0.800000 81.000000 1 2 5 5 6 7 7 8 
0.700000 84.000000 1 2 3 5 5 6 7 8 
0.700000 82.000000 1 2 3 4 6 6 7 8 
0.700000 98.000000 2 3 3 3 3 5 5 8 
0.600000 86.000000 1 1 2 3 3 4 8 8 
0.600000 85.000000 2 3 3 5 6 7 7 8 
0.800000 81.000000 1 1 2 4 5 6 8 8 
0.700000 81.000000 1 1 2 3 6 6 7 8 
0.700000 81.000000 1 2 3 6 6 7 8 8 
0.700000 82.000000 1 2 3 4 6 7 8 8 
0.700000 93.000000 1 1 2 3 3 3 4 5 
0.700000 80.000000 1 1 2 3 6 8 8 8 
0.800000 79.000000 1 1 2 4 6 7 8 8 
0.800000 81.000000 1 1 2 4 5 6 7 8 
0.600000 91.000000 1 2 3 3 3 4 6 8 
0.700000 85.000000 2 3 4 4 5 6 6 7 
0.800000 83.000000 1 2 4 5 5 5 7 7 
0.800000 80.000000 1 1 1 2 5 6 7 7 
0.700000 84.000000 2 3 4 5 6 6 6 6 
0.700000 84.000000 1 2 3 4 4 4 7 7 
0.700000 90.000000 1 2 3 3 4 4 4 6 
0.800000 86.000000 2 4 4 5 5 5 8 8 
0.800000 79.000000 1 1 2 4 6 6 7 8 
0.800000 80.000000 1 1 1 2 4 4 8 8 
0.700000 84.000000 2 3 4 5 7 8 8 8 
0.800000 80.000000 2 5 6 7 7 8 8 8 
0.700000 82.000000 2 3 4 6 7 7 8 8 
0.700000 84.000000 2 3 5 5 6 7 8 8 
0.700000 84.000000 1 2 3 4 5 6 6 8 
0.700000 88.000000 2 3 3 4 5 6 8 8 
0.800000 82.000000 1 2 4 5 5 6 7 8 
0.700000 86.000000 1 2 3 3 5 5 6 7 
0.800000 81.000000 1 2 4 4 6 6 6 8 
0.800000 80.000000 2 5 6 6 7 7 7 8 
0.600000 87.000000 1 2 3 3 4 6 6 6 
0.600000 85.000000 2 3 3 6 6 7 8 8 
0.700000 82.000000 1 1 2 3 4 6 8 8 
0.700000 82.000000 1 2 3 4 6 6 8 8 
0.700000 83.000000 1 2 3 4 4 7 7 8 
0.800000 81.000000 1 1 2 5 5 6 6 8 
0.700000 97.000000 2 3 3 3 3 5 5 6 
0.800000 80.000000 1 2 5 6 6 7 8 8 
0.700000 82.000000 1 1 1 2 3 5 6 7 
0.700000 84.000000 2 3 4 4 6 6 7 8 
0.600000 84.000000 2 3 3 6 6 7 7 7 
0.700000 83.000000 1 1 2 3 4 4 6 7 
0.700000 86.000000 1 2 3 3 4 5 7 8 
0.800000 85.000000 2 4 4 4 5 6 8 8 
0.800000 79.000000 1 2 6 6 7 7 8 8 
0.700000 86.000000 2 3 4 5 5 7 8 8 
0.800000 81.000000 1 1 2 4 4 4 7 7 
0.700000 88.000000 1 2 3 3 5 5 6 8 
0.700000 84.000000 2 3 4 5 6 7 8 8 
0.700000 82.000000 1 1 2 3 4 6 6 7 
0.600000 86.000000 1 1 2 3 3 4 6 8 
0.800000 82.000000 2 4 5 5 6 6 6 7 
0.700000 84.000000 1 2 3 4 5 7 8 8 
0.700000 81.000000 1 1 1 2 3 4 6 8 
0.700000 86.000000 1 2 3 4 5 5 6 8 
0.700000 82.000000 1 1 2 3 5 6 7 8 
0.700000 82.000000 1 1 2 3 5 7 7 8 
0.700000 82.000000 2 3 5 6 7 7 8 8 
0.600000 88.000000 2 3 3 4 5 6 7 8 
0.700000 82.000000 1 1 2 3 5 7 7 8 
0.700000 87.000000 2 3 4 4 4 5 7 8 
0.600000 85.000000 1 2 3 3 5 6 7 7 
0.700000 85.000000 1 2 3 5 5 5 6 7 
0.600000 86.000000 1 2 3 3 3 6 7 7 
0.800000 81.000000 1 1 2 4 5 6 7 8 
0.700000 87.000000 2 3 4 4 4 5 7 8 
0.800000 82.000000 1 2 4 4 5 6 6 7 
0.600000 87.000000 2 3 3 3 6 6 7 8 
0.800000 78.000000 1 1 2 6 6 6 8 8 
0.700000 81.000000 1 1 1 1 2 3 4 8 
0.800000 83.000000 1 2 4 5 5 6 6 8 
0.800000 89.000000 2 3 4 4 5 5 5 6 
0.800000 80.000000 1 1 2 5 6 6 7 7 
0.700000 82.000000 1 1 1 2 3 5 6 8 
0.800000 82.000000 1 2 4 4 5 6 7 8 
0.700000 82.000000 1 1 2 3 4 6 8 8 
0.800000 88.000000 1 2 3 4 5 5 5 8 
0.700000 83.000000 1 2 3 4 5 7 7 8 
0.600000 89.000000 2 3 3 3 5 5 7 7 
0.700000 87.000000 1 2 3 4 5 5 5 7 
0.600000 92.000000 1 1 2 3 3 3 4 8 
0.700000 88.000000 1 1 2 3 3 4 5 8 
0.700000 84.000000 1 2 3 4 5 5 7 7 
0.800000 82.000000 1 1 2 4 4 5 6 7 
0.800000 80.000000 2 4 6 6 7 7 8 8 
0.800000 81.000000 1 2 4 5 6 7 7 8 
0.600000 92.000000 1 1 2 3 3 3 4 8 
0.700000 82.000000 2 3 4 6 6 7 7 8 
0.700000 83.000000 1 1 2 3 5 6 6 6 
0.800000 82.000000 1 2 5 5 5 7 7 8 
0.600000 85.000000 2 3 3 5 6 7 7 7 
0.700000 82.000000 1 2 3 5 6 7 8 8 
0.800000 79.000000 1 1 2 6 6 6 7 8 
0.800000 81.000000 2 5 5 7 7 7 7 8 
0.600000 83.000000 1 1 2 3 3 6 7 7 
0.700000 84.000000 1 2 3 4 5 6 6 7 
0.600000 84.000000 1 2 3 3 4 7 7 7 
0.700000 85.000000 1 2 3 3 5 5 7 7 
0.600000 86.000000 1 1 2 3 3 4 6 6 
0.700000 87.000000 1 2 3 4 4 5 5 7 
0.700000 82.000000 1 2 3 4 6 8 8 8 
0.700000 85.000000 2 3 4 4 5 6 7 8 
0.600000 88.000000 2 3 3 5 8 8 8 8 
0.700000 85.000000 2 3 4 4 5 6 6 7 
0.800000 80.000000 1 1 1 2 5 6 6 7 
0.800000 83.000000 2 5 5 5 6 7 8 8 
0.600000 85.000000 1 2 3 3 3 7 7 7 
0.800000 84.000000 2 4 5 5 5 6 7 8 
0.600000 86.000000 1 1 2 3 3 4 6 8 
0.700000 82.000000 1 2 3 5 6 6 7 7 
0.600000 85.000000 1 2 3 3 4 6 7 7 
0.800000 82.000000 1 1 2 4 4 5 8 8 
0.800000 81.000000 1 1 2 5 5 6 8 8 
0.700000 84.000000 1 2 3 4 5 6 7 8 
0.800000 82.000000 1 2 4 4 4 6 6 8 
0.800000 84.000000 1 2 4 4 5 5 7 8 
0.700000 89.000000 1 2 3 3 4 4 8 8 
0.800000 79.000000 1 1 1 2 4 6 6 8 
0.700000 86.000000 1 1 2 3 4 4 4 8 
0.600000 86.000000 1 2 3 3 5 6 7 8 
0.700000 83.000000 1 1 2 3 4 5 6 7 
0.700000 84.000000 2 3 4 5 6 7 8 8 
0.800000 81.000000 1 1 2 4 5 6 7 7 
0.700000 82.000000 1 2 3 5 6 6 7 8 
0.800000 79.000000 1 1 1 2 5 6 7 8 
0.800000 81.000000 2 4 5 6 6 7 7 8 
0.800000 80.000000 1 1 2 5 6 7 8 8 
0.800000 84.000000 2 4 4 4 5 5 7 7 
0.800000 90.000000 2 3 4 4 4 5 5 8 
0.900000 77.000000 1 1 1 1 2 7 8 8 
0.600000 88.000000 2 3 3 4 5 6 7 8 
0.600000 86.000000 1 1 2 3 3 4 6 8 
0.700000 85.000000 1 2 3 5 5 5 7 8 
0.800000 82.000000 1 2 4 4 5 6 6 7 
0.600000 89.000000 2 3 3 4 5 6 6 8 
0.600000 86.000000 1 2 3 3 5 6 7 8 
0.700000 85.000000 2 3 4 4 6 6 8 8 
0.700000 85.000000 1 2 3 4 5 5 7 8 
0.800000 81.000000 2 4 5 6 6 7 7 8 
0.700000 90.000000 2 3 3 4 5 5 6 8 
0.700000 84.000000 2 3 4 5 6 6 6 6 
0.800000 82.000000 1 1 2 4 4 5 7 7 
0.700000 82.000000 1 1 2 3 5 7 7 7 
0.700000 82.000000 1 1 2 3 4 6 7 8 
0.800000 80.000000 1 1 2 5 6 6 8 8 
0.700000 82.000000 1 2 3 4 6 7 8 8 
0.800000 84.000000 1 2 4 5 5 5 6 7 
0.800000 81.000000 1 1 2 4 5 6 8 8 
0.700000 85.000000 1 1 2 3 5 5 8 8 
0.800000 86.000000 2 4 4 4 5 5 5 7 
0.700000 82.000000 1 2 3 4 6 7 7 7 
0.800000 80.000000 1 1 2 5 7 7 8 8 
0.700000 85.000000 1 2 3 4 4 5 6 7 
0.700000 90.000000 2 3 3 4 4 5 6 8 
0.700000 82.000000 1 1 1 2 3 5 7 7 
0.600000 87.000000 1 2 3 3 5 6 6 8 
0.700000 88.000000 2 3 3 4 5 5 6 7 
0.800000 79.000000 1 1 2 4 6 6 8 8 
0.700000 84.000000 1 2 3 5 5 6 6 7 
0.600000 91.000000 1 2 3 3 3 4 6 6 
0.700000 88.000000 2 3 3 4 5 6 8 8 
0.800000 80.000000 1 1 2 5 6 6 6 6 
0.700000 84.000000 1 2 3 4 5 7 8 8 
0.800000 87.000000 1 2 3 5 5 5 5 8 
0.700000 85.000000 1 2 3 4 4 5 6 7 
0.800000 80.000000 1 1 1 2 5 6 7 7 
0.700000 82.000000 2 3 5 6 7 7 8 8 
0.600000 85.000000 2 3 3 5 7 7 7 8 
0.700000 89.000000 1 2 3 4 4 4 5 8 
0.800000 81.000000 1 1 1 2 5 5 6 8 
0.700000 82.000000 1 2 3 5 6 7 8 8 
0.600000 89.000000 2 3 3 3 5 6 6 7 
0.700000 88.000000 1 2 3 3 4 5 8 8 
0.800000 81.000000 1 2 4 5 6 7 7 7 
0.800000 80.000000 2 5 6 7 7 8 8 8 
0.800000 84.000000 1 1 1 2 4 5 5 5 
0.700000 82.000000 1 1 2 3 5 6 7 7 
0.700000 82.000000 1 2 3 5 7 8 8 8 
0.800000 80.000000 1 1 2 4 4 6 7 8 
0.600000 86.000000 1 1 1 2 3 3 5 8 
0.700000 86.000000 2 3 3 5 5 6 7 8 
0.800000 81.000000 1 2 4 5 6 7 8 8 
0.700000 84.000000 1 2 3 4 5 6 6 7 
0.700000 86.000000 1 2 3 3 4 5 7 8 
0.800000 80.000000 1 2 4 6 6 6 7 7 
0.800000 82.000000 2 4 4 4 6 7 7 7 
0.800000 80.000000 1 1 2 5 6 6 7 8 
0.700000 83.000000 1 2 3 4 6 6 6 6 
0.800000 80.000000 2 5 7 7 8 8 8 8 
0.700000 84.000000 2 3 4 5 6 7 8 8 
0.600000 85.000000 1 2 3 3 4 6 7 7 
0.600000 86.000000 1 1 2 3 3 4 6 8 
0.600000 92.000000 1 2 3 3 3 5 8 8 
0.600000 89.000000 2 3 3 4 5 6 6 8 
0.700000 89.000000 2 3 3 5 5 5 5 7 
0.700000 82.000000 1 1 2 3 4 6 7 8 
0.700000 83.000000 1 2 3 4 4 7 7 7 
0.700000 82.000000 1 1 2 3 5 6 6 7 
0.800000 81.000000 1 1 2 4 5 6 6 8 
0.800000 84.000000 1 2 4 4 5 5 6 7 
0.700000 86.000000 1 2 3 4 4 5 6 6 
0.800000 79.000000 2 6 6 6 6 7 8 8 
0.700000 93.000000 1 1 2 3 3 3 4 5 
0.800000 80.000000 1 1 1 2 4 5 7 8 
0.700000 86.000000 2 3 4 5 5 6 6 6 
0.700000 89.000000 2 3 3 5 5 8 8 8 
0.700000 83.000000 1 2 3 4 5 7 7 8 
0.700000 87.000000 1 1 2 3 3 5 5 6 
0.800000 84.000000 1 2 4 4 4 4 8 8 
0.800000 85.000000 1 1 2 4 5 5 5 8 
0.700000 92.000000 2 3 3 4 4 4 5 6 
0.800000 79.000000 1 1 1 2 5 7 8 8 
0.800000 82.000000 2 5 5 5 7 7 8 8 
0.600000 86.000000 2 3 3 5 6 6 6 7 
0.800000 84.000000 1 2 4 4 4 5 6 8 
0.700000 84.000000 2 3 4 5 6 6 7 8 
0.700000 81.000000 1 2 3 6 7 8 8 8 
0.800000 85.000000 2 4 4 5 5 5 7 8 
0.800000 84.000000 1 2 4 4 5 5 6 8 
0.700000 84.000000 1 1 2 3 5 5 6 7 
0.600000 86.000000 1 2 3 3 5 6 7 8 
0.800000 81.000000 2 5 5 7 7 7 8 8 
0.700000 87.000000 2 3 4 4 5 5 7 8 
0.700000 84.000000 1 2 3 5 5 6 6 7 
0.800000 82.000000 1 2 4 4 4 6 7 8 
0.700000 84.000000 1 2 3 4 5 7 8 8 
0.700000 84.000000 2 3 5 5 6 7 8 8 
0.800000 81.000000 2 4 5 6 6 6 7 8 
0.700000 81.000000 1 2 3 6 7 7 7 7 
0.700000 86.000000 1 1 2 3 3 4 5 7 
0.800000 81.000000 1 2 4 4 6 6 6 8 
0.700000 85.000000 2 3 4 4 5 6 7 8 
0.700000 85.000000 1 2 3 4 5 6 8 8 
0.600000 92.000000 1 1 2 3 3 3 4 8 
0.700000 87.000000 1 2 3 4 4 5 8 8 
0.800000 86.000000 2 4 4 4 4 4 6 8 
0.800000 80.000000 1 2 4 7 7 8 8 8 
0.700000 86.000000 1 1 2 3 4 4 5 8 
0.800000 80.000000 1 1 1 2 4 4 7 8 
0.800000 82.000000 2 4 4 5 6 6 7 7 
0.800000 83.000000 1 2 4 5 5 5 7 7 
0.800000 78.000000 1 1 1 2 6 7 7 8 
0.800000 81.000000 1 1 2 4 5 6 7 8 
0.700000 82.000000 1 1 2 3 4 6 8 8 
0.800000 82.000000 1 1 2 4 5 5 7 8 
0.800000 96.000000 2 3 3 3 4 4 5 5 
0.700000 83.000000 2 3 4 6 6 8 8 8 
0.700000 83.000000 1 2 3 5 5 7 7 8 
0.700000 83.000000 2 3 4 4 6 7 7 8 
0.800000 81.000000 1 2 4 5 6 6 6 8 
0.600000 93.000000 2 3 3 3 4 5 6 8 
0.800000 84.000000 1 2 4 4 5 5 6 7 
0.700000 84.000000 1 2 3 4 4 4 7 7 
0.700000 87.000000 2 3 3 4 5 7 8 8 
0.700000 86.000000 1 2 3 4 5 5 6 6 
0.700000 84.000000 1 1 1 2 3 4 5 8 
0.600000 87.000000 1 2 3 3 3 6 6 7 
0.800000 78.000000 1 2 6 6 8 8 8 8 
0.800000 81.000000 1 2 4 4 6 8 8 8 
0.800000 82.000000 2 4 5 5 6 7 7 8 
0.700000 81.000000 1 1 1 2 3 4 6 7 
0.700000 88.000000 2 3 3 4 5 5 7 8 
0.700000 82.000000 1 1 2 3 4 6 8 8 
0.600000 86.000000 1 1 2 3 3 3 6 7 
0.700000 92.000000 2 3 3 4 4 5 5 8 
0.600000 90.000000 2 3 3 3 4 5 6 7 
0.800000 81.000000 2 4 5 6 7 8 8 8 
0.700000 86.000000 2 3 4 5 5 5 7 7 
0.700000 86.000000 1 2 3 4 4 4 6 6 
0.800000 79.000000 1 1 2 4 6 7 8 8 
0.800000 85.000000 1 2 4 4 5 5 8 8 
0.800000 80.000000 1 2 4 6 6 7 7 8 
0.700000 88.000000 1 2 3 3 5 5 5 7 
0.700000 90.000000 1 2 3 3 5 5 5 8 
0.700000 81.000000 1 2 3 6 6 7 7 8 
0.800000 80.000000 1 2 5 6 7 7 8 8 
0.600000 84.000000 1 2 3 3 5 7 7 7 
0.700000 83.000000 1 2 3 4 5 6 7 7 
0.700000 90.000000 2 3 3 4 5 5 6 8 
0.800000 81.000000 1 1 2 4 5 6 7 8 
0.700000 81.000000 2 3 6 6 6 7 8 8 
0.700000 84.000000 2 3 4 5 6 6 7 8 
0.700000 84.000000 1 1 2 3 5 5 6 6 
0.600000 86.000000 2 3 3 5 7 8 8 8 
0.800000 82.000000 2 4 4 5 6 6 6 7 
0.800000 79.000000 1 1 2 4 6 6 6 8 
0.800000 83.000000 2 4 5 5 6 6 7 8 
0.800000 79.000000 1 1 1 2 4 6 7 8 
0.600000 85.000000 1 2 3 3 6 8 8 8 
0.600000 91.000000 1 2 3 3 3 5 6 6 
0.700000 82.000000 1 2 3 5 6 7 7 7 
0.700000 88.000000 1 1 2 3 3 4 5 8 
0.700000 83.000000 1 2 3 4 5 6 7 7 
0.800000 81.000000 2 4 5 6 6 7 7 8 
0.800000 83.000000 1 1 1 2 4 5 5 8 
0.800000 85.000000 1 2 4 4 5 5 5 7 
0.700000 82.000000 1 1 2 3 4 6 7 8 
0.700000 86.000000 1 2 3 4 5 5 6 6 
0.700000 82.000000 1 1 2 3 5 6 7 8 
0.700000 86.000000 1 2 3 4 4 5 6 8 
0.800000 83.000000 1 2 5 5 5 5 7 7 
0.800000 78.000000 1 1 1 1 1 2 5 8 
0.700000 88.000000 1 2 3 3 4 5 6 8 
0.700000 82.000000 1 2 3 4 6 6 8 8 
0.700000 82.000000 1 1 2 3 4 6 7 7 
0.800000 85.000000 2 4 4 5 5 5 7 8 
0.800000 83.000000 2 4 4 5 5 6 7 7 
0.600000 85.000000 1 1 2 3 3 5 6 7 
0.700000 84.000000 1 1 1 2 3 4 5 8 
0.700000 83.000000 1 1 2 3 4 5 7 8 
0.900000 79.000000 2 6 7 7 7 7 8 8 
0.800000 82.000000 1 2 5 5 6 6 6 8 
0.700000 81.000000 1 2 3 6 6 6 7 7 
0.700000 81.000000 1 1 1 2 3 4 7 8 
0.600000 85.000000 2 3 3 4 7 7 8 8 
0.800000 83.000000 2 4 5 5 6 8 8 8 
0.800000 83.000000 2 4 5 5 7 8 8 8 
0.700000 82.000000 2 3 4 6 7 7 8 8 
0.700000 85.000000 1 2 3 5 5 6 6 8 
0.700000 85.000000 1 2 3 4 5 5 7 8 
0.700000 82.000000 1 1 2 3 4 6 7 8 
0.800000 81.000000 1 2 5 5 7 7 7 8 
0.700000 90.000000 1 1 2 3 3 4 4 5 
0.600000 85.000000 1 2 3 3 6 6 8 8 
0.800000 86.000000 1 2 4 5 5 5 5 6 
0.600000 86.000000 1 2 3 3 4 4 7 7 
0.600000 84.000000 2 3 3 7 7 7 8 8 
0.700000 83.000000 1 1 2 3 4 5 6 7 
0.600000 84.000000 2 3 3 6 7 7 8 8 
0.700000 83.000000 1 2 3 4 5 7 7 8 
0.800000 81.000000 1 2 5 5 6 6 7 7 
0.600000 89.000000 2 3 3 4 5 6 6 8 
0.700000 82.000000 1 2 3 5 7 8 8 8 
0.700000 82.000000 1 2 3 5 7 7 8 8 
0.700000 85.000000 1 2 3 4 5 6 8 8 
0.800000 84.000000 1 2 4 4 5 5 6 7 
0.600000 85.000000 1 2 3 3 6 6 6 8 
0.700000 85.000000 1 1 2 3 5 5 8 8 
0.700000 85.000000 1 2 3 4 4 5 6 7 
0.600000 84.000000 1 1 2 3 3 6 6 8 
0.700000 83.000000 2 3 5 6 6 8 8 8 
0.800000 79.000000 1 1 1 1 2 4 4 8 
0.800000 80.000000 1 1 2 4 4 6 7 8 
0.800000 80.000000 2 4 6 7 7 7 7 8 
0.800000 80.000000 2 5 6 6 8 8 8 8 
0.700000 89.000000 1 2 3 3 5 5 5 6 
0.700000 88.000000 1 2 3 3 5 5 6 8 
0.700000 83.000000 2 3 5 5 7 7 7 8 
0.700000 85.000000 1 2 3 4 4 5 7 8 
0.800000 81.000000 1 2 4 5 7 7 7 8 
0.800000 84.000000 1 1 2 4 4 5 5 8 
0.800000 81.000000 2 4 5 6 6 6 8 8 
0.800000 87.000000 2 4 4 4 5 5 8 8 
0.800000 84.000000 1 1 2 4 4 4 5 8 
0.700000 80.000000 1 1 1 2 3 6 7 8 
0.700000 82.000000 1 1 2 3 4 6 8 8 
0.800000 83.000000 1 2 4 4 5 6 8 8 
0.700000 84.000000 2 3 4 5 6 7 8 8 
