date time lat lon depth mag dist baz cordeg phase phi delta err_phi_min err_phi_max err_dt_min err_dt_max confidence_level SplitInt SplitInt_err_min SplitInt_err_max delta_XC phi_XC Qa E_red Eig_ratio category 19-Apr-2016 05:25:39 -55.728300 -27.230700 14.000000 6.200000 105.856610 203.241120 8.083721 SKS 17.000000 4.000000 -Inf Inf 0.000000 Inf 38271.362338 0.343502 0.000526 0.686478 0.372057 -32.758880 -1.022529 44.209528 0.028796 poor
18-May-2016 16:46:43 0.494700 -79.616000 29.950000 6.900000 93.086290 273.674150 8.083721 SKS 11.000000 0.923077 -Inf Inf 0.000000 Inf 3666.161340 0.218732 0.103548 0.333917 0.269956 48.674150 -0.550183 28.808929 0.012978 poor
28-May-2016 09:46:59 -56.240900 -26.935300 78.000000 7.200000 106.217060 202.823390 8.083721 SKS 9.000000 1.538462 -Inf Inf 0.000000 Inf 1066851.960523 0.634836 0.202798 1.066874 0.754470 -32.176610 -0.481200 48.565939 0.073296 poor
05-Jun-2016 16:25:33 -4.587000 125.626400 429.620000 6.300000 108.161480 78.444160 8.083721 SKS 16.000000 0.615385 -Inf Inf 0.000000 Inf 19395.818079 0.465556 0.297932 0.633181 0.520762 34.444160 0.380910 52.819950 0.064097 poor
07-Jun-2016 10:51:37 18.363700 -105.173100 10.000000 6.300000 97.249460 304.277640 8.083721 SKS 134.000000 1.128205 -Inf Inf 0.000000 Inf 14134.184963 -0.343959 -0.434304 -0.253613 0.361260 -9.722360 -0.491326 79.159892 0.014198 poor
07-Jun-2016 19:15:15 1.278900 126.371200 31.000000 6.300000 104.486590 73.644360 8.083721 SKS 49.000000 1.333333 10.000000 63.000000 0.615385 2.666667 10082.817523 0.941638 0.784863 1.098414 0.978432 33.644360 0.387967 91.610258 0.075707 average
25-Jul-2016 17:26:50 -26.106700 -70.511100 72.000000 6.100000 104.847050 247.964300 8.083721 SKS 67.000000 1.538462 -Inf Inf 0.000000 Inf 11963.751826 0.014529 -0.110058 0.139116 0.022838 22.964300 -0.963737 1.273886 0.019737 null-measurement
04-Aug-2016 14:15:12 -22.334300 -66.007800 270.000000 6.200000 99.267400 247.900780 8.083721 SKS 70.000000 3.487179 -Inf Inf 0.000000 Inf 17696.122684 -0.129852 -0.296645 0.036941 0.135564 -67.099220 -0.914491 11.063712 0.032857 null-measurement
04-Aug-2016 16:24:33 24.944700 142.014100 510.000000 6.300000 95.892860 46.553240 8.083721 SKS 42.000000 3.897436 38.000000 44.000000 1.846154 4.000000 7746.527102 0.052740 -0.099665 0.205145 0.072496 -5.446760 -1.037079 85.366440 0.015896 null-measurement
29-Dec-2016 22:30:19 -9.027900 118.663900 79.000000 6.300000 106.282090 86.809690 8.083721 SKS 14.000000 1.333333 4.000000 38.000000 0.615385 2.256410 5319.617097 0.643854 0.500977 0.786732 0.646190 41.809690 -0.137989 91.312207 0.061107 good
10-Jan-2017 06:13:48 4.478200 122.617100 627.170000 7.300000 99.583130 74.164140 8.083721 SKS 48.000000 1.128205 7.000000 63.000000 0.615385 2.358974 4350.627662 0.846101 0.729367 0.962835 0.900342 37.164140 0.555534 93.680249 0.048559 good
18-Feb-2017 12:10:17 -23.861300 -66.659200 222.000000 6.400000 100.755520 247.205920 8.083721 SKS 153.000000 1.846154 -Inf Inf 0.000000 Inf 5970.982505 -0.176840 -0.263968 -0.089713 0.175867 -70.794080 -0.879188 35.847488 0.014408 poor
21-Feb-2017 14:09:04 -19.281400 -63.904700 595.980000 6.500000 95.727510 248.704100 8.083721 SKS 156.000000 2.666667 -Inf Inf 0.000000 Inf 14790.714989 -0.129045 -0.269792 0.011702 0.148241 -67.295900 -0.906623 23.239692 0.025215 null-measurement
15-Apr-2017 08:19:43 -23.265300 -67.722500 155.000000 6.300000 101.055920 248.330180 8.083721 SKS 72.000000 2.153846 -Inf Inf 0.000000 Inf 10463.093342 -0.201752 -0.328528 -0.074977 0.212579 -65.669820 -0.842394 24.586760 0.019745 poor
10-Oct-2017 06:32:21 -18.571500 -69.752600 85.000000 6.300000 99.217300 253.111030 8.083721 SKS 165.000000 4.000000 -Inf Inf 0.000000 Inf 12415.854556 0.030736 -0.110651 0.172122 0.024768 30.111030 -0.996294 11.476001 0.016011 null-measurement
24-Oct-2017 10:47:47 -7.216800 123.073500 553.810000 6.700000 108.192670 82.283000 8.083721 SKS 12.000000 1.435897 173.000000 81.000000 0.000000 4.000000 20779.635297 0.843597 0.620676 1.066517 0.842110 41.283000 -0.090377 80.353878 0.058792 poor
24-Oct-2017 10:47:47 -7.216800 123.073500 553.810000 6.700000 108.192670 82.283000 8.083721 SKKS 34.000000 1.025641 -Inf Inf 0.000000 Inf 478750.048267 0.982593 0.482626 1.482561 1.013552 42.283000 0.739157 NaN 0.094860 poor
21-Jan-2018 01:06:42 -18.880600 -69.444500 116.000000 6.300000 99.217340 252.680580 8.083721 SKS 167.000000 2.871795 -Inf Inf 0.000000 Inf 18768.807643 0.276782 0.084057 0.469507 0.296263 32.680580 -0.915617 24.187619 0.029721 poor
02-Apr-2018 13:40:34 -20.658800 -63.005800 559.000000 6.800000 96.096730 247.124730 8.083721 SKS 153.000000 2.051282 -Inf Inf 0.000000 Inf 16231.533045 -0.230761 -0.387816 -0.073707 0.236688 -70.875270 -0.861816 19.208991 0.030890 poor
10-Apr-2018 10:19:34 -31.025800 -71.529200 66.000000 6.200000 108.768450 244.737560 8.083721 SKS 149.000000 0.615385 -Inf Inf 0.000000 Inf 7302.132034 -0.118456 -0.219375 -0.017537 0.118832 -71.262440 -0.703883 9.451363 0.018523 null-measurement
28-Jul-2018 22:47:38 -8.239500 116.508000 14.000000 6.400000 104.189980 87.739560 8.083721 SKS 75.000000 1.128205 -Inf Inf 0.000000 Inf 25477.690685 0.419114 0.194988 0.643240 0.442648 41.739560 -0.353176 38.700841 0.036564 poor
17-Aug-2018 15:35:01 -7.371800 119.801700 529.000000 6.500000 105.959250 84.757720 8.083721 SKS 13.000000 0.923077 177.000000 79.000000 0.205128 3.487179 8611.882677 0.515043 0.399714 0.630371 0.515046 39.757720 -0.047818 72.170728 0.035777 poor
24-Aug-2018 09:04:08 -11.035500 -70.828400 630.000000 7.100000 94.769610 259.302940 8.083721 SKS 168.000000 1.846154 -Inf Inf 0.000000 Inf 10443.023515 -0.022815 -0.157027 0.111396 0.022521 -54.697060 -0.937017 4.354692 0.028986 null-measurement
28-Aug-2018 07:08:11 -10.773000 124.187100 14.000000 6.200000 111.442940 84.193910 8.083721 SKS 0.000000 3.487179 175.000000 66.000000 0.205128 4.000000 8436.056804 0.415629 0.208948 0.622309 0.395310 47.193910 -0.942170 74.142449 0.016516 poor
07-Sep-2018 02:12:06 -2.253200 -78.790300 110.500000 6.200000 94.400210 271.129050 8.083721 SKS 2.000000 3.179487 -Inf Inf 0.000000 Inf 2814.579618 0.047468 -0.026073 0.121009 0.040254 47.129050 -0.990268 19.966351 0.007311 null-measurement
28-Sep-2018 10:02:45 -0.255900 119.846200 20.000000 7.500000 101.015860 79.525750 8.083721 SKS 55.000000 0.717949 171.000000 77.000000 0.102564 4.000000 7121.886510 0.527730 0.418178 0.637282 0.514334 33.525750 0.214942 86.466837 0.023408 poor
01-Nov-2018 22:19:51 -19.582700 -69.265600 102.000000 6.200000 99.576620 252.047740 8.083721 SKS 69.000000 1.333333 -Inf Inf 0.000000 Inf 14405.200891 0.097071 -0.036108 0.230251 0.099292 28.047740 -0.835647 7.318355 0.029740 null-measurement
01-Mar-2019 08:50:42 -14.713100 -70.154600 267.000000 7.000000 96.839140 256.190220 8.083721 SKS 81.000000 4.000000 -Inf Inf 0.000000 Inf 10462.340462 -0.218999 -0.437338 -0.000660 0.214558 -55.809780 -0.906190 50.192425 0.019284 poor
06-Apr-2019 21:55:01 -6.828500 125.041600 539.000000 6.300000 109.323140 80.549680 8.083721 SKS 24.000000 1.128205 175.000000 74.000000 0.205128 3.692308 31755.043600 0.906159 0.664635 1.147684 0.985955 42.549680 0.390379 58.107891 0.122464 poor
07-Jul-2019 15:08:40 0.512600 126.189200 35.000000 6.900000 104.913890 74.324790 8.083721 SKS 17.000000 1.025641 175.000000 56.000000 0.512821 2.153846 7291.949897 0.907207 0.789092 1.025322 0.874499 31.324790 0.503917 90.594473 0.068859 good
14-Jul-2019 09:10:51 -0.585800 128.034000 18.980000 7.200000 106.983050 73.722640 8.083721 SKS 14.000000 0.615385 -Inf Inf 0.000000 Inf 20791.799428 0.514040 0.352478 0.675602 0.486321 31.722640 0.368980 64.482382 0.031400 poor
19-Sep-2019 07:06:33 -6.070800 111.842200 610.000000 6.100000 99.337630 89.407540 8.083721 SKS 33.000000 0.615385 -1.000000 88.000000 0.000000 4.000000 15239.221290 0.547887 0.412643 0.683131 0.561016 44.407540 0.620347 74.746284 0.045837 poor
14-Nov-2019 16:17:40 1.621300 126.415600 33.000000 7.100000 104.269550 73.368830 8.083721 SKS 50.000000 1.128205 168.000000 70.000000 0.102564 4.000000 15606.174466 0.757775 0.585149 0.930401 0.761505 28.368830 0.179378 84.249208 0.053038 poor
