date time lat lon depth mag dist baz cordeg phase phi delta err_phi_min err_phi_max err_dt_min err_dt_max confidence_level SplitInt SplitInt_err_min SplitInt_err_max delta_XC phi_XC Qa E_red Eig_ratio category 
15-Apr-2016 14:11:26 13.400800 -92.367000 22.410000 6.100000 92.861870 292.537380 9.243072 SKS 98.000000 1.435897 61.000000 107.000000 0.410256 2.769231 7881.373650 0.559762 0.405704 0.713820 0.538813 65.537380 -0.349611 88.268726 0.048895 average 
20-Apr-2016 08:33:47 0.639000 -80.210400 14.000000 6.200000 93.996150 275.039990 9.243072 SKS 2.000000 1.743590 -Inf Inf 0.000000 Inf 4442.510629 -0.135341 -0.240313 -0.030368 0.149780 -43.960010 -0.938399 16.714236 0.009063 null-measurement 
07-Jun-2016 10:51:37 18.363700 -105.173100 10.000000 6.300000 96.824380 305.236350 9.243072 SKS 78.000000 1.538462 43.000000 115.000000 0.410256 3.076923 97474.948269 1.554840 1.327138 1.782542 1.423498 80.236350 0.873084 94.570880 0.263910 average 
07-Jun-2016 19:15:15 1.278900 126.371200 31.000000 6.300000 103.275220 74.008200 9.243072 SKS 86.000000 2.051282 74.000000 158.000000 0.102564 4.000000 26414.865496 -0.542688 -0.800759 -0.284616 0.538202 -55.991800 -0.585867 78.777989 0.057889 poor 
25-Jul-2016 17:26:50 -26.106700 -70.511100 72.000000 6.100000 106.185330 249.083500 9.243072 SKS 122.000000 0.615385 81.000000 148.000000 0.307692 1.435897 2497.375930 -0.570285 -0.627066 -0.513504 0.582267 -64.916500 0.769696 94.501426 0.032492 good 
29-Jul-2016 21:18:24 18.542900 145.507300 196.000000 7.700000 101.247960 48.058970 9.243072 SKS 96.000000 1.435897 83.000000 109.000000 1.128205 1.743590 7186.750185 -1.512981 -1.626133 -1.399829 1.449927 -79.941030 0.871707 98.124778 0.172512 good 
04-Aug-2016 14:15:12 -22.334300 -66.007800 270.000000 6.200000 100.609050 248.875930 9.243072 SKS 113.000000 0.512821 79.000000 147.000000 0.307692 1.333333 2776.072204 -0.519284 -0.580480 -0.458088 0.516854 -64.124070 0.908947 84.357286 0.027646 average 
04-Aug-2016 16:24:33 24.944700 142.014100 510.000000 6.300000 94.127510 47.219030 9.243072 SKS 98.000000 1.743590 85.000000 109.000000 1.333333 2.153846 21034.712104 -1.852700 -2.082007 -1.623393 1.803053 -70.780970 0.644348 97.543548 0.435094 good 
19-Aug-2016 07:32:22 -55.285200 -31.876600 10.000000 7.400000 108.804430 206.602690 9.243072 SKS 27.000000 4.000000 -Inf Inf 0.000000 Inf 9533.514948 0.032459 -0.137552 0.202470 0.027064 -17.397310 -0.979852 2.227420 0.008604 null-measurement 
21-Aug-2016 03:45:23 -55.313300 -31.750800 12.000000 6.100000 108.788680 206.522780 9.243072 SKS 128.000000 1.948718 -Inf Inf 0.000000 Inf 63565.684574 0.415891 0.135921 0.695862 0.493332 -8.477220 -0.728119 38.037613 0.095394 poor 
25-Dec-2016 14:22:27 -43.406400 -73.941300 38.000000 7.600000 119.546150 236.763480 9.243072 SKIKS 72.000000 1.230769 59.000000 137.000000 0.307692 3.589744 6060.404060 -0.551160 -0.662405 -0.439916 0.558598 -78.236520 -0.213039 64.737642 0.019891 poor 
10-Jan-2017 06:13:48 4.478200 122.617100 627.170000 7.300000 98.387660 74.660690 9.243072 SKS 86.000000 1.435897 -Inf Inf 0.000000 Inf 87476.729781 -0.456597 -0.666513 -0.246682 0.457303 -58.339310 -0.478150 78.173529 0.027634 poor 
18-Feb-2017 12:10:17 -23.861300 -66.659200 222.000000 6.400000 102.113650 248.215720 9.243072 SKS 102.000000 1.128205 85.000000 126.000000 0.717949 1.743590 8692.449423 -1.037204 -1.179594 -0.894814 1.021788 -68.784280 0.681135 94.041726 0.103033 good 
15-Apr-2017 08:19:43 -23.265300 -67.722500 155.000000 6.300000 102.386410 249.352570 9.243072 SKS 124.000000 0.615385 76.000000 154.000000 0.307692 2.256410 5130.849167 -0.556706 -0.647018 -0.466394 0.581949 -68.647430 0.595171 82.851668 0.028952 average 
10-May-2017 23:23:36 -56.414000 -25.743200 15.000000 6.500000 107.978020 202.868630 9.243072 SKS 172.000000 1.743590 -Inf Inf 0.000000 Inf 102386.385127 1.366909 0.900125 1.833692 1.440645 -34.131370 0.142798 66.140939 0.188335 poor 
12-May-2017 10:41:26 12.918700 -90.061100 16.000000 6.200000 91.725770 290.540180 9.243072 SKS 130.000000 0.615385 -Inf Inf 0.000000 Inf 179834.378649 -0.344744 -0.683109 -0.006379 0.446629 -23.459820 0.080170 13.772104 0.072285 poor 
22-Jun-2017 12:31:03 13.717400 -90.971800 38.120000 6.800000 91.724190 291.731080 9.243072 SKS 101.000000 1.743590 76.000000 107.000000 0.512821 3.487179 3238.338131 0.499805 0.365302 0.634307 0.472472 62.731080 -0.584102 83.129430 0.026310 average 
23-Sep-2017 12:53:01 16.625800 -95.077800 10.000000 6.100000 92.147820 296.621320 9.243072 SKS 95.000000 1.128205 78.000000 105.000000 0.717949 1.743590 663.795600 0.693829 0.573577 0.814081 0.703566 72.621320 0.117983 94.111355 0.076153 good 
10-Oct-2017 06:32:21 -18.571500 -69.752600 85.000000 6.300000 100.425690 254.102860 9.243072 SKS 91.000000 1.230769 80.000000 134.000000 0.410256 2.666667 3884.955557 -0.606404 -0.717961 -0.494847 0.615535 -57.897140 -0.206317 88.120917 0.028375 average 
14-Jan-2018 09:18:45 -15.767500 -74.709200 39.000000 7.100000 101.824380 259.531510 9.243072 SKS 135.000000 0.512821 -Inf Inf 0.000000 Inf 10095.515182 -0.453192 -0.584813 -0.321571 0.474499 -57.468490 0.594153 61.460618 0.027750 poor 
02-Apr-2018 13:40:34 -20.658800 -63.005800 559.000000 6.800000 97.458270 248.018870 9.243072 SKS 133.000000 0.820513 101.000000 146.000000 0.410256 1.435897 3584.384430 -0.584075 -0.658503 -0.509648 0.599707 -66.981130 0.265729 80.981399 0.040643 average 
24-Aug-2018 09:04:08 -11.035500 -70.828400 630.000000 7.100000 95.808660 260.183420 9.243072 SKS 115.000000 0.410256 83.000000 166.000000 0.102564 2.051282 5167.184594 -0.367285 -0.441671 -0.292899 0.366756 -53.816580 0.617887 68.091195 0.028071 poor 
28-Aug-2018 22:35:13 16.804400 146.839500 55.000000 6.400000 103.395070 47.929740 9.243072 SKS 93.000000 1.435897 69.000000 117.000000 0.820513 2.153846 42833.155754 -1.536503 -1.730272 -1.342733 1.452125 -80.070260 0.781647 93.158765 0.284807 good 
07-Sep-2018 02:12:06 -2.253200 -78.790300 110.500000 6.200000 95.080960 272.007410 9.243072 SKS 179.000000 1.641026 94.000000 1.000000 0.000000 4.000000 1557.148306 -0.137768 -0.184542 -0.090994 0.130459 -45.992590 -0.921975 53.460865 0.004326 null-measurement 
28-Sep-2018 10:02:45 -0.255900 119.846200 20.000000 7.500000 99.967510 79.961710 9.243072 SKS 91.000000 2.256410 84.000000 117.000000 0.615385 4.000000 6054.800849 -0.608299 -0.849286 -0.367312 0.588862 -50.038290 -0.609844 94.354026 0.036118 poor 
01-Nov-2018 22:19:51 -19.582700 -69.265600 102.000000 6.200000 100.812920 253.045780 9.243072 SKS 98.000000 0.923077 85.000000 125.000000 0.512821 1.641026 2427.577300 -0.677125 -0.762641 -0.591610 0.684148 -65.954220 0.376875 93.973617 0.053195 good 
11-Dec-2018 02:26:29 -58.544600 -26.385600 133.000000 7.100000 110.003230 202.070130 9.243072 SKS 27.000000 1.333333 -Inf Inf 0.000000 Inf 11006.743541 -0.188044 -0.342258 -0.033830 0.208305 68.070130 -0.757792 10.414336 0.024624 poor 
06-Jan-2019 17:27:18 2.258000 126.758000 43.210000 6.600000 102.806760 73.044980 9.243072 SKS 85.000000 2.153846 -Inf Inf 0.000000 Inf 22663.859814 -0.639213 -0.887562 -0.390864 0.672692 -60.955020 -0.445875 72.316294 0.062454 poor 
01-Mar-2019 08:50:42 -14.713100 -70.154600 267.000000 7.000000 97.964960 257.124430 9.243072 SKS 145.000000 0.923077 81.000000 164.000000 0.205128 4.000000 5394.834328 -0.621004 -0.747168 -0.494840 0.634880 -55.875570 0.209201 77.906496 0.027623 poor 
31-Mar-2019 07:04:04 -1.944600 -80.810100 18.000000 6.200000 96.268070 273.679780 9.243072 SKS 91.000000 2.974359 -Inf Inf 0.000000 Inf 13685.931260 0.004072 -0.137033 0.145177 0.000000 -44.320220 -0.992897 16.633454 0.031895 null-measurement 
06-Apr-2019 21:55:01 -6.828500 125.041600 539.000000 6.300000 108.299870 80.726720 9.243072 SKS 90.000000 2.769231 -Inf Inf 0.000000 Inf 22409.262338 -0.405603 -0.682435 -0.128771 0.406766 -46.273280 -0.828667 76.330319 0.058525 poor 
12-Apr-2019 11:40:49 -1.814600 122.579800 15.460000 6.800000 102.976260 79.012970 9.243072 SKS 90.000000 2.051282 82.000000 142.000000 0.307692 4.000000 10798.305684 -0.541974 -0.747501 -0.336447 0.544016 -52.987030 -0.559771 84.872408 0.047145 poor 
31-May-2019 10:12:32 6.279500 126.479000 98.720000 6.100000 99.618340 70.551080 9.243072 SKS 81.000000 1.641026 73.000000 100.000000 0.410256 2.974359 12747.218999 -0.338282 -0.512643 -0.163921 0.331363 -54.448920 -0.798373 85.792740 0.052753 average 
14-Jun-2019 00:19:12 -30.055700 -72.081900 11.000000 6.400000 109.887140 247.042000 9.243072 SKS 86.000000 1.743590 73.000000 130.000000 0.615385 3.692308 6754.640288 -0.972955 -1.172823 -0.773086 0.953566 -63.958000 -0.141044 91.752267 0.051410 average 
24-Jun-2019 02:53:39 -6.407800 129.169200 212.000000 7.300000 110.821530 77.262620 9.243072 SKS 86.000000 3.282051 -Inf Inf 0.000000 Inf 45275.941837 -0.254390 -0.570510 0.061730 0.244846 -45.737380 -1.003309 95.117911 0.027865 poor 
28-Jun-2019 15:51:31 19.851500 144.347700 410.000000 6.400000 99.554250 48.261890 9.243072 SKS 100.000000 1.333333 75.000000 118.000000 0.820513 1.846154 14702.482888 -1.274492 -1.432235 -1.116748 1.234880 84.261890 0.494495 93.099573 0.163739 good 
07-Jul-2019 15:08:40 0.512600 126.189200 35.000000 6.900000 103.720370 74.672790 9.243072 SKS 85.000000 2.564103 76.000000 115.000000 0.410256 4.000000 13826.637692 -0.478606 -0.774490 -0.182721 0.436737 -52.327210 -0.781909 90.606074 0.046433 poor 
14-Jul-2019 09:10:51 -0.585800 128.034000 18.980000 7.200000 105.772640 74.015460 9.243072 SKS 85.000000 2.051282 -Inf Inf 0.000000 Inf 64650.694109 -0.500811 -0.787920 -0.213701 0.495457 -56.984540 -0.605575 62.424096 0.079457 poor 
19-Sep-2019 07:06:33 -6.070800 111.842200 610.000000 6.100000 98.585750 89.863600 9.243072 SKS 96.000000 2.974359 -Inf Inf 0.000000 Inf 28977.165767 -0.121010 -0.339366 0.097345 0.128920 -40.136400 -0.931487 33.188748 0.068147 poor 
29-Oct-2019 01:04:43 6.756700 125.008200 15.000000 6.600000 98.292050 71.340600 9.243072 SKS 82.000000 2.564103 74.000000 92.000000 0.923077 4.000000 23372.307150 -0.372062 -0.662965 -0.081160 0.403322 -52.659400 -0.857604 85.246219 0.052530 average 
14-Nov-2019 16:17:40 1.621300 126.415600 33.000000 7.100000 103.051020 73.740230 9.243072 SKS 86.000000 2.256410 -Inf Inf 0.000000 Inf 34296.507983 -0.563916 -0.917138 -0.210693 0.566805 -56.259770 -0.590016 79.856063 0.071459 poor 
