date time lat lon depth mag dist baz cordeg phase phi delta err_phi_min err_phi_max err_dt_min err_dt_max confidence_level SplitInt SplitInt_err_min SplitInt_err_max delta_XC phi_XC Qa E_red Eig_ratio category 15-Apr-2016 14:11:26 13.400800 -92.367000 22.410000 6.100000 93.474340 292.251650 -3.879125 SKS 16.000000 1.641026 -Inf Inf 0.000000 Inf 53265.978308 -0.256511 -0.383597 -0.129425 0.257841 -25.748350 -0.772652 72.837810 0.013960 poor
19-Apr-2016 05:25:39 -55.728300 -27.230700 14.000000 6.200000 105.852630 203.606240 -3.879125 SKS 134.000000 0.512821 -Inf Inf 0.000000 Inf 23759.862780 0.294464 0.086597 0.502330 0.284807 -17.393760 -0.097087 13.872103 0.046333 poor
20-Apr-2016 08:33:47 0.639000 -80.210400 14.000000 6.200000 93.990920 274.718710 -3.879125 SKS 93.000000 4.000000 -Inf Inf 0.000000 Inf 10014.272148 -0.011197 -0.152561 0.130167 0.000000 -41.281290 -1.016035 14.186920 0.017535 null-measurement
18-May-2016 16:46:43 0.494700 -79.616000 29.950000 6.900000 93.662350 274.201070 -3.879125 SKS 3.000000 2.974359 -Inf Inf 0.000000 Inf 3686.271539 -0.020373 -0.119028 0.078283 0.063092 -42.798930 -0.996922 9.170943 0.014404 null-measurement
28-May-2016 09:46:59 -56.240900 -26.935300 78.000000 7.200000 106.208580 203.184360 -3.879125 SKS 129.000000 1.641026 -Inf Inf 0.000000 Inf 33315.470073 0.717976 0.312912 1.123039 0.673522 -13.815640 -0.435548 61.791903 0.082300 poor
28-May-2016 09:46:59 -56.240900 -26.935300 78.000000 7.200000 106.208580 203.184360 -3.879125 SKIKS 29.000000 4.000000 -Inf Inf 0.000000 Inf 233539.154865 0.416209 -0.219671 1.052088 0.000000 -42.815640 -1.663421 7.319492 0.348447 poor
07-Jun-2016 10:51:37 18.363700 -105.173100 10.000000 6.300000 97.850260 304.830880 -3.879125 SKS 93.000000 0.410256 -Inf Inf 0.000000 Inf 43633.928067 0.351719 0.199798 0.503640 0.377235 79.830880 0.570766 52.107521 0.031745 poor
07-Jun-2016 19:15:15 1.278900 126.371200 31.000000 6.300000 104.018220 74.281050 -3.879125 SKS 3.000000 1.333333 -Inf Inf 0.000000 Inf 381380.374622 0.719038 0.403378 1.034699 0.768197 27.281050 0.029643 74.721728 0.067807 poor
25-Jul-2016 17:26:50 -26.106700 -70.511100 72.000000 6.100000 105.275760 248.385990 -3.879125 SKS 65.000000 2.666667 60.000000 67.000000 0.717949 4.000000 3112.299242 0.079546 -0.004816 0.163908 0.077968 21.385990 -0.939963 53.019022 0.010244 null-measurement
04-Aug-2016 14:15:12 -22.334300 -66.007800 270.000000 6.200000 99.695790 248.367100 -3.879125 SKS 64.000000 2.666667 -Inf Inf 0.000000 Inf 8084.395550 0.175214 0.021167 0.329262 0.176307 18.367100 -0.949599 79.521706 0.008069 poor
04-Aug-2016 16:24:33 24.944700 142.014100 510.000000 6.300000 95.655110 47.146360 -3.879125 SKS 148.000000 0.205128 -Inf Inf 0.000000 Inf 2475.437854 0.072317 0.037920 0.106713 0.069761 2.146360 -0.422167 30.435105 0.004036 null-measurement
21-Aug-2016 03:45:23 -55.313300 -31.750800 12.000000 6.100000 106.876900 206.101390 -3.879125 SKS 17.000000 0.820513 -Inf Inf 0.000000 Inf 10925.644302 0.234889 0.113607 0.356171 0.229287 -20.898610 -0.567475 22.893754 0.024573 poor
23-Aug-2016 19:39:44 -7.287200 122.434500 533.000000 6.000000 107.260240 83.436040 -3.879125 SKS 21.000000 1.128205 -1.000000 68.000000 0.307692 2.666667 18814.776324 0.859041 0.675951 1.042131 0.869565 36.436040 0.416528 87.083532 0.126676 average
23-Aug-2016 19:39:44 -7.287200 122.434500 533.000000 6.000000 107.260240 83.436040 -3.879125 SKIKS 12.000000 4.000000 -Inf Inf 0.000000 Inf 353869.189921 0.555275 -0.534660 1.645210 0.260870 84.436040 -1.632459 41.710142 0.108784 poor
19-Oct-2016 00:26:01 -4.862600 108.162700 614.000000 6.600000 95.287980 91.652060 -3.879125 SKS 12.000000 1.025641 -Inf Inf 0.000000 Inf 25219.901376 0.293823 0.074922 0.512725 0.295457 52.652060 -0.626615 18.844114 0.040784 poor
20-Nov-2016 20:57:44 -31.622600 -68.625900 108.000000 6.400000 107.669850 242.934300 -3.879125 SKS 61.000000 3.487179 -Inf Inf 0.000000 Inf 7080.969292 0.055602 -0.041776 0.152980 0.039130 15.934300 -0.990279 39.368479 0.008125 null-measurement
20-Nov-2016 20:57:44 -31.622600 -68.625900 108.000000 6.400000 107.669850 242.934300 -3.879125 SKIKS 149.000000 3.384615 144.000000 152.000000 0.820513 4.000000 6861.261112 -0.095517 -0.225299 0.034266 0.082071 -77.065700 -1.000008 68.973074 0.013509 null-measurement
24-Nov-2016 18:43:47 11.909700 -88.896800 10.000000 6.900000 92.200720 288.777110 -3.879125 SKS 105.000000 4.000000 -Inf Inf 0.000000 Inf 10190.897425 -0.093257 -0.294124 0.107610 0.098437 -32.222890 -0.926153 74.873498 0.006992 null-measurement
29-Dec-2016 22:30:19 -9.027900 118.663900 79.000000 6.300000 105.736290 87.426300 -3.879125 SKS 35.000000 0.512821 -1.000000 84.000000 0.102564 2.256410 12484.792189 0.469956 0.364821 0.575091 0.474108 43.426300 0.714478 70.670209 0.064677 poor
10-Jan-2017 06:13:48 4.478200 122.617100 627.170000 7.300000 99.111240 74.765240 -3.879125 SKS 46.000000 0.820513 -Inf Inf 0.000000 Inf 15832.509319 0.652693 0.464978 0.840408 0.701270 23.765240 0.271631 60.485911 0.046741 poor
18-Feb-2017 12:10:17 -23.861300 -66.659200 222.000000 6.400000 101.178510 247.659500 -3.879125 SKS 157.000000 2.974359 -Inf Inf 0.000000 Inf 2818.783619 0.000030 -0.057662 0.057722 0.000000 -68.340500 -1.007581 10.122902 0.005173 null-measurement
21-Feb-2017 14:09:04 -19.281400 -63.904700 595.980000 6.500000 96.162080 249.198590 -3.879125 SKS 64.000000 1.333333 -Inf Inf 0.000000 Inf 6025.509299 0.185132 0.107923 0.262341 0.183928 22.198590 -0.792222 57.010080 0.013007 poor
15-Apr-2017 08:19:43 -23.265300 -67.722500 155.000000 6.300000 101.487530 248.782980 -3.879125 SKS 64.000000 1.435897 -Inf Inf 0.000000 Inf 6308.980251 0.184469 0.077777 0.291161 0.185442 21.782980 -0.810260 43.512076 0.008670 poor
10-May-2017 23:23:36 -56.414000 -25.743200 15.000000 6.500000 106.023250 202.496420 -3.879125 SKS 24.000000 4.000000 -Inf Inf 0.000000 Inf 13173.458468 0.112154 -0.035195 0.259503 0.100342 -21.503580 -0.986436 5.700579 0.024557 null-measurement
12-May-2017 10:41:26 12.918700 -90.061100 16.000000 6.200000 92.270240 290.293630 -3.879125 SKS 15.000000 2.666667 138.000000 19.000000 0.102564 4.000000 7823.832950 -0.225889 -0.362263 -0.089516 0.205105 -29.706370 -0.917853 50.111767 0.011680 poor
22-Jun-2017 12:31:03 13.717400 -90.971800 38.120000 6.800000 92.309630 291.484310 -3.879125 SKS 109.000000 4.000000 107.000000 111.000000 1.948718 4.000000 1434.176108 0.049430 -0.051852 0.150713 0.040645 62.484310 -1.023996 79.500092 0.002822 null-measurement
11-Aug-2017 05:28:25 14.006500 120.739100 172.000000 6.200000 90.990570 69.468520 -3.879125 SKS 23.000000 0.512821 -Inf Inf 0.000000 Inf 6001.903202 0.530458 0.411643 0.649274 0.544455 26.468520 0.863493 78.687653 0.047769 poor
10-Oct-2017 06:32:21 -18.571500 -69.752600 85.000000 6.300000 99.683710 253.584360 -3.879125 SKS 69.000000 1.538462 165.000000 72.000000 0.000000 3.897436 3830.328583 0.158501 0.088930 0.228073 0.158574 28.584360 -0.795053 31.239971 0.012565 poor
24-Oct-2017 10:47:47 -7.216800 123.073500 553.810000 6.700000 107.670420 82.923090 -3.879125 SKS 19.000000 1.025641 2.000000 59.000000 0.512821 1.948718 3755.668983 0.765640 0.664344 0.866936 0.759160 39.923090 0.246752 93.860105 0.050430 good
21-Jan-2018 01:06:42 -18.880600 -69.444500 116.000000 6.300000 99.680750 253.153350 -3.879125 SKS 71.000000 2.256410 -Inf Inf 0.000000 Inf 5797.875774 0.053740 -0.037304 0.144785 0.020542 26.153350 -0.987496 16.982370 0.009801 null-measurement
02-Apr-2018 13:40:34 -20.658800 -63.005800 559.000000 6.800000 96.519230 247.615150 -3.879125 SKS 65.000000 1.743590 -Inf Inf 0.000000 Inf 6824.558432 0.042512 -0.053734 0.138758 0.041036 22.615150 -0.918662 8.726181 0.023748 null-measurement
28-Jul-2018 17:07:23 -7.103900 122.726300 578.160000 6.000000 107.343250 83.088160 -3.879125 SKS 5.000000 1.435897 -1.000000 17.000000 0.717949 2.358974 320.409588 0.465345 0.335578 0.595112 0.455984 41.088160 -0.489202 93.520841 0.036723 good
05-Aug-2018 11:46:38 -8.258100 116.437500 34.000000 6.900000 103.601490 88.406370 -3.879125 SKS 15.000000 1.333333 -Inf Inf 0.000000 Inf 11887.859071 0.573722 0.293232 0.854212 0.591255 48.406370 -0.312144 46.355802 0.106294 poor
17-Aug-2018 15:35:01 -7.371800 119.801700 529.000000 6.500000 105.423720 85.378040 -3.879125 SKS 25.000000 0.717949 179.000000 80.000000 0.102564 2.461538 10564.023927 0.591366 0.483930 0.698801 0.582169 38.378040 0.501706 88.885621 0.055552 average
24-Aug-2018 09:04:08 -11.035500 -70.828400 630.000000 7.100000 95.276200 259.812070 -3.879125 SKS 73.000000 2.153846 67.000000 75.000000 1.230769 3.076923 2469.131802 0.283938 0.162060 0.405816 0.292745 30.812070 -0.803088 87.188337 0.026004 good
07-Sep-2018 02:12:06 -2.253200 -78.790300 110.500000 6.200000 94.966510 271.649180 -3.879125 SKS 88.000000 1.230769 -Inf Inf 0.000000 Inf 2036.829745 0.120032 0.066140 0.173923 0.126698 44.649180 -0.861591 48.052355 0.004280 null-measurement
28-Sep-2018 10:02:45 -0.255900 119.846200 20.000000 7.500000 100.509610 80.128230 -3.879125 SKS 24.000000 0.512821 171.000000 78.000000 0.000000 4.000000 7384.856579 0.456392 0.351761 0.561022 0.444602 33.128230 0.656943 72.733357 0.021732 poor
01-Nov-2018 22:19:51 -19.582700 -69.265600 102.000000 6.200000 100.035570 252.517050 -3.879125 SKS 69.000000 2.461538 -Inf Inf 0.000000 Inf 4030.616629 0.094461 -0.014853 0.203776 0.090376 24.517050 -0.951958 69.039397 0.007543 null-measurement
11-Dec-2018 02:26:29 -58.544600 -26.385600 133.000000 7.100000 108.039960 201.683320 -3.879125 SKS 140.000000 0.410256 -Inf Inf 0.000000 Inf 165039.678353 0.323699 0.079215 0.568183 0.341475 -23.316680 0.424576 22.038562 0.030349 poor
05-Jan-2019 19:25:38 -8.144000 -71.587000 570.410000 6.800000 93.826370 262.420870 -3.879125 SKS 72.000000 1.435897 -Inf Inf 0.000000 Inf 28298.102759 0.413907 0.188736 0.639079 0.422374 34.420870 -0.546349 38.904039 0.061824 poor
06-Jan-2019 17:27:18 2.258000 126.758000 43.210000 6.600000 103.582080 73.298870 -3.879125 SKS 26.000000 1.025641 4.000000 48.000000 0.717949 1.435897 3717.501033 1.013525 0.921002 1.106048 1.001514 29.298870 0.891120 92.792312 0.068358 good
22-Jan-2019 05:10:03 -10.414800 119.016500 24.000000 6.300000 106.934740 88.232130 -3.879125 SKS 5.000000 2.358974 -Inf Inf 0.000000 Inf 121802.397684 0.287177 -0.118094 0.692449 0.358354 44.232130 -0.720078 28.008617 0.058323 poor
01-Mar-2019 08:50:42 -14.713100 -70.154600 267.000000 7.000000 97.326260 256.683490 -3.879125 SKS 68.000000 0.717949 -Inf Inf 0.000000 Inf 6070.461600 0.200933 0.078921 0.322945 0.187396 31.683490 -0.547514 24.525276 0.012584 poor
31-Mar-2019 07:04:04 -1.944600 -80.810100 18.000000 6.200000 96.212800 273.277610 -3.879125 SKS 4.000000 4.000000 -Inf Inf 0.000000 Inf 9355.969534 0.007181 -0.072457 0.086820 0.000000 -41.722390 -1.016117 1.070842 0.019359 null-measurement
31-May-2019 10:12:32 6.279500 126.479000 98.720000 6.100000 100.477170 70.690070 -3.879125 SKS 11.000000 0.717949 170.000000 48.000000 0.307692 1.538462 4211.395711 0.592003 0.483221 0.700784 0.588715 23.690070 0.526869 81.300456 0.121290 average
04-Jun-2019 04:39:16 29.066500 139.289000 422.000000 6.400000 90.896720 46.676060 -3.879125 SKS 135.000000 4.000000 -Inf Inf 0.000000 Inf 4209.406935 -0.079010 -0.160329 0.002309 0.088666 89.676060 -0.985249 50.488879 0.006569 null-measurement
19-Jun-2019 17:24:48 -2.265600 138.461000 10.000000 6.300000 114.857080 67.439070 -3.879125 SKS 174.000000 1.948718 160.000000 53.000000 0.307692 4.000000 29129.282421 0.842264 0.553770 1.130759 0.807890 35.439070 -0.543192 70.743756 0.104767 poor
24-Jun-2019 02:53:39 -6.407800 129.169200 212.000000 7.300000 111.450420 77.825470 -3.879125 SKS 12.000000 1.025641 3.000000 24.000000 0.717949 1.333333 1172.672459 0.725699 0.641926 0.809472 0.758134 25.825470 0.430055 97.185489 0.063290 good
24-Jun-2019 02:53:39 -6.407800 129.169200 212.000000 7.300000 111.450420 77.825470 -3.879125 SKKS 0.000000 1.948718 -Inf Inf 0.000000 Inf 522445.870020 0.525997 0.068898 0.983096 0.499170 39.825470 -0.634963 64.482399 0.071380 poor
07-Jul-2019 15:08:40 0.512600 126.189200 35.000000 6.900000 104.440870 74.963130 -3.879125 SKS 28.000000 0.717949 179.000000 59.000000 0.410256 1.435897 4730.428228 0.752040 0.671445 0.832635 0.776600 20.963130 0.754412 93.656067 0.061074 good
14-Jul-2019 09:10:51 -0.585800 128.034000 18.980000 7.200000 106.514120 74.377450 -3.879125 SKS 18.000000 1.230769 170.000000 65.000000 0.307692 3.179487 36737.780174 1.116903 0.918331 1.315475 1.105032 26.377450 0.699685 92.449777 0.142912 average
27-Aug-2019 23:55:19 -60.215200 -26.580100 16.000000 6.600000 109.526460 200.865220 -3.879125 SKS 25.000000 4.000000 -Inf Inf 0.000000 Inf 29186.127696 -0.076970 -0.340720 0.186779 0.094187 70.865220 -0.996139 34.448824 0.026036 null-measurement
29-Sep-2019 15:57:53 -35.475800 -73.163000 11.000000 6.700000 113.045390 242.360040 -3.879125 SKS 144.000000 1.641026 -Inf Inf 0.000000 Inf 44239.428421 -0.410371 -0.669220 -0.151522 0.296922 -74.639960 -0.678196 31.613844 0.038333 poor
29-Oct-2019 01:04:43 6.756700 125.008200 15.000000 6.600000 99.125720 71.436770 -3.879125 SKS 2.000000 1.025641 163.000000 67.000000 0.102564 3.487179 34433.160053 0.601342 0.420170 0.782513 0.536932 29.436770 -0.094336 71.779041 0.069202 poor
14-Nov-2019 16:17:40 1.621300 126.415600 33.000000 7.100000 103.803080 74.004490 -3.879125 SKS 16.000000 0.923077 169.000000 67.000000 0.205128 2.769231 8870.382608 0.798072 0.662252 0.933892 0.777821 26.004490 0.614800 91.744639 0.055188 average
15-Dec-2019 06:11:51 6.696900 125.173900 18.000000 6.800000 99.282490 71.357390 -3.879125 SKS 8.000000 0.717949 -Inf Inf 0.000000 Inf 24210.841937 0.546899 0.373883 0.719915 0.569593 25.357390 0.381164 62.885246 0.041589 poor
