date time lat lon depth mag dist baz cordeg phase phi delta err_phi_min err_phi_max err_dt_min err_dt_max confidence_level SplitInt SplitInt_err_min SplitInt_err_max delta_XC phi_XC Qa E_red Eig_ratio category 
19-Apr-2016 05:25:39 -55.728300 -27.230700 14.000000 6.200000 107.386070 203.693060 0.825852 SKS 23.000000 4.000000 -Inf Inf 0.000000 Inf 52232.337284 -0.005091 -0.246995 0.236813 0.000000 66.693060 -0.971171 1.056827 0.075870 poor 
20-Apr-2016 08:33:47 0.639000 -80.210400 14.000000 6.200000 93.672380 274.660570 0.825852 SKS 174.000000 2.358974 -Inf Inf 0.000000 Inf 31330.368175 -0.485464 -0.751385 -0.219544 0.481143 -46.339430 -0.695444 83.616855 0.039324 poor 
07-Jun-2016 10:51:37 18.363700 -105.173100 10.000000 6.300000 96.706350 304.827110 0.825852 SKS 118.000000 2.974359 108.000000 122.000000 1.025641 4.000000 8542.757815 0.323491 0.081417 0.565565 0.304690 72.827110 -0.904371 89.629993 0.015182 poor 
07-Jun-2016 19:15:15 1.278900 126.371200 31.000000 6.300000 103.693920 73.692470 0.825852 SKS 75.000000 4.000000 -Inf Inf 0.000000 Inf 11882.832917 0.080060 -0.028257 0.188377 0.083099 30.692470 -0.963844 5.121064 0.020247 null-measurement 
25-Jul-2016 17:26:50 -26.106700 -70.511100 72.000000 6.100000 105.753300 248.683090 0.825852 SKS 147.000000 0.820513 -Inf Inf 0.000000 Inf 9213.541265 -0.291124 -0.396896 -0.185352 0.298168 -66.316910 -0.380888 39.398273 0.026805 poor 
29-Jul-2016 21:18:24 18.542900 145.507300 196.000000 7.700000 101.703880 47.696410 0.825852 SKS 123.000000 1.025641 54.000000 135.000000 0.102564 2.871795 14720.144673 -0.435354 -0.555555 -0.315153 0.479091 -85.303590 -0.165821 54.965340 0.035916 poor 
04-Aug-2016 14:15:12 -22.334300 -66.007800 270.000000 6.200000 100.176500 248.490820 0.825852 SKS 151.000000 1.846154 69.000000 158.000000 0.000000 4.000000 11708.091157 -0.295703 -0.435956 -0.155450 0.317342 -70.509180 -0.753072 48.534457 0.035805 poor 
04-Aug-2016 16:24:33 24.944700 142.014100 510.000000 6.300000 94.583100 46.858330 0.825852 SKS 118.000000 1.538462 103.000000 126.000000 0.923077 2.358974 10935.001706 -0.797778 -0.987972 -0.607585 0.847191 -85.141670 0.034229 92.026198 0.103130 good 
19-Aug-2016 07:32:22 -55.285200 -31.876600 10.000000 7.400000 108.386670 206.305540 0.825852 SKS 120.000000 3.487179 -Inf Inf 0.000000 Inf 15515.293501 0.200411 -0.016931 0.417752 0.236541 -15.694460 -0.917452 30.657158 0.016896 poor 
18-Feb-2017 12:10:17 -23.861300 -66.659200 222.000000 6.400000 101.679450 247.827700 0.825852 SKS 151.000000 1.230769 -Inf Inf 0.000000 Inf 16598.729898 -0.193629 -0.328686 -0.058572 0.219248 -70.172300 -0.739294 23.179961 0.040133 poor 
21-Feb-2017 14:09:04 -19.281400 -63.904700 595.980000 6.500000 96.619770 249.216200 0.825852 SKS 151.000000 0.820513 -Inf Inf 0.000000 Inf 18782.796321 -0.195777 -0.313522 -0.078033 0.183683 -66.783800 -0.617023 17.744223 0.042836 poor 
15-Apr-2017 08:19:43 -23.265300 -67.722500 155.000000 6.300000 101.955090 248.962030 0.825852 SKS 155.000000 2.358974 -Inf Inf 0.000000 Inf 6061.912141 -0.206487 -0.315902 -0.097072 0.197557 -69.037970 -0.895901 41.597397 0.012276 poor 
10-May-2017 23:23:36 -56.414000 -25.743200 15.000000 6.500000 107.573110 202.577150 0.825852 SKS 29.000000 3.589744 -Inf Inf 0.000000 Inf 40358.150002 -0.276548 -0.562161 0.009066 0.311578 73.577150 -0.905379 61.400495 0.040029 poor 
23-Sep-2017 12:53:01 16.625800 -95.077800 10.000000 6.100000 91.965160 296.248940 0.825852 SKS 18.000000 4.000000 9.000000 24.000000 1.025641 4.000000 3228.723484 -0.131226 -0.429844 0.167393 0.134563 -35.751060 -1.172834 67.823026 0.012646 null-measurement 
10-Oct-2017 06:32:21 -18.571500 -69.752600 85.000000 6.300000 100.008230 253.711330 0.825852 SKS 145.000000 0.615385 74.000000 163.000000 0.000000 4.000000 8979.253540 -0.351091 -0.449913 -0.252269 0.353737 -58.288670 0.052784 42.474798 0.020988 poor 
14-Jan-2018 09:18:45 -15.767500 -74.709200 39.000000 7.100000 101.426270 259.127490 0.825852 SKS 154.000000 1.538462 80.000000 169.000000 0.000000 4.000000 11240.904011 -0.665137 -0.864420 -0.465855 0.622374 -57.872510 -0.308607 79.548139 0.042266 poor 
21-Jan-2018 01:06:42 -18.880600 -69.444500 116.000000 6.300000 100.018290 253.280030 0.825852 SKS 152.000000 1.230769 -Inf Inf 0.000000 Inf 15189.727882 -0.384153 -0.573706 -0.194600 0.397802 -62.719970 -0.451438 47.650631 0.031296 poor 
24-Aug-2018 09:04:08 -11.035500 -70.828400 630.000000 7.100000 95.413150 259.802830 0.825852 SKS 163.000000 1.128205 81.000000 169.000000 0.000000 4.000000 5217.014502 -0.195003 -0.269838 -0.120167 0.195506 -57.197170 -0.721269 50.728983 0.023535 poor 
28-Aug-2018 07:08:11 -10.773000 124.187100 14.000000 6.200000 110.904630 84.013380 0.825852 SKS 178.000000 4.000000 -Inf Inf 0.000000 Inf 8004.508951 0.009983 -0.163358 0.183323 0.000000 -42.986620 -0.912894 40.246109 0.001431 null-measurement 
07-Sep-2018 02:12:06 -2.253200 -78.790300 110.500000 6.200000 94.740600 271.623370 0.825852 SKS 175.000000 1.846154 154.000000 -1.000000 0.307692 3.897436 3870.152088 -0.238596 -0.350445 -0.126747 0.237201 -47.376630 -0.814577 73.703911 0.014807 poor 
28-Sep-2018 10:02:45 -0.255900 119.846200 20.000000 7.500000 100.365060 79.642450 0.825852 SKS 84.000000 4.000000 -Inf Inf 0.000000 Inf 118289.003759 -0.092038 -0.383092 0.199015 0.091158 -48.357550 -1.037563 59.001586 0.016378 null-measurement 
01-Nov-2018 22:19:51 -19.582700 -69.265600 102.000000 6.200000 100.392130 252.654390 0.825852 SKS 155.000000 1.435897 -Inf Inf 0.000000 Inf 9738.727166 -0.274886 -0.399446 -0.150325 0.272594 -65.345610 -0.708913 61.209101 0.020615 poor 
11-Dec-2018 02:26:29 -58.544600 -26.385600 133.000000 7.100000 109.601280 201.788990 0.825852 SKS 134.000000 1.128205 -Inf Inf 0.000000 Inf 647793.226160 0.634318 -0.010974 1.279611 0.726917 -21.211010 0.072674 33.831417 0.098069 poor 
01-Mar-2019 08:50:42 -14.713100 -70.154600 267.000000 7.000000 97.557830 256.738060 0.825852 SKS 156.000000 1.230769 -Inf Inf 0.000000 Inf 16885.817398 -0.416329 -0.606033 -0.226624 0.410357 -60.261940 -0.478975 41.848495 0.027387 poor 
06-Apr-2019 21:55:01 -6.828500 125.041600 539.000000 6.300000 108.694390 80.444140 0.825852 SKS 83.000000 4.000000 -Inf Inf 0.000000 Inf 22395.726511 -0.174387 -0.379362 0.030589 0.204665 -51.555860 -0.959654 7.309401 0.046495 poor 
24-Jun-2019 02:53:39 -6.407800 129.169200 212.000000 7.300000 111.229240 76.982250 0.825852 SKS 162.000000 4.000000 -Inf Inf 0.000000 Inf 18246.014082 -0.093739 -0.325453 0.137976 0.103762 -65.017750 -1.020139 65.823330 0.032010 null-measurement 
28-Jun-2019 15:51:31 19.851500 144.347700 410.000000 6.400000 100.010240 47.900170 0.825852 SKS 129.000000 1.743590 -Inf Inf 0.000000 Inf 42649.670240 -0.357180 -0.585178 -0.129183 0.404226 -85.099830 -0.525974 26.344862 0.092477 poor 
07-Jul-2019 15:08:40 0.512600 126.189200 35.000000 6.900000 104.136930 74.359740 0.825852 SKS 77.000000 4.000000 -Inf Inf 0.000000 Inf 24612.746127 -0.077416 -0.198938 0.044105 0.074744 -57.640260 -0.989487 45.568644 0.009130 null-measurement 
29-Oct-2019 01:04:43 6.756700 125.008200 15.000000 6.600000 98.718740 71.005520 0.825852 SKS 76.000000 4.000000 -Inf Inf 0.000000 Inf 1202735.658468 -0.034625 -0.398119 0.328869 0.035564 -54.994480 -1.082423 50.730193 0.029293 null-measurement 
