0.700000 75.000000 0.700000 110.000000 11 2 3 7 6 3 11 6 2 11 3 5 
0.300000 55.000000 1.300000 100.000000 6 1 4 2 4 3 7 6 11 11 5 8 
0.300000 75.000000 0.900000 100.000000 12 2 3 6 2 5 9 10 8 10 12 7 
0.500000 65.000000 1.200000 100.000000 8 3 4 4 4 4 11 12 11 4 2 5 
0.400000 60.000000 0.900000 105.000000 6 12 7 2 11 2 2 7 1 5 2 3 
0.400000 45.000000 1.300000 100.000000 5 4 12 6 1 11 10 3 12 2 11 2 
0.300000 75.000000 1.000000 100.000000 7 2 10 5 9 3 10 6 4 1 8 10 
0.400000 75.000000 1.000000 100.000000 3 8 5 6 10 3 8 12 11 9 6 8 
0.400000 50.000000 1.200000 100.000000 3 9 1 12 7 11 10 2 3 2 11 3 
0.400000 60.000000 1.200000 100.000000 3 6 5 10 4 6 2 11 6 8 11 1 
0.400000 35.000000 1.400000 100.000000 2 9 11 1 5 3 9 4 10 10 6 2 
0.300000 75.000000 1.000000 100.000000 7 9 10 7 4 12 8 11 9 6 9 5 
0.400000 70.000000 1.100000 100.000000 4 2 8 12 4 1 2 5 12 8 4 3 
0.400000 30.000000 1.600000 95.000000 4 3 6 8 3 6 8 2 11 7 10 10 
0.300000 50.000000 1.200000 100.000000 9 2 6 10 12 1 6 7 9 10 4 2 
0.400000 35.000000 1.500000 100.000000 3 1 9 3 1 2 1 3 7 12 11 6 
0.300000 40.000000 1.400000 100.000000 9 5 9 6 9 3 10 9 12 4 1 12 
0.300000 70.000000 1.100000 100.000000 2 4 9 8 6 4 9 6 7 11 5 7 
0.300000 60.000000 1.200000 100.000000 3 12 10 2 4 9 5 3 3 6 9 8 
0.500000 30.000000 1.800000 95.000000 8 4 2 10 4 4 11 11 1 10 4 3 
0.400000 65.000000 1.200000 100.000000 8 3 12 4 11 11 11 12 4 5 1 8 
0.400000 55.000000 1.100000 100.000000 2 11 8 9 2 2 9 11 10 10 3 9 
0.400000 70.000000 1.100000 100.000000 6 6 4 9 3 7 6 12 9 2 3 9 
0.300000 75.000000 1.100000 100.000000 3 5 8 11 6 4 6 12 6 7 4 10 
0.400000 40.000000 1.300000 100.000000 5 10 2 6 11 11 3 10 12 7 4 2 
0.400000 65.000000 1.100000 100.000000 4 2 11 3 10 1 7 10 9 6 8 12 
0.400000 65.000000 1.100000 100.000000 12 7 12 12 11 3 2 1 3 12 9 4 
0.400000 70.000000 0.900000 105.000000 6 12 7 10 10 1 5 1 9 1 3 11 
0.300000 70.000000 1.100000 100.000000 4 1 10 10 5 8 2 7 11 7 3 4 
0.400000 75.000000 1.000000 100.000000 8 10 12 6 5 1 3 10 8 11 10 4 
0.600000 65.000000 0.900000 105.000000 11 11 12 2 12 1 10 12 2 3 11 1 
0.300000 65.000000 1.100000 100.000000 10 10 2 5 3 3 10 9 8 12 1 4 
0.400000 50.000000 1.200000 100.000000 6 7 2 11 11 4 12 11 2 11 5 8 
0.300000 30.000000 1.600000 95.000000 8 3 11 9 9 4 3 10 10 8 9 3 
0.400000 30.000000 1.600000 95.000000 2 11 2 3 9 4 9 8 6 6 12 8 
0.200000 55.000000 1.300000 100.000000 7 2 9 3 4 12 5 8 6 4 6 1 
0.300000 50.000000 1.200000 100.000000 2 12 10 6 2 3 5 9 6 4 7 11 
0.600000 80.000000 0.800000 105.000000 11 12 7 4 5 9 6 7 12 4 11 9 
0.400000 65.000000 1.100000 100.000000 11 1 5 2 2 4 10 8 4 12 9 9 
0.300000 65.000000 1.100000 100.000000 5 12 4 7 11 8 6 3 2 9 9 9 
0.200000 60.000000 1.100000 100.000000 7 8 6 11 2 5 10 9 8 1 6 12 
0.300000 35.000000 1.300000 100.000000 10 11 3 2 12 12 6 1 10 1 3 5 
0.300000 75.000000 1.000000 100.000000 8 2 12 8 7 7 11 4 5 9 1 1 
0.300000 55.000000 1.100000 100.000000 5 11 11 7 11 9 8 2 8 6 7 10 
0.500000 60.000000 1.100000 100.000000 3 7 11 2 4 2 10 3 11 2 11 3 
0.400000 65.000000 1.100000 100.000000 3 11 6 2 11 7 1 1 6 8 8 8 
0.200000 50.000000 1.200000 100.000000 10 1 3 9 9 5 10 8 3 9 7 6 
0.300000 40.000000 1.300000 100.000000 1 2 9 12 9 8 3 11 12 6 5 9 
0.200000 65.000000 1.100000 100.000000 6 7 9 7 3 5 10 7 11 4 12 10 
0.500000 75.000000 0.900000 100.000000 6 11 9 10 5 8 8 8 12 2 2 4 
0.400000 60.000000 1.200000 100.000000 8 11 10 4 9 2 12 4 4 5 2 9 
0.300000 65.000000 1.000000 100.000000 3 9 5 8 10 6 2 10 10 10 3 2 
0.300000 40.000000 1.200000 100.000000 2 12 3 10 1 10 2 5 9 7 11 3 
0.400000 75.000000 1.100000 100.000000 8 4 1 12 1 12 3 11 4 8 10 7 
0.300000 45.000000 1.300000 100.000000 4 7 6 1 10 5 11 11 6 2 6 3 
0.300000 45.000000 1.500000 100.000000 5 1 4 4 12 4 2 4 1 9 12 3 
0.300000 65.000000 1.100000 100.000000 4 12 3 8 2 5 11 6 10 3 6 7 
0.300000 65.000000 1.100000 100.000000 7 11 2 4 4 8 12 5 10 12 10 1 
0.600000 70.000000 0.700000 115.000000 2 10 9 11 2 5 9 3 1 1 9 11 
0.300000 50.000000 1.300000 100.000000 9 1 12 3 3 8 6 1 9 2 6 1 
0.300000 35.000000 1.500000 100.000000 12 9 4 1 6 4 10 6 6 5 6 1 
0.300000 75.000000 1.000000 100.000000 8 1 7 10 5 1 8 2 4 9 2 6 
0.400000 40.000000 1.400000 100.000000 11 7 6 2 1 9 4 9 11 5 2 4 
0.300000 70.000000 1.100000 100.000000 12 9 1 12 9 8 6 8 7 10 3 9 
0.500000 80.000000 0.900000 105.000000 4 12 11 1 5 4 12 6 5 1 11 12 
0.200000 145.000000 1.200000 100.000000 5 12 12 5 5 7 12 3 10 6 12 3 
0.300000 40.000000 1.400000 100.000000 5 8 9 1 6 12 6 9 2 4 1 3 
0.400000 70.000000 1.000000 100.000000 9 7 12 12 4 2 11 8 5 8 3 2 
0.400000 35.000000 1.400000 100.000000 6 12 2 3 3 3 1 11 12 2 3 5 
0.500000 30.000000 1.800000 95.000000 4 4 10 4 3 3 10 3 11 6 12 11 
0.400000 75.000000 1.000000 100.000000 3 1 2 3 6 10 10 7 8 1 9 3 
0.200000 55.000000 1.200000 100.000000 7 1 5 10 1 11 8 9 10 7 4 12 
0.300000 40.000000 1.300000 100.000000 10 11 4 7 10 10 9 6 1 5 12 12 
0.200000 60.000000 1.200000 100.000000 5 8 6 4 3 12 10 12 2 3 12 1 
0.300000 55.000000 1.300000 100.000000 11 5 9 6 10 1 11 4 3 4 7 10 
0.400000 70.000000 1.000000 100.000000 4 1 1 2 7 11 11 8 10 9 11 7 
0.400000 70.000000 1.100000 100.000000 6 10 4 9 8 6 10 3 11 11 5 9 
0.400000 35.000000 1.400000 95.000000 2 7 12 2 6 10 8 2 3 8 10 2 
0.200000 50.000000 1.200000 100.000000 9 1 3 7 6 7 12 10 1 7 1 12 
0.400000 75.000000 1.000000 100.000000 9 7 12 12 11 4 3 12 4 12 10 7 
0.300000 70.000000 1.000000 100.000000 6 10 5 3 9 3 3 2 3 10 11 7 
0.200000 65.000000 1.200000 100.000000 7 4 5 9 3 9 7 10 8 3 1 9 
0.300000 55.000000 1.200000 100.000000 7 9 9 2 9 4 12 8 12 9 7 11 
0.200000 40.000000 1.300000 100.000000 7 1 12 6 2 6 1 9 8 5 12 4 
0.200000 60.000000 1.100000 100.000000 7 6 6 11 9 1 5 2 6 8 8 10 
0.300000 65.000000 1.200000 100.000000 9 6 12 12 4 5 3 1 8 4 3 2 
0.200000 60.000000 1.200000 100.000000 9 7 3 2 3 9 5 8 7 4 1 1 
0.400000 75.000000 1.000000 100.000000 1 7 11 10 6 9 6 8 6 8 6 12 
0.400000 60.000000 1.200000 100.000000 12 10 8 1 4 8 1 11 1 10 9 2 
0.300000 65.000000 1.000000 100.000000 7 10 9 7 9 2 3 6 12 7 3 11 
0.300000 30.000000 1.400000 95.000000 1 9 8 10 3 2 12 7 2 8 2 8 
0.400000 65.000000 1.100000 100.000000 2 11 4 8 5 11 1 8 3 11 12 8 
0.400000 60.000000 1.200000 100.000000 11 1 11 1 9 10 10 8 11 12 9 3 
0.400000 40.000000 1.300000 100.000000 2 3 12 9 12 11 12 10 7 9 11 9 
0.300000 60.000000 1.200000 100.000000 10 7 2 9 4 6 11 4 6 5 8 11 
0.400000 65.000000 1.200000 100.000000 1 9 1 9 11 10 4 11 3 7 8 11 
0.200000 55.000000 1.300000 100.000000 5 4 9 10 1 12 12 8 1 7 10 4 
0.300000 40.000000 1.400000 100.000000 12 4 3 12 12 10 9 4 2 1 5 3 
0.500000 70.000000 0.900000 105.000000 6 11 9 1 6 6 5 2 11 8 9 11 
