1.300000 98.000000 3 4 5 5 5 6 6 6 7 9 12 12 
1.000000 95.000000 1 2 2 4 5 6 6 6 7 9 11 12 
1.100000 93.000000 1 2 2 4 6 7 8 9 10 10 11 11 
1.000000 94.000000 1 2 2 5 6 6 7 8 8 9 11 12 
1.100000 95.000000 2 5 5 6 6 7 8 9 9 10 12 12 
1.100000 92.000000 2 2 2 3 3 4 5 5 5 6 6 11 
1.300000 93.000000 1 2 3 3 4 6 6 7 9 9 10 11 
1.000000 95.000000 1 2 2 4 5 6 8 9 10 10 11 12 
1.100000 95.000000 1 1 2 3 5 5 6 7 10 10 10 12 
1.300000 95.000000 1 3 4 4 5 5 7 8 9 10 10 12 
1.300000 96.000000 4 4 5 5 6 6 7 8 9 10 11 12 
1.200000 93.000000 1 1 1 2 3 3 6 7 8 8 10 11 
1.200000 94.000000 2 4 4 7 7 7 8 9 9 9 9 10 
1.200000 95.000000 1 1 2 3 4 4 5 5 6 7 8 8 
1.100000 94.000000 1 1 2 5 6 6 7 7 8 11 12 12 
1.200000 91.000000 2 2 3 4 4 5 6 6 10 11 11 11 
1.000000 93.000000 1 1 2 2 2 3 5 6 7 10 11 12 
1.400000 97.000000 3 3 3 4 4 5 5 5 8 10 11 12 
1.100000 91.000000 1 1 2 2 2 3 4 6 7 10 11 11 
1.200000 92.000000 1 2 2 3 3 3 4 4 5 5 8 9 
1.200000 93.000000 1 2 4 4 6 6 7 7 10 11 11 11 
1.200000 93.000000 1 2 3 4 5 6 6 10 10 11 11 12 
1.300000 93.000000 1 1 3 6 8 8 9 10 10 10 11 12 
1.100000 95.000000 2 5 6 6 8 8 8 9 9 10 11 12 
1.300000 95.000000 1 3 4 5 6 7 7 8 9 10 11 12 
0.900000 95.000000 2 2 2 2 3 5 6 6 9 11 11 12 
1.200000 93.000000 1 1 2 3 6 6 8 8 9 11 12 12 
1.000000 95.000000 1 2 2 4 5 5 6 6 8 8 11 12 
1.100000 95.000000 2 3 4 5 5 6 7 7 9 9 10 10 
1.300000 94.000000 1 4 4 5 6 7 9 10 10 10 11 12 
1.100000 95.000000 1 2 5 6 6 6 6 7 7 10 11 11 
1.100000 92.000000 2 2 4 5 7 8 9 10 11 11 12 12 
1.100000 94.000000 1 2 4 5 7 7 9 9 10 10 12 12 
1.200000 94.000000 2 3 5 6 8 9 9 9 10 12 12 12 
1.100000 92.000000 1 2 2 7 8 8 9 10 11 11 12 12 
1.300000 93.000000 1 1 2 3 4 4 4 5 6 7 10 11 
1.200000 94.000000 1 2 3 4 7 7 7 7 7 9 9 11 
1.400000 93.000000 1 4 4 4 6 7 10 10 11 11 11 12 
1.200000 92.000000 1 2 2 3 4 6 8 8 8 9 9 11 
1.300000 93.000000 2 3 3 4 4 5 7 9 9 10 10 11 
1.200000 95.000000 1 2 3 4 5 5 6 6 6 8 9 10 
1.100000 95.000000 1 1 2 5 6 6 7 7 8 8 9 10 
1.200000 92.000000 1 1 1 2 2 3 3 6 6 10 11 12 
1.200000 94.000000 1 1 6 8 9 9 10 10 10 12 12 12 
1.100000 94.000000 2 3 5 6 7 7 9 9 10 10 11 12 
1.000000 93.000000 1 1 2 2 2 4 5 6 7 7 8 9 
1.400000 92.000000 1 1 4 4 4 6 10 10 10 11 11 12 
1.100000 95.000000 2 5 5 5 6 7 7 7 8 9 12 12 
1.200000 95.000000 1 1 6 6 7 7 7 8 9 10 11 12 
1.200000 93.000000 1 2 4 4 5 6 7 7 10 10 11 11 
1.200000 94.000000 1 1 1 2 3 3 3 5 7 7 8 12 
1.100000 93.000000 1 2 2 3 4 5 6 7 8 9 11 12 
1.200000 94.000000 1 2 4 4 4 5 5 6 7 8 9 10 
1.100000 93.000000 1 2 2 3 3 4 5 5 7 11 12 12 
1.100000 93.000000 1 1 1 2 2 4 6 7 7 9 10 12 
1.200000 94.000000 2 4 4 5 6 6 8 8 9 9 10 11 
1.000000 95.000000 2 2 4 5 5 6 7 8 9 9 10 12 
1.100000 93.000000 1 2 2 4 5 7 8 8 9 10 10 11 
1.000000 95.000000 2 2 3 5 5 6 7 8 9 9 10 10 
1.200000 92.000000 2 2 3 4 4 5 6 6 7 9 11 11 
1.400000 91.000000 1 2 3 3 3 4 4 6 9 10 11 11 
1.100000 93.000000 2 2 3 6 7 8 8 9 9 9 11 12 
1.500000 95.000000 1 3 4 4 7 8 8 9 9 11 12 12 
1.400000 96.000000 1 3 3 4 5 7 8 9 11 12 12 12 
1.300000 95.000000 1 1 3 4 5 7 7 9 10 10 12 12 
1.100000 93.000000 2 2 3 4 5 6 7 8 9 9 10 11 
1.100000 95.000000 1 1 2 4 5 6 7 10 10 11 12 12 
1.300000 92.000000 1 1 2 3 4 4 4 5 10 10 11 12 
1.200000 92.000000 1 1 2 2 3 3 4 4 5 6 7 11 
1.300000 96.000000 1 1 5 6 6 7 7 7 8 8 8 9 
1.200000 94.000000 1 1 1 2 4 6 6 7 7 11 12 12 
1.300000 94.000000 1 1 1 2 4 4 4 4 4 5 6 7 
1.200000 92.000000 2 2 3 4 4 4 5 7 9 9 10 11 
1.400000 99.000000 1 3 3 4 5 5 6 6 6 8 8 11 
1.100000 95.000000 1 2 3 5 5 6 7 10 10 11 12 12 
1.000000 91.000000 1 2 2 2 2 7 7 8 9 11 11 12 
1.000000 94.000000 2 2 2 4 5 5 6 7 8 8 9 9 
1.300000 94.000000 3 7 8 8 9 9 10 10 11 11 12 12 
1.000000 94.000000 2 2 2 4 4 5 6 8 9 9 10 11 
1.000000 94.000000 1 2 2 2 4 7 9 9 10 10 11 12 
1.400000 96.000000 1 3 4 5 6 6 6 8 8 9 11 12 
1.000000 97.000000 2 5 6 6 6 9 9 10 10 11 12 12 
1.000000 94.000000 1 1 2 2 2 3 4 5 8 9 10 10 
1.100000 93.000000 2 2 3 5 6 7 8 9 9 11 12 12 
1.200000 94.000000 1 2 3 4 5 6 7 7 7 7 11 11 
1.000000 94.000000 1 1 1 2 2 2 3 4 5 6 8 10 
1.200000 94.000000 1 4 5 8 8 9 10 10 10 10 11 12 
1.100000 91.000000 1 2 2 2 3 4 5 7 7 8 11 11 
1.100000 92.000000 1 2 2 2 3 4 4 5 9 10 11 12 
1.300000 94.000000 1 3 7 8 8 9 10 10 11 11 12 12 
1.200000 92.000000 1 2 2 3 4 4 5 6 6 9 10 11 
1.300000 91.000000 1 1 2 3 4 8 11 11 12 12 12 12 
1.200000 92.000000 1 2 2 3 3 4 8 8 9 9 11 12 
1.100000 92.000000 1 2 2 3 4 5 7 8 8 10 11 11 
1.200000 92.000000 2 4 4 6 9 10 10 10 11 11 11 12 
1.000000 93.000000 1 1 2 2 2 6 7 8 8 10 11 11 
1.400000 93.000000 1 1 3 3 4 6 8 9 10 10 11 12 
1.200000 95.000000 2 3 4 4 5 5 5 6 8 8 11 12 
1.500000 93.000000 1 1 3 3 3 4 6 8 9 10 11 12 
1.100000 97.000000 3 5 5 5 5 6 7 7 10 10 10 12 
1.100000 94.000000 2 5 6 7 8 9 9 10 10 11 12 12 
1.200000 91.000000 1 1 2 2 3 3 6 7 8 11 11 12 
1.400000 95.000000 1 3 4 4 5 6 7 8 9 10 11 12 
1.200000 94.000000 1 1 2 3 5 6 6 7 8 8 10 11 
1.200000 95.000000 1 6 6 7 7 7 9 10 11 11 12 12 
1.000000 95.000000 2 2 5 6 7 8 8 9 9 10 10 11 
1.300000 92.000000 1 2 3 3 6 8 9 10 10 11 11 12 
1.200000 94.000000 2 3 5 6 6 8 9 9 9 10 12 12 
1.400000 94.000000 3 3 5 6 8 8 8 9 9 10 11 12 
1.400000 95.000000 1 1 1 6 6 8 8 9 12 12 12 12 
1.300000 93.000000 1 1 2 3 4 4 7 8 9 10 11 12 
1.000000 95.000000 2 2 5 6 7 7 9 9 9 10 10 12 
1.300000 95.000000 1 1 3 7 7 8 8 9 10 11 12 12 
1.200000 94.000000 2 4 4 5 6 7 7 8 9 9 11 12 
1.200000 92.000000 2 2 3 4 8 8 8 9 9 9 11 12 
1.300000 93.000000 1 2 4 4 4 7 7 9 11 11 12 12 
1.100000 94.000000 2 2 3 4 5 5 6 7 9 9 10 12 
1.100000 93.000000 1 1 2 2 3 3 5 6 7 11 12 12 
1.300000 94.000000 3 3 7 9 9 9 9 10 10 12 12 12 
1.200000 93.000000 1 1 2 3 4 7 7 9 10 10 11 12 
1.100000 94.000000 2 2 3 4 5 6 7 9 9 9 10 12 
1.100000 94.000000 1 1 2 2 3 4 6 9 9 10 10 10 
1.300000 96.000000 3 3 4 5 5 5 6 7 8 9 10 12 
1.200000 94.000000 1 2 3 4 6 7 7 9 9 10 11 12 
1.200000 93.000000 1 2 3 4 7 7 7 8 9 10 11 11 
1.200000 94.000000 1 1 2 4 4 5 6 7 8 10 10 11 
1.100000 95.000000 2 4 5 5 6 8 8 9 10 10 10 11 
1.100000 92.000000 1 1 2 2 4 7 8 10 11 11 12 12 
1.200000 95.000000 2 4 4 4 5 5 5 8 8 11 12 12 
1.100000 95.000000 2 4 5 5 6 7 8 8 9 9 10 12 
1.400000 96.000000 1 3 4 5 6 6 7 8 9 11 12 12 
1.300000 92.000000 1 1 1 2 4 4 6 6 8 8 11 12 
1.200000 97.000000 2 3 3 3 5 5 5 5 6 8 8 12 
1.100000 94.000000 2 3 5 5 7 7 8 8 9 9 10 12 
1.500000 98.000000 1 3 4 4 4 4 5 5 7 7 9 12 
1.500000 97.000000 1 1 1 3 3 3 4 6 7 8 11 12 
1.100000 94.000000 1 2 4 5 7 7 7 8 9 9 10 12 
1.400000 96.000000 1 3 3 3 5 5 8 8 8 8 9 12 
1.200000 95.000000 1 2 3 3 4 5 5 6 6 7 11 12 
1.100000 95.000000 1 2 4 5 6 6 6 6 8 9 9 10 
1.100000 97.000000 1 5 5 6 6 7 9 10 10 12 12 12 
1.300000 97.000000 1 3 5 5 6 6 7 7 8 10 11 12 
1.100000 93.000000 2 2 3 4 5 5 5 6 7 8 8 11 
1.100000 95.000000 2 4 4 5 5 5 5 7 7 8 8 12 
1.400000 94.000000 1 3 3 3 7 8 8 9 9 9 10 10 
1.100000 93.000000 2 2 2 3 3 4 5 9 9 10 10 11 
1.300000 96.000000 1 4 5 5 6 7 7 8 8 9 10 12 
1.300000 93.000000 1 2 3 3 4 4 5 8 9 9 10 12 
1.300000 95.000000 1 3 4 5 6 7 7 9 9 10 10 12 
1.300000 90.000000 2 2 3 3 4 4 9 10 11 11 11 12 
1.100000 94.000000 1 1 2 2 3 5 6 6 7 9 10 12 
1.200000 91.000000 1 2 2 3 4 8 10 10 10 11 11 11 
1.400000 96.000000 1 3 4 7 7 7 8 8 9 11 11 12 
1.300000 97.000000 1 4 4 5 5 6 6 6 7 7 10 11 
1.200000 95.000000 3 5 5 7 7 7 8 8 9 10 11 12 
1.200000 92.000000 1 1 2 2 3 3 4 6 9 9 10 10 
1.100000 93.000000 2 2 3 4 5 7 8 8 8 9 9 11 
1.100000 93.000000 2 2 3 7 7 8 9 9 10 10 11 11 
1.200000 94.000000 2 3 5 6 7 7 8 8 9 9 11 12 
1.400000 95.000000 3 4 4 5 5 7 8 8 8 9 9 10 
1.300000 93.000000 1 2 3 4 6 7 8 8 8 9 9 11 
1.200000 93.000000 2 3 3 5 7 8 9 9 10 10 10 11 
1.200000 95.000000 1 1 4 5 6 6 7 8 9 10 10 10 
1.400000 93.000000 4 4 6 6 8 8 9 9 9 10 10 11 
1.000000 93.000000 1 2 2 4 5 5 7 11 12 12 12 12 
1.100000 96.000000 2 4 5 5 6 6 6 8 9 10 11 12 
1.500000 94.000000 1 4 4 4 4 4 5 6 9 10 11 12 
1.100000 96.000000 2 3 4 5 5 5 6 6 9 10 12 12 
1.100000 95.000000 2 5 6 6 6 6 7 8 8 9 11 11 
1.300000 94.000000 2 3 3 4 4 4 5 5 6 7 9 11 
1.200000 94.000000 2 3 4 5 5 5 8 8 8 9 10 12 
1.400000 96.000000 1 1 3 3 4 5 6 7 8 8 9 12 
1.100000 92.000000 2 2 2 4 4 6 9 9 10 11 11 12 
1.300000 91.000000 1 2 3 4 6 6 8 10 11 11 11 12 
1.200000 94.000000 2 3 4 5 5 6 6 8 9 11 12 12 
1.000000 93.000000 1 1 2 2 2 7 8 8 9 10 11 12 
1.100000 95.000000 2 4 5 5 6 7 8 8 9 10 10 11 
1.300000 93.000000 2 3 3 3 4 4 5 7 8 9 11 11 
1.200000 94.000000 2 3 4 4 5 5 5 8 8 8 9 10 
1.300000 95.000000 1 3 5 7 7 9 9 10 12 12 12 12 
1.200000 94.000000 1 2 3 6 6 7 7 7 8 9 9 9 
1.200000 93.000000 1 1 1 1 2 3 4 7 8 10 10 10 
1.400000 97.000000 1 3 3 4 4 4 5 5 7 8 10 11 
1.300000 95.000000 3 3 5 6 7 8 8 8 9 10 11 11 
1.300000 95.000000 1 4 4 6 7 7 7 7 9 10 11 11 
1.400000 95.000000 3 4 7 7 8 8 8 9 11 11 11 12 
1.400000 95.000000 1 3 4 6 7 8 9 9 9 12 12 12 
1.000000 92.000000 1 2 2 2 3 4 5 7 7 9 11 12 
1.000000 94.000000 1 1 2 2 2 3 4 5 6 9 10 12 
1.400000 91.000000 1 1 2 3 3 4 6 6 8 8 11 11 
1.300000 95.000000 1 3 3 4 5 6 7 8 9 10 10 11 
1.600000 100.000000 1 4 4 4 4 5 5 6 7 8 11 12 
1.200000 95.000000 1 6 7 7 7 8 8 9 10 11 11 12 
1.400000 94.000000 1 1 3 3 3 4 4 5 6 9 10 10 
1.300000 96.000000 1 3 3 3 5 5 8 10 11 12 12 12 
1.200000 93.000000 2 3 4 4 5 7 8 10 10 11 11 11 
1.100000 93.000000 1 2 2 4 7 7 8 8 9 9 10 11 
1.100000 93.000000 2 2 3 4 5 8 9 10 10 11 11 12 
1.300000 94.000000 1 3 4 5 6 7 9 10 10 10 11 12 
1.200000 95.000000 1 5 6 7 7 8 8 9 9 10 12 12 
1.000000 94.000000 1 1 2 2 2 6 8 8 8 9 10 11 
1.100000 95.000000 2 3 5 5 6 6 9 10 10 11 12 12 
1.200000 95.000000 2 3 3 4 5 5 5 6 7 8 10 11 
1.200000 94.000000 2 4 4 6 6 6 7 9 9 11 11 12 
1.100000 93.000000 2 2 3 4 5 8 8 9 9 10 10 11 
1.300000 94.000000 1 2 3 3 4 5 5 6 8 8 9 12 
1.300000 92.000000 2 4 4 6 7 8 8 9 11 11 11 12 
1.000000 95.000000 1 1 1 2 2 6 8 8 10 10 10 11 
1.200000 93.000000 1 2 3 4 5 7 7 8 8 11 11 12 
1.000000 104.000000 1 5 5 5 6 6 6 6 6 8 10 10 
1.100000 95.000000 1 2 3 4 5 5 7 7 8 9 10 10 
1.000000 94.000000 1 2 2 2 3 4 5 6 9 9 10 12 
1.400000 97.000000 1 3 4 4 5 5 7 7 8 8 9 12 
1.100000 93.000000 2 2 3 4 5 6 7 9 9 11 12 12 
1.100000 93.000000 2 2 3 5 6 7 8 9 9 10 10 11 
1.300000 98.000000 1 3 5 5 6 6 7 7 7 8 11 12 
1.000000 95.000000 2 2 3 5 5 6 6 8 9 11 12 12 
1.200000 93.000000 2 3 4 5 5 8 8 10 11 11 12 12 
1.500000 94.000000 1 3 3 3 4 8 9 11 11 12 12 12 
1.200000 93.000000 1 2 2 3 4 4 4 6 7 9 9 9 
1.100000 93.000000 1 1 1 2 2 3 4 5 7 7 10 12 
1.500000 95.000000 3 3 4 4 6 7 9 9 11 11 12 12 
1.200000 93.000000 1 1 2 3 6 6 6 8 8 9 10 11 
1.100000 93.000000 1 1 2 2 3 3 5 7 9 12 12 12 
1.200000 93.000000 1 2 3 5 7 8 8 9 11 12 12 12 
1.100000 93.000000 1 2 2 3 4 5 5 6 8 8 10 11 
1.400000 94.000000 1 3 3 4 5 6 6 8 9 9 10 12 
1.200000 93.000000 2 4 4 6 7 8 9 9 11 11 12 12 
1.300000 95.000000 1 3 4 5 6 6 7 7 10 10 11 11 
1.000000 97.000000 1 1 2 2 3 5 6 6 6 6 10 11 
1.200000 91.000000 1 1 2 2 3 3 4 7 10 11 11 12 
1.200000 95.000000 4 5 5 7 8 8 8 9 10 10 11 12 
1.200000 93.000000 1 1 2 3 4 7 8 9 10 10 11 12 
1.200000 93.000000 1 1 1 2 3 4 6 6 8 10 10 11 
1.300000 94.000000 1 1 1 2 4 4 4 7 7 9 12 12 
1.300000 93.000000 2 3 3 3 4 5 6 7 9 10 11 11 
1.000000 96.000000 2 2 4 5 5 5 6 7 10 10 11 12 
1.400000 93.000000 1 3 4 4 6 8 9 9 9 10 10 12 
1.400000 95.000000 3 3 4 5 6 7 7 9 9 9 12 12 
1.200000 94.000000 1 2 3 5 6 6 7 7 8 8 9 11 
1.400000 93.000000 3 3 3 5 8 8 9 9 10 10 11 12 
1.200000 94.000000 1 2 3 4 5 5 6 8 8 9 10 12 
1.400000 94.000000 1 4 4 5 6 6 6 8 9 10 11 12 
1.100000 97.000000 1 1 1 5 6 6 7 10 10 10 12 12 
1.300000 94.000000 1 3 3 5 6 9 10 10 10 11 12 12 
1.200000 94.000000 1 1 2 3 3 4 5 6 7 7 10 11 
1.200000 93.000000 1 2 3 3 7 7 7 8 9 11 11 12 
1.400000 94.000000 1 1 1 3 3 4 6 8 8 9 10 12 
1.200000 94.000000 1 1 1 2 4 7 7 8 8 9 10 12 
1.200000 95.000000 1 1 1 2 3 3 5 6 7 7 12 12 
1.200000 93.000000 1 2 3 3 6 9 10 10 10 11 11 12 
1.300000 93.000000 2 3 3 4 5 6 9 9 10 11 12 12 
1.200000 94.000000 1 2 3 4 5 6 7 7 7 7 11 11 
1.100000 95.000000 1 2 4 5 5 6 6 7 7 7 8 9 
1.100000 95.000000 1 2 4 5 6 6 6 7 8 10 11 11 
1.400000 96.000000 1 1 4 4 6 6 6 7 7 8 9 11 
1.300000 97.000000 3 4 4 5 5 7 7 10 11 11 12 12 
1.300000 94.000000 1 3 3 6 7 9 10 10 11 11 12 12 
1.400000 97.000000 3 4 5 5 6 7 8 8 9 11 12 12 
1.200000 96.000000 1 3 5 5 6 7 8 10 10 11 12 12 
1.200000 90.000000 1 2 2 3 4 5 8 10 11 11 12 12 
1.100000 92.000000 1 2 2 2 3 4 7 9 9 10 11 12 
1.000000 94.000000 2 2 4 5 5 7 7 8 10 10 11 11 
1.200000 93.000000 1 2 3 4 7 8 9 10 10 10 11 11 
1.200000 94.000000 6 7 7 8 9 9 10 11 11 12 12 12 
1.200000 93.000000 1 2 3 5 6 7 8 8 10 10 11 11 
1.100000 91.000000 2 2 2 3 4 4 5 9 11 11 12 12 
1.400000 98.000000 1 1 3 3 4 5 7 7 7 7 11 12 
1.100000 94.000000 1 2 4 7 7 9 10 10 10 10 11 11 
1.300000 93.000000 1 1 1 2 3 3 4 6 8 9 10 12 
1.200000 94.000000 2 4 4 5 6 6 8 9 9 10 11 12 
1.200000 95.000000 2 3 3 4 5 5 5 6 8 8 8 11 
1.100000 93.000000 1 1 2 2 4 4 5 7 7 8 9 10 
1.200000 94.000000 2 3 4 5 5 6 7 7 9 10 11 12 
1.100000 93.000000 1 1 1 2 2 4 7 8 9 10 10 10 
1.300000 93.000000 2 3 3 3 4 6 7 7 9 11 11 11 
1.300000 96.000000 1 3 4 4 5 5 7 7 10 10 11 12 
1.200000 94.000000 1 2 3 3 5 6 7 7 9 9 10 10 
1.300000 93.000000 1 1 2 3 3 4 4 5 6 8 9 12 
1.100000 93.000000 1 2 2 3 4 5 5 7 10 10 11 12 
1.300000 95.000000 1 1 3 4 5 6 8 10 10 11 12 12 
1.200000 95.000000 2 3 3 5 5 5 8 11 12 12 12 12 
1.200000 93.000000 1 2 3 5 6 6 8 8 10 10 11 11 
1.300000 94.000000 1 4 4 5 7 8 10 10 10 11 11 12 
1.200000 92.000000 1 2 2 3 3 4 7 8 9 9 10 11 
1.300000 94.000000 3 5 6 6 8 8 9 9 10 10 10 11 
1.400000 94.000000 1 3 3 3 5 6 6 8 9 10 11 12 
1.400000 94.000000 1 4 4 4 5 6 6 8 9 10 11 12 
1.100000 94.000000 1 2 2 3 4 5 7 9 9 10 10 10 
1.200000 93.000000 2 3 4 5 7 7 8 9 9 10 10 11 
1.100000 94.000000 2 4 5 6 7 10 10 11 11 11 12 12 
1.200000 94.000000 1 1 2 3 4 5 6 6 7 10 11 12 
1.300000 92.000000 2 3 3 3 3 6 8 9 9 10 11 11 
1.100000 93.000000 2 2 4 4 6 6 7 9 9 9 11 12 
1.100000 92.000000 2 2 3 4 5 7 7 8 9 11 11 12 
1.200000 95.000000 1 2 4 4 4 5 5 5 7 8 10 12 
1.100000 93.000000 1 2 2 3 4 4 5 7 9 10 10 11 
1.200000 95.000000 1 1 2 3 4 5 5 6 6 7 10 12 
1.400000 99.000000 1 3 5 5 6 6 7 8 8 11 12 12 
0.900000 96.000000 2 2 2 2 4 5 5 9 10 11 12 12 
1.300000 96.000000 1 1 3 4 5 6 6 7 8 10 11 12 
1.100000 94.000000 1 1 2 6 6 7 7 9 10 11 12 12 
1.200000 95.000000 2 3 3 4 5 5 5 6 7 8 11 12 
1.300000 95.000000 1 3 3 4 5 6 7 7 8 9 9 10 
1.300000 90.000000 1 2 2 3 3 4 4 8 9 11 11 12 
1.000000 95.000000 1 2 2 3 5 5 6 7 8 10 10 11 
1.300000 96.000000 1 1 1 3 4 5 6 6 6 8 10 12 
1.200000 93.000000 1 2 3 6 7 8 9 9 10 10 11 12 
1.400000 96.000000 1 1 3 3 7 7 8 8 9 11 12 12 
1.100000 91.000000 1 1 2 2 2 3 3 5 6 7 8 11 
1.500000 94.000000 3 4 4 4 5 6 8 9 9 10 11 12 
1.000000 96.000000 1 1 1 2 2 4 5 6 6 8 10 12 
1.300000 97.000000 4 4 5 5 6 6 7 8 10 11 11 12 
1.100000 94.000000 1 1 1 2 4 7 7 9 10 10 10 12 
1.300000 96.000000 1 1 3 3 4 5 6 7 7 7 10 11 
1.000000 94.000000 2 2 6 6 6 7 9 11 11 11 12 12 
1.300000 94.000000 1 3 3 4 5 7 8 9 10 10 11 12 
1.300000 95.000000 1 3 5 6 7 8 8 8 8 9 9 10 
1.200000 94.000000 1 1 1 1 2 3 3 6 6 10 10 12 
1.000000 93.000000 1 1 2 2 6 7 8 9 11 12 12 12 
1.400000 97.000000 3 3 4 4 5 5 5 6 8 10 11 12 
1.200000 94.000000 1 1 1 1 2 3 3 4 6 7 7 7 
1.200000 94.000000 2 4 5 6 6 7 9 9 11 12 12 12 
1.100000 94.000000 2 3 5 6 6 6 7 7 9 9 11 12 
1.400000 95.000000 3 4 6 6 7 8 8 9 9 11 11 12 
1.200000 93.000000 1 2 3 4 6 7 8 9 9 10 11 12 
1.300000 94.000000 1 3 3 6 7 10 10 11 11 11 12 12 
1.200000 95.000000 4 5 7 7 7 9 9 9 10 12 12 12 
1.200000 91.000000 1 2 2 3 4 4 6 9 10 11 11 12 
1.200000 93.000000 1 2 3 7 7 8 9 9 10 11 12 12 
1.400000 95.000000 1 1 3 4 4 6 6 7 7 10 11 11 
1.300000 92.000000 1 2 3 4 8 8 8 9 9 10 11 12 
1.300000 93.000000 1 2 3 4 4 4 5 7 9 10 11 12 
1.300000 93.000000 1 1 2 3 3 3 5 6 6 8 9 10 
1.300000 96.000000 1 3 3 4 5 6 7 7 7 9 10 11 
1.300000 96.000000 3 3 5 7 7 7 7 8 9 9 11 12 
1.200000 93.000000 2 4 6 7 8 8 9 10 10 11 11 11 
1.200000 93.000000 2 3 3 5 7 7 10 11 11 11 12 12 
1.400000 92.000000 1 2 3 3 3 4 4 5 6 8 9 11 
1.100000 93.000000 1 1 2 2 4 6 7 8 9 9 10 12 
1.500000 95.000000 1 3 3 4 4 5 6 6 8 8 9 11 
1.200000 94.000000 2 3 3 5 5 7 7 9 10 11 12 12 
1.400000 95.000000 1 4 6 6 6 7 8 9 9 11 12 12 
1.100000 92.000000 1 2 2 3 4 5 6 7 7 8 11 11 
1.300000 96.000000 1 3 3 5 5 6 8 8 8 10 11 12 
1.200000 96.000000 4 5 5 6 6 7 7 8 9 9 10 12 
1.400000 96.000000 1 4 4 4 5 6 6 7 7 8 9 11 
1.300000 95.000000 1 3 4 4 5 5 7 7 8 9 10 10 
1.200000 93.000000 1 2 3 6 7 9 10 11 11 12 12 12 
1.300000 96.000000 3 3 4 5 5 6 7 7 9 10 11 12 
1.100000 93.000000 2 5 7 7 7 8 8 8 9 10 11 11 
1.200000 95.000000 1 1 3 5 6 7 7 8 10 10 11 12 
1.200000 96.000000 5 5 6 7 7 7 8 9 10 11 12 12 
1.400000 100.000000 1 4 5 5 5 7 7 7 7 8 8 12 
1.100000 94.000000 1 2 3 5 5 7 7 8 8 11 12 12 
1.300000 95.000000 1 3 4 6 7 7 7 9 9 9 12 12 
1.300000 94.000000 1 4 6 7 8 8 9 10 10 11 11 12 
1.100000 93.000000 1 1 2 2 3 4 5 7 7 8 8 9 
1.500000 97.000000 1 3 3 3 4 4 5 7 7 8 9 11 
1.300000 93.000000 1 2 3 4 4 7 7 8 9 9 11 12 
1.200000 93.000000 1 2 3 3 5 6 7 10 11 11 12 12 
1.200000 93.000000 2 3 4 5 7 9 10 10 11 11 12 12 
1.100000 94.000000 1 1 2 2 3 4 5 6 6 8 9 12 
1.100000 94.000000 1 2 5 6 7 8 8 9 9 10 10 12 
1.200000 94.000000 2 3 4 4 5 5 7 8 9 10 10 11 
1.000000 92.000000 2 2 2 5 5 6 7 7 7 8 11 11 
1.200000 95.000000 3 5 6 6 7 8 9 9 10 10 11 12 
1.400000 93.000000 1 4 4 5 8 8 8 9 9 10 10 12 
1.200000 93.000000 2 3 3 5 7 8 8 9 9 11 12 12 
1.300000 94.000000 1 4 4 6 6 7 7 9 10 10 11 11 
1.300000 94.000000 1 4 4 7 7 8 9 10 10 11 11 12 
1.100000 93.000000 2 2 2 3 3 4 5 8 9 9 9 12 
1.100000 95.000000 1 2 3 5 6 8 8 9 9 10 10 12 
1.200000 93.000000 2 4 6 6 7 7 9 10 11 11 11 12 
1.400000 94.000000 4 5 6 6 8 8 8 10 11 11 11 12 
1.200000 94.000000 1 1 2 3 4 5 6 6 8 9 10 10 
1.200000 94.000000 1 2 4 4 5 6 6 7 8 8 9 11 
1.200000 94.000000 1 2 3 3 4 5 5 7 9 10 12 12 
1.200000 94.000000 2 3 3 3 5 5 6 7 9 11 12 12 
1.300000 95.000000 1 4 4 5 6 7 7 7 8 9 9 10 
1.200000 94.000000 2 3 3 4 5 7 7 9 9 10 10 11 
1.000000 96.000000 2 2 3 5 6 6 6 6 6 11 11 11 
1.400000 96.000000 3 3 4 5 5 6 8 8 8 9 11 12 
1.000000 94.000000 2 2 2 3 3 5 5 7 9 9 10 10 
1.200000 94.000000 2 3 3 6 7 7 8 9 9 9 9 10 
1.300000 95.000000 4 4 5 6 7 7 8 8 9 10 11 11 
1.000000 92.000000 1 1 1 2 2 2 3 5 7 7 8 12 
1.300000 93.000000 3 3 5 8 8 8 9 9 10 10 10 11 
1.400000 97.000000 1 1 3 3 4 5 5 7 7 8 8 10 
1.300000 96.000000 1 1 3 5 6 6 7 9 10 12 12 12 
1.200000 94.000000 2 4 4 4 5 5 6 9 11 12 12 12 
1.300000 96.000000 1 1 3 4 5 7 7 8 9 10 12 12 
1.200000 93.000000 1 1 2 3 6 8 8 9 9 10 10 12 
1.100000 95.000000 1 2 4 5 5 5 7 7 8 8 10 12 
1.100000 93.000000 1 1 1 2 2 3 3 7 9 10 10 12 
1.300000 95.000000 1 1 3 3 3 5 7 8 9 10 10 12 
1.200000 95.000000 1 1 6 6 7 7 9 10 10 11 12 12 
1.000000 94.000000 1 2 2 5 6 8 10 11 11 12 12 12 
1.100000 94.000000 2 6 6 7 8 8 8 9 9 10 11 11 
0.900000 95.000000 1 2 2 2 2 8 9 10 11 11 12 12 
1.200000 94.000000 2 3 3 4 4 5 5 7 7 9 9 10 
1.300000 96.000000 1 3 3 4 5 5 6 7 10 10 11 12 
1.400000 96.000000 3 3 4 5 6 6 7 8 9 11 11 12 
1.200000 94.000000 1 2 4 4 5 6 6 7 8 9 9 12 
1.400000 94.000000 1 3 3 3 5 6 8 9 10 11 12 12 
1.300000 96.000000 4 5 5 6 7 7 8 8 9 10 11 12 
1.200000 94.000000 5 7 8 9 9 10 10 10 11 12 12 12 
1.100000 94.000000 1 2 4 6 7 9 9 9 10 10 12 12 
0.900000 101.000000 1 1 2 5 5 6 8 10 10 10 10 10 
1.000000 92.000000 1 2 2 5 6 7 7 7 7 8 11 11 
0.900000 99.000000 1 2 2 5 6 6 9 10 10 10 11 12 
1.200000 96.000000 2 3 3 4 4 5 5 5 5 7 8 8 
1.200000 94.000000 2 4 4 5 5 7 8 9 9 12 12 12 
1.000000 96.000000 1 2 2 4 5 6 8 10 10 10 11 11 
1.100000 95.000000 1 1 1 2 3 5 6 6 7 8 10 12 
1.100000 95.000000 1 2 3 5 5 6 6 7 8 8 10 11 
1.100000 94.000000 1 2 5 6 7 7 7 10 10 10 11 11 
1.400000 94.000000 1 3 3 4 4 5 5 6 9 10 10 12 
1.300000 93.000000 1 2 3 3 4 4 5 6 6 11 11 12 
1.300000 95.000000 1 3 6 6 7 7 8 8 10 11 11 11 
1.000000 93.000000 1 2 2 2 6 7 8 9 9 9 12 12 
1.200000 91.000000 1 1 2 2 3 3 6 6 10 11 11 12 
1.400000 95.000000 3 3 3 4 5 6 7 8 9 9 11 12 
1.200000 94.000000 1 1 2 4 5 6 6 8 8 10 11 12 
1.100000 96.000000 2 3 5 5 6 6 6 6 9 10 11 12 
1.100000 94.000000 1 2 3 5 8 8 9 10 10 10 11 12 
1.500000 93.000000 1 4 4 4 4 6 9 9 9 10 10 12 
1.200000 93.000000 2 3 4 4 5 7 7 8 10 11 11 11 
1.100000 93.000000 1 2 2 3 4 5 5 8 10 10 11 12 
1.200000 93.000000 1 1 2 4 4 7 8 9 11 12 12 12 
1.200000 96.000000 1 2 3 4 4 5 5 5 6 7 8 12 
1.300000 93.000000 2 3 3 4 5 6 6 9 11 11 12 12 
1.400000 94.000000 1 1 3 4 6 6 7 8 9 9 10 12 
1.200000 93.000000 1 1 2 3 3 4 6 7 9 10 10 11 
1.200000 93.000000 1 2 3 4 6 7 8 9 11 11 12 12 
1.300000 93.000000 1 2 3 3 4 4 5 5 8 8 8 11 
1.000000 95.000000 2 2 3 5 5 8 8 9 9 10 10 12 
1.000000 94.000000 1 2 2 6 6 7 9 11 11 12 12 12 
1.100000 94.000000 2 4 5 5 6 6 7 7 7 9 11 12 
1.300000 93.000000 1 2 3 3 4 6 6 6 7 9 9 11 
1.100000 94.000000 1 2 4 5 6 7 8 10 11 11 12 12 
1.200000 94.000000 2 3 3 5 5 6 6 10 10 11 11 12 
1.100000 93.000000 2 2 3 5 7 8 9 9 10 10 11 12 
1.300000 95.000000 3 3 4 5 6 7 7 9 10 11 11 12 
1.400000 96.000000 4 4 5 6 6 7 7 9 9 11 12 12 
1.200000 93.000000 2 3 6 7 7 9 10 10 11 11 11 12 
1.400000 96.000000 1 3 4 4 5 5 7 8 8 9 10 12 
0.900000 93.000000 1 1 2 2 2 2 6 7 7 8 9 11 
1.400000 93.000000 1 3 4 6 8 8 8 9 9 10 11 12 
1.200000 94.000000 1 2 3 5 6 6 7 8 11 11 12 12 
1.500000 95.000000 1 1 3 3 3 4 6 7 8 8 9 11 
1.100000 93.000000 2 2 3 4 7 7 8 9 9 9 9 10 
1.300000 94.000000 3 6 6 6 7 9 10 11 11 11 12 12 
1.200000 94.000000 1 2 4 4 6 6 7 8 9 9 10 11 
1.300000 93.000000 1 2 3 3 4 6 8 8 9 9 9 12 
1.500000 95.000000 1 3 4 4 4 5 7 8 8 8 9 9 
1.300000 94.000000 3 6 7 8 8 9 9 9 9 10 12 12 
1.300000 94.000000 1 1 2 3 3 4 5 6 7 8 11 12 
1.000000 97.000000 2 5 5 5 6 6 7 8 10 10 11 12 
1.500000 98.000000 1 1 1 3 3 3 3 4 5 6 7 12 
1.200000 92.000000 1 1 2 4 6 8 10 10 11 11 12 12 
1.400000 94.000000 3 3 4 7 7 8 9 9 10 11 11 12 
1.400000 97.000000 3 4 4 5 5 6 7 8 8 8 9 11 
1.200000 98.000000 1 4 5 5 5 6 8 8 10 10 12 12 
1.100000 94.000000 2 4 5 5 6 7 7 8 9 10 11 12 
1.200000 94.000000 2 4 6 6 7 9 9 9 10 11 12 12 
1.200000 94.000000 1 1 2 3 4 6 7 7 9 10 11 12 
1.100000 95.000000 1 2 4 5 5 6 6 7 8 9 10 12 
1.100000 92.000000 1 1 2 2 3 3 5 7 8 8 11 12 
1.000000 94.000000 1 1 2 2 2 3 6 7 9 10 10 11 
1.200000 96.000000 1 5 6 6 7 8 9 10 11 12 12 12 
1.300000 97.000000 1 3 5 5 6 6 6 6 8 8 10 11 
1.100000 92.000000 1 2 2 3 5 8 10 11 11 12 12 12 
1.200000 96.000000 1 1 4 5 5 7 7 8 8 10 10 12 
1.100000 93.000000 2 2 3 4 5 5 6 6 7 8 11 11 
1.400000 96.000000 1 4 4 5 6 6 6 7 7 8 9 9 
1.300000 92.000000 1 2 3 4 6 8 8 8 9 9 10 11 
1.400000 96.000000 1 3 4 5 6 6 8 9 11 12 12 12 
1.200000 95.000000 1 1 2 3 4 5 5 6 7 7 8 10 
1.200000 94.000000 2 3 4 4 5 7 7 7 8 9 9 11 
1.300000 98.000000 4 4 5 5 5 6 7 7 7 8 10 11 
1.000000 96.000000 1 2 2 3 5 6 6 6 9 10 10 11 
1.100000 91.000000 1 1 2 2 7 8 8 8 8 11 11 12 
1.400000 99.000000 1 1 3 4 5 5 6 6 7 7 8 8 
1.300000 94.000000 1 1 3 4 7 7 8 9 10 10 11 12 
1.400000 96.000000 1 1 3 4 4 6 6 7 7 7 9 11 
1.300000 93.000000 1 1 2 3 3 4 6 8 9 9 12 12 
0.900000 96.000000 2 2 2 5 6 8 8 9 10 11 11 12 
1.200000 94.000000 1 1 2 3 4 6 7 7 8 8 9 9 
1.300000 94.000000 3 5 6 8 9 9 10 10 11 12 12 12 
1.300000 94.000000 1 6 6 7 8 8 8 8 9 9 10 11 
1.300000 93.000000 2 3 3 6 6 8 8 9 9 9 11 12 
1.300000 93.000000 2 3 3 4 4 5 5 8 8 9 9 10 
1.100000 95.000000 1 1 2 5 6 6 6 7 7 8 8 9 
1.200000 94.000000 1 1 2 3 5 6 7 7 8 8 8 11 
0.900000 100.000000 2 2 5 5 5 6 6 8 10 11 12 12 
1.100000 94.000000 2 2 4 5 6 6 8 8 8 9 9 9 
1.200000 94.000000 1 2 3 6 7 7 8 9 9 9 10 12 
1.300000 93.000000 2 3 3 4 5 5 8 8 9 9 12 12 
1.200000 93.000000 1 2 3 3 6 7 8 9 9 11 12 12 
1.100000 93.000000 1 2 2 4 5 6 7 7 8 9 11 12 
1.200000 91.000000 1 2 2 3 3 4 6 7 10 11 11 11 
1.100000 95.000000 1 2 3 5 6 6 6 7 9 10 11 12 
1.200000 94.000000 2 3 4 5 5 6 7 8 8 11 11 12 
1.300000 97.000000 3 3 5 5 6 6 7 8 10 11 11 12 
1.300000 97.000000 3 4 5 5 5 6 6 7 8 9 10 12 
1.200000 93.000000 1 2 3 3 4 5 5 10 10 10 11 12 
1.200000 93.000000 2 3 4 4 5 5 8 9 10 10 10 11 
1.500000 91.000000 1 4 4 4 8 8 8 10 10 11 11 11 
1.400000 93.000000 4 4 4 5 6 8 8 9 10 10 11 11 
1.300000 95.000000 3 4 5 6 7 8 8 9 9 10 11 12 
1.200000 94.000000 1 2 3 4 5 6 6 7 8 9 11 12 
1.000000 95.000000 2 2 6 9 9 10 10 10 10 11 11 12 
1.300000 94.000000 1 4 7 8 8 8 9 9 9 10 12 12 
1.200000 95.000000 1 3 5 7 7 7 7 9 10 11 12 12 
1.200000 93.000000 1 2 3 3 3 7 7 7 9 10 11 11 
1.300000 96.000000 1 4 4 4 5 5 6 6 10 10 11 12 
1.500000 96.000000 1 4 4 4 4 7 7 9 11 11 12 12 
1.100000 92.000000 2 2 4 6 6 8 9 11 11 11 12 12 
1.300000 94.000000 1 1 4 7 7 8 8 10 10 11 11 12 
1.100000 94.000000 1 1 2 2 3 4 5 5 8 10 10 10 
1.200000 93.000000 1 2 3 3 5 7 8 8 9 10 11 12 
1.000000 93.000000 2 2 5 6 6 7 7 8 9 11 11 12 
1.200000 94.000000 1 2 3 4 5 6 8 9 11 12 12 12 
1.000000 96.000000 2 2 4 5 5 6 6 9 10 10 11 12 
1.200000 94.000000 2 3 4 4 5 5 7 8 9 11 12 12 
1.200000 96.000000 3 5 5 6 7 7 8 9 10 11 12 12 
1.200000 94.000000 2 4 4 5 7 8 9 9 9 10 12 12 
1.500000 94.000000 1 1 3 4 6 6 8 8 9 9 12 12 
1.300000 95.000000 1 3 4 4 5 7 7 8 9 10 10 11 
1.200000 91.000000 1 2 2 3 4 8 8 8 9 11 11 12 
1.400000 95.000000 4 4 6 6 7 7 9 9 9 11 12 12 
1.000000 92.000000 2 2 2 4 5 5 6 7 8 11 11 12 
1.300000 95.000000 4 5 6 7 7 8 9 9 10 11 12 12 
1.500000 93.000000 1 1 1 3 4 4 6 8 8 8 10 11 
1.400000 96.000000 1 3 3 4 5 6 7 10 11 11 12 12 
1.300000 96.000000 1 3 4 5 5 6 7 7 8 9 10 12 
1.300000 96.000000 1 3 4 5 6 6 6 7 7 9 9 12 
1.000000 94.000000 2 2 2 4 4 5 5 5 6 8 9 12 
1.400000 95.000000 3 3 3 6 7 7 8 9 9 11 11 12 
1.100000 93.000000 1 2 2 4 5 6 7 8 8 9 11 12 
1.300000 93.000000 1 2 3 4 4 5 6 8 9 9 10 12 
1.100000 93.000000 2 2 4 5 7 8 8 8 9 9 10 11 
1.400000 96.000000 1 1 3 3 5 6 6 7 8 8 9 12 
1.100000 91.000000 1 2 2 5 7 8 8 8 11 11 12 12 
1.500000 94.000000 1 3 4 6 8 8 8 8 8 9 11 11 
1.200000 93.000000 1 2 4 4 5 6 8 8 9 10 11 12 
1.200000 94.000000 2 3 4 4 5 5 6 7 8 9 11 12 
1.200000 93.000000 1 2 3 3 5 7 8 8 9 10 11 12 
1.400000 94.000000 1 1 3 3 4 5 6 6 8 10 10 11 
1.100000 94.000000 2 4 6 6 7 9 9 10 10 11 11 12 
1.300000 97.000000 1 3 4 4 5 5 6 6 7 7 10 11 
1.200000 94.000000 1 2 3 4 4 5 6 6 9 9 10 12 
1.300000 94.000000 1 1 1 2 3 4 4 4 6 7 9 12 
1.400000 95.000000 1 4 6 6 6 7 8 9 9 11 12 12 
1.200000 93.000000 1 1 2 3 3 4 5 7 10 10 11 12 
1.100000 92.000000 2 2 3 3 5 6 7 7 8 9 11 11 
1.300000 96.000000 3 3 4 4 5 5 5 5 10 10 10 12 
1.100000 96.000000 2 3 5 5 5 6 6 7 8 9 10 12 
1.100000 92.000000 1 2 2 2 3 4 6 6 7 9 9 11 
1.400000 98.000000 1 1 1 4 4 5 6 7 8 12 12 12 
1.400000 96.000000 3 4 5 7 7 7 8 8 9 9 11 12 
1.500000 94.000000 1 1 3 3 3 4 4 6 9 10 11 12 
1.000000 96.000000 2 2 3 5 5 6 6 9 10 10 10 11 
1.200000 93.000000 1 2 2 3 4 4 5 7 8 9 9 12 
1.100000 93.000000 2 2 4 7 7 8 8 9 9 9 11 12 
1.400000 95.000000 1 3 4 5 6 6 6 7 8 8 9 9 
1.100000 95.000000 1 2 5 5 6 6 7 8 8 10 11 12 
1.500000 93.000000 1 3 3 4 4 4 6 6 9 9 10 11 
1.400000 92.000000 1 1 1 2 3 3 4 4 4 6 11 12 
1.300000 93.000000 1 1 2 3 3 3 7 9 9 10 12 12 
1.400000 94.000000 1 4 4 6 7 8 8 9 9 9 10 12 
1.100000 93.000000 1 1 2 2 3 4 7 9 10 10 11 12 
1.200000 93.000000 1 1 2 3 4 6 9 10 10 10 11 12 
1.200000 92.000000 1 2 2 3 3 4 5 6 8 9 11 12 
1.400000 94.000000 1 3 3 3 4 5 6 6 6 9 10 11 
1.100000 95.000000 1 2 3 4 5 5 10 10 10 10 11 12 
1.200000 91.000000 1 2 2 3 3 3 4 5 7 8 11 11 
1.100000 94.000000 1 1 2 2 3 3 5 6 8 9 10 10 
1.300000 94.000000 4 4 4 5 7 8 9 10 10 10 11 11 
1.200000 93.000000 2 4 4 5 8 8 9 9 10 10 11 12 
1.000000 95.000000 2 5 5 7 7 8 9 9 10 10 10 12 
1.200000 95.000000 3 4 5 5 6 7 7 9 9 10 10 12 
1.300000 95.000000 3 4 4 5 5 9 9 10 10 12 12 12 
1.000000 95.000000 1 2 2 5 6 6 8 9 9 10 12 12 
1.000000 94.000000 1 2 2 2 4 5 5 8 9 12 12 12 
1.200000 95.000000 1 1 1 3 7 7 9 10 10 12 12 12 
1.100000 96.000000 1 2 3 5 5 5 6 7 8 10 12 12 
1.300000 95.000000 1 3 3 5 7 7 8 9 9 10 10 12 
1.100000 92.000000 1 2 2 3 8 8 9 10 11 11 12 12 
1.000000 96.000000 1 1 2 2 4 5 6 9 10 10 12 12 
1.300000 96.000000 1 1 4 4 5 7 7 7 8 10 11 12 
1.300000 93.000000 1 1 1 2 3 4 4 5 6 8 10 12 
1.300000 96.000000 1 1 1 3 4 5 6 7 7 8 8 10 
1.000000 94.000000 1 1 2 2 5 5 7 8 8 10 12 12 
1.200000 94.000000 1 2 3 4 5 6 6 7 9 10 11 12 
1.200000 90.000000 2 2 2 3 3 4 4 5 5 10 11 11 
1.400000 93.000000 1 1 4 4 6 8 10 10 11 11 12 12 
1.200000 91.000000 1 2 2 3 4 4 5 6 7 8 11 11 
1.200000 94.000000 1 1 2 3 3 5 6 6 11 12 12 12 
1.200000 95.000000 1 6 6 7 7 7 8 9 10 11 11 12 
1.300000 92.000000 1 2 3 4 4 6 8 8 9 10 11 11 
1.200000 94.000000 1 2 3 4 5 7 7 8 8 9 9 12 
1.300000 96.000000 1 4 6 7 7 7 11 11 11 12 12 12 
1.300000 96.000000 1 1 3 5 6 7 7 8 8 10 11 12 
1.400000 96.000000 1 1 3 3 4 4 7 7 7 9 11 12 
1.400000 97.000000 1 3 3 3 4 5 5 6 6 7 9 12 
1.200000 92.000000 1 1 2 4 6 8 8 10 11 11 12 12 
1.300000 96.000000 3 4 4 4 5 5 5 7 9 10 10 12 
1.200000 94.000000 2 3 4 5 5 7 7 8 9 10 11 12 
1.300000 98.000000 5 5 6 6 7 7 8 8 11 11 12 12 
1.100000 95.000000 2 3 5 5 6 7 9 10 10 11 12 12 
1.300000 96.000000 1 3 3 5 7 7 7 9 10 11 12 12 
1.100000 93.000000 1 1 2 2 3 4 7 7 9 10 10 11 
1.400000 92.000000 2 3 3 3 3 4 4 8 9 9 11 11 
1.200000 91.000000 1 1 2 2 3 3 8 8 8 9 10 11 
1.300000 93.000000 1 1 2 3 4 5 6 8 8 8 9 12 
1.000000 94.000000 2 2 4 5 5 6 7 8 9 11 12 12 
1.200000 92.000000 1 2 2 3 4 4 5 5 8 9 12 12 
1.100000 94.000000 1 2 4 5 6 7 8 9 10 10 11 12 
1.100000 93.000000 1 2 2 2 3 3 6 8 9 9 9 12 
1.400000 99.000000 1 1 3 4 5 5 6 8 8 8 12 12 
1.200000 90.000000 2 2 3 3 4 5 5 8 8 11 11 12 
1.400000 91.000000 1 1 1 2 3 4 4 6 8 8 8 11 
1.100000 94.000000 1 2 4 5 6 6 7 7 7 9 10 11 
1.400000 94.000000 1 3 4 5 6 8 9 10 11 12 12 12 
1.500000 93.000000 1 3 3 3 4 6 6 8 9 9 10 11 
1.100000 94.000000 1 1 2 3 5 6 7 7 8 10 11 12 
1.100000 93.000000 2 4 7 7 7 8 9 9 10 11 11 12 
1.300000 93.000000 1 2 3 3 3 4 6 6 9 9 10 11 
1.400000 94.000000 1 3 3 3 4 4 5 5 8 10 10 11 
1.100000 94.000000 2 5 6 7 9 9 10 10 10 11 12 12 
1.200000 94.000000 1 2 3 5 5 6 8 8 9 12 12 12 
1.100000 94.000000 1 2 5 5 7 7 7 8 9 10 12 12 
1.200000 94.000000 1 1 2 3 3 4 5 6 7 9 12 12 
1.000000 95.000000 1 2 2 5 5 6 7 10 11 12 12 12 
1.000000 95.000000 2 2 5 5 6 7 8 9 9 10 12 12 
1.200000 93.000000 1 1 1 2 3 4 6 6 10 11 12 12 
1.200000 94.000000 2 3 3 5 5 6 6 9 10 10 11 12 
1.400000 94.000000 1 3 3 4 5 8 9 9 10 12 12 12 
1.100000 95.000000 2 3 5 5 6 6 7 10 10 11 11 12 
1.600000 97.000000 1 1 3 3 4 4 4 4 5 7 8 9 
1.100000 93.000000 2 2 3 3 5 5 6 7 7 9 10 11 
1.200000 93.000000 2 3 4 5 7 8 9 10 10 11 11 12 
1.000000 94.000000 1 1 2 2 6 7 7 9 9 10 12 12 
1.400000 92.000000 2 3 4 4 4 6 6 9 9 10 11 11 
1.400000 96.000000 1 1 3 3 4 4 4 5 7 10 11 12 
1.100000 94.000000 2 7 8 8 8 9 9 9 10 11 12 12 
1.100000 93.000000 1 2 2 4 6 6 7 8 8 9 9 11 
1.500000 95.000000 3 3 4 4 4 7 8 8 9 9 11 11 
1.200000 92.000000 1 2 2 3 3 4 5 6 6 9 11 12 
1.400000 96.000000 1 3 3 4 5 6 7 10 11 11 12 12 
1.100000 93.000000 1 2 2 3 5 6 6 8 8 9 11 12 
1.400000 95.000000 3 4 4 4 5 7 9 10 11 11 12 12 
1.200000 92.000000 1 2 2 3 3 4 8 8 9 9 10 11 
1.100000 94.000000 1 1 2 2 3 4 5 6 8 9 10 12 
1.600000 94.000000 3 4 4 4 4 5 6 8 9 9 9 12 
1.200000 94.000000 1 1 2 3 3 4 5 7 7 7 9 10 
1.200000 95.000000 1 1 5 6 7 7 8 8 10 10 10 11 
1.000000 94.000000 2 2 4 5 6 7 9 9 10 11 12 12 
1.200000 93.000000 2 2 3 3 4 4 5 5 8 9 9 12 
1.100000 94.000000 1 1 2 6 6 7 7 7 9 10 10 11 
1.300000 94.000000 1 1 2 3 3 3 4 5 6 6 7 11 
1.100000 95.000000 1 2 3 5 5 6 6 7 9 10 10 10 
1.200000 94.000000 2 3 3 5 5 7 8 9 10 10 11 12 
1.300000 96.000000 1 1 1 1 3 4 6 7 7 7 10 12 
1.600000 94.000000 1 3 4 4 4 4 6 8 9 9 11 12 
1.100000 97.000000 2 3 5 5 5 6 6 10 11 12 12 12 
1.100000 92.000000 1 2 2 3 5 6 7 7 8 11 11 12 
1.000000 95.000000 2 2 5 6 6 6 6 8 9 11 11 12 
1.000000 93.000000 1 2 2 2 4 5 5 8 8 8 10 11 
1.200000 93.000000 1 2 3 4 5 6 9 10 10 11 12 12 
1.200000 95.000000 1 1 3 5 7 8 8 10 10 10 10 11 
1.300000 95.000000 1 3 3 5 10 11 11 12 12 12 12 12 
1.400000 90.000000 1 2 3 3 4 4 6 10 10 11 11 11 
1.200000 90.000000 1 2 2 3 3 5 8 10 11 11 12 12 
1.300000 94.000000 3 4 4 5 6 7 9 10 10 10 11 11 
1.200000 94.000000 1 2 3 4 6 7 7 7 8 9 9 11 
1.000000 94.000000 2 2 2 4 4 4 5 5 5 7 9 10 
1.300000 92.000000 1 1 1 2 3 3 4 4 6 6 10 11 
1.300000 93.000000 1 1 1 2 3 3 4 4 6 7 8 11 
1.200000 93.000000 1 2 3 4 5 6 8 9 10 11 12 12 
1.100000 93.000000 1 1 2 2 4 8 9 10 10 11 12 12 
1.100000 92.000000 2 2 4 5 5 6 7 8 8 11 11 12 
1.200000 93.000000 1 1 2 3 6 8 9 10 10 10 11 12 
1.000000 94.000000 1 1 2 2 6 6 7 8 9 10 11 12 
1.100000 96.000000 2 3 5 5 5 6 8 10 11 12 12 12 
1.200000 93.000000 1 2 3 4 7 8 8 9 10 11 11 12 
1.300000 93.000000 1 2 3 3 3 3 4 5 8 9 9 10 
1.300000 95.000000 1 3 4 6 7 7 7 9 10 11 11 12 
1.400000 95.000000 3 3 4 5 7 8 9 10 11 11 12 12 
1.000000 94.000000 2 2 2 4 5 8 9 9 10 10 11 12 
1.100000 95.000000 2 5 5 6 7 8 8 8 9 9 10 12 
1.400000 93.000000 3 4 6 8 8 9 9 10 10 11 11 12 
1.300000 95.000000 1 4 4 5 7 7 7 9 10 10 11 12 
1.300000 91.000000 2 3 4 6 8 9 10 11 11 11 12 12 
1.500000 93.000000 1 1 3 3 3 4 4 6 8 10 11 11 
1.200000 93.000000 1 1 1 2 3 4 5 8 8 8 10 12 
1.200000 96.000000 1 1 3 5 5 10 10 10 12 12 12 12 
1.100000 95.000000 1 2 5 6 6 6 7 7 8 9 9 10 
1.000000 93.000000 1 2 2 2 3 7 7 8 9 9 9 10 
0.900000 96.000000 2 2 2 2 3 5 5 8 9 9 10 12 
1.200000 95.000000 1 4 5 6 7 8 9 10 10 10 10 11 
1.300000 93.000000 1 2 3 3 4 4 5 9 9 10 10 12 
1.000000 94.000000 1 2 2 5 5 7 8 8 8 10 11 12 
1.400000 95.000000 1 1 3 4 4 4 4 5 7 9 10 12 
1.200000 93.000000 1 1 2 3 6 7 8 9 9 10 10 12 
1.200000 94.000000 1 1 2 3 5 7 8 8 8 9 10 12 
1.300000 93.000000 2 3 4 4 5 6 6 8 9 9 10 11 
1.300000 93.000000 1 2 3 3 4 6 8 8 9 9 11 12 
1.100000 94.000000 1 2 3 5 7 7 7 8 9 10 11 12 
0.900000 95.000000 2 2 2 2 4 5 6 6 8 9 11 11 
1.000000 93.000000 2 2 4 5 6 7 7 7 9 11 11 12 
1.400000 96.000000 3 3 4 5 6 6 6 7 9 11 11 12 
1.100000 95.000000 2 3 5 5 5 7 7 8 10 11 12 12 
1.100000 92.000000 1 2 2 3 4 7 7 9 11 11 12 12 
1.100000 92.000000 2 2 2 3 3 8 9 9 10 10 11 11 
1.300000 95.000000 1 1 3 6 6 6 7 9 9 10 12 12 
1.100000 94.000000 2 3 5 6 6 7 7 7 9 9 11 12 
1.200000 94.000000 1 1 2 3 4 5 6 8 9 10 10 12 
1.100000 94.000000 2 4 5 6 7 7 8 10 10 11 11 11 
1.400000 94.000000 1 3 4 4 5 6 8 9 9 10 12 12 
1.100000 94.000000 1 2 2 3 3 5 5 6 7 9 12 12 
1.100000 96.000000 1 2 4 4 5 5 5 8 10 12 12 12 
1.100000 95.000000 1 1 2 3 5 6 7 10 10 10 10 11 
1.500000 94.000000 3 3 4 4 6 8 8 9 11 11 11 12 
1.400000 96.000000 1 1 3 3 3 4 5 7 8 10 11 12 
1.300000 92.000000 1 2 3 3 4 6 6 9 11 11 12 12 
1.100000 93.000000 2 2 4 4 4 5 7 9 10 10 11 11 
1.100000 93.000000 2 4 5 6 7 7 7 10 11 11 11 12 
1.200000 94.000000 1 2 4 4 5 5 6 7 10 11 12 12 
1.300000 96.000000 1 1 1 3 3 5 6 6 7 8 8 10 
1.500000 102.000000 3 4 5 5 5 7 8 8 8 11 12 12 
1.300000 95.000000 1 3 4 4 5 7 7 8 9 10 10 11 
1.600000 97.000000 1 3 4 4 4 5 8 8 8 11 11 12 
1.400000 95.000000 1 3 3 3 4 5 6 6 7 9 9 10 
1.200000 94.000000 1 1 1 2 3 4 6 6 6 7 10 11 
1.300000 95.000000 1 1 7 7 7 8 8 8 9 10 11 12 
1.000000 96.000000 1 2 2 3 5 5 6 6 6 8 8 9 
1.100000 93.000000 1 1 2 2 4 6 7 8 10 10 11 11 
1.400000 92.000000 1 2 3 3 4 4 6 8 9 11 11 12 
1.300000 93.000000 1 2 3 3 3 6 8 8 9 9 11 12 
1.100000 92.000000 1 1 2 2 3 3 6 7 7 8 11 11 
1.200000 95.000000 1 1 3 5 6 7 7 9 10 10 10 12 
1.300000 95.000000 1 4 6 6 7 7 8 9 9 10 11 12 
1.400000 96.000000 1 4 4 4 5 5 6 6 8 10 11 12 
1.000000 96.000000 2 2 4 5 5 6 6 6 8 11 11 12 
1.400000 97.000000 1 3 4 5 5 6 6 6 8 9 12 12 
1.100000 95.000000 1 2 5 5 5 6 7 7 8 8 10 12 
1.300000 96.000000 1 1 3 3 4 4 5 5 7 8 10 10 
1.300000 95.000000 1 4 6 6 7 7 8 9 10 11 11 12 
1.000000 95.000000 1 2 2 5 6 6 7 9 10 10 11 12 
1.100000 94.000000 1 1 1 2 2 4 4 5 6 6 6 12 
1.200000 91.000000 1 1 2 2 3 4 4 6 7 8 11 11 
1.200000 94.000000 2 3 3 5 5 6 8 9 9 10 10 12 
1.400000 100.000000 1 3 3 4 5 5 5 6 7 7 12 12 
1.200000 95.000000 3 5 5 6 8 9 9 10 10 10 10 12 
1.300000 97.000000 1 1 3 4 4 5 5 6 7 10 12 12 
1.200000 94.000000 2 3 5 6 8 9 9 9 10 12 12 12 
1.300000 95.000000 4 5 6 6 6 7 7 9 10 11 11 12 
1.300000 93.000000 1 1 1 2 4 4 6 8 8 9 12 12 
1.100000 94.000000 2 2 4 4 4 5 6 9 9 10 10 11 
1.200000 93.000000 1 2 2 3 3 3 5 6 8 9 9 10 
1.300000 95.000000 1 3 4 5 7 8 9 9 10 12 12 12 
1.300000 93.000000 1 1 2 3 4 4 5 8 8 9 10 12 
1.300000 94.000000 1 1 3 6 6 7 9 9 10 10 12 12 
1.400000 94.000000 3 4 6 6 7 8 9 9 9 10 11 12 
1.100000 94.000000 2 4 5 6 6 7 8 9 10 11 11 12 
1.200000 95.000000 1 4 5 6 7 7 9 10 10 11 12 12 
1.100000 95.000000 2 4 5 5 5 7 10 10 10 11 12 12 
1.100000 93.000000 1 2 2 4 5 6 7 8 9 10 11 12 
1.000000 94.000000 2 2 3 5 5 7 7 9 9 10 10 12 
1.300000 90.000000 2 2 3 3 3 4 9 10 11 11 11 12 
1.200000 94.000000 1 1 2 4 4 5 6 8 9 10 10 12 
1.500000 94.000000 1 1 3 3 4 6 8 8 9 9 12 12 
1.000000 93.000000 1 2 2 2 5 7 7 7 9 10 11 12 
1.100000 92.000000 2 2 2 3 4 6 8 9 9 9 11 12 
1.300000 92.000000 2 3 3 3 3 3 6 9 9 10 11 11 
1.300000 94.000000 1 1 1 2 3 4 4 6 7 7 11 12 
1.400000 95.000000 1 1 4 4 4 7 7 9 9 10 12 12 
1.100000 95.000000 1 2 3 5 5 6 9 10 10 10 12 12 
1.200000 94.000000 1 2 4 4 5 6 6 7 8 8 11 11 
1.300000 92.000000 1 2 3 3 3 4 8 9 9 10 11 12 
1.300000 96.000000 1 3 3 5 5 6 6 7 7 7 9 10 
1.400000 93.000000 3 4 4 4 5 6 9 10 10 10 11 11 
1.300000 92.000000 1 2 3 3 4 4 6 7 10 11 11 11 
1.200000 93.000000 1 2 3 3 5 6 8 9 10 10 11 12 
1.100000 94.000000 1 2 4 6 6 7 7 9 9 10 11 12 
1.300000 93.000000 1 1 2 3 3 4 7 8 8 9 10 11 
1.200000 95.000000 1 1 2 3 3 4 5 5 7 7 8 12 
1.300000 97.000000 4 5 5 6 7 8 8 9 11 12 12 12 
1.100000 94.000000 2 4 4 5 5 7 7 10 10 11 11 12 
1.100000 93.000000 1 2 2 4 6 7 9 9 9 10 12 12 
1.200000 93.000000 1 2 4 6 7 7 8 10 11 11 11 12 
1.300000 93.000000 1 2 3 3 4 4 7 8 8 9 9 11 
1.200000 95.000000 3 5 5 6 7 10 10 10 10 11 11 12 
1.200000 94.000000 1 2 4 4 5 6 6 7 9 10 11 12 
1.100000 95.000000 2 4 5 5 6 7 8 8 9 10 11 12 
1.100000 95.000000 2 4 5 5 5 7 7 8 11 12 12 12 
1.400000 96.000000 1 4 6 7 7 7 8 8 9 11 11 12 
1.200000 93.000000 1 1 2 3 6 6 7 8 9 10 11 12 
1.200000 94.000000 1 2 3 4 5 6 6 7 9 9 10 10 
1.400000 96.000000 1 4 4 6 7 7 8 9 11 11 12 12 
1.000000 95.000000 1 2 2 4 5 5 5 7 10 12 12 12 
1.600000 93.000000 1 4 4 4 4 4 8 9 10 11 11 12 
1.400000 94.000000 1 3 4 6 6 7 8 10 11 11 11 12 
1.300000 97.000000 1 3 4 5 5 7 7 7 8 10 11 12 
1.200000 94.000000 2 3 3 3 4 5 7 7 7 9 9 9 
1.300000 96.000000 3 3 4 5 5 5 6 6 8 8 9 10 
1.400000 94.000000 1 1 4 4 4 6 7 9 9 10 10 12 
1.200000 94.000000 1 2 3 4 5 6 7 7 9 10 11 12 
1.200000 93.000000 1 1 2 3 3 5 7 8 10 11 12 12 
1.200000 94.000000 1 2 3 3 3 5 5 8 8 9 10 12 
1.200000 91.000000 1 1 2 2 3 3 4 7 10 11 11 12 
1.200000 91.000000 1 2 2 3 4 4 5 6 8 10 11 11 
1.200000 93.000000 1 2 3 7 8 9 10 10 11 11 12 12 
1.300000 94.000000 3 5 6 6 8 8 9 10 10 11 11 12 
1.000000 93.000000 1 2 2 2 3 5 7 7 8 9 9 10 
0.900000 96.000000 1 1 2 2 2 5 6 7 9 10 10 12 
1.200000 92.000000 1 1 2 2 4 4 4 9 9 10 12 12 
1.400000 94.000000 3 6 6 8 8 8 9 11 11 11 12 12 
1.200000 94.000000 1 2 3 3 4 5 5 6 9 10 12 12 
1.100000 92.000000 2 2 2 3 3 5 5 7 8 8 9 11 
1.400000 96.000000 1 1 3 4 6 6 7 7 7 8 9 9 
1.300000 95.000000 1 3 3 4 5 6 7 9 9 10 12 12 
1.200000 93.000000 1 1 2 3 3 7 7 7 9 10 10 11 
1.300000 93.000000 3 7 8 8 9 10 10 11 11 11 12 12 
1.400000 93.000000 1 3 3 3 6 10 11 11 11 12 12 12 
1.500000 98.000000 1 1 3 3 3 4 4 5 7 8 8 11 
1.500000 93.000000 1 1 4 4 6 8 8 8 9 9 10 12 
1.300000 92.000000 1 2 3 4 6 7 8 8 11 11 11 12 
1.500000 97.000000 1 1 3 4 4 4 5 6 6 8 11 12 
1.500000 93.000000 1 3 3 4 4 6 6 9 9 9 10 12 
1.300000 94.000000 1 3 6 6 8 9 9 9 10 10 10 12 
1.200000 97.000000 1 2 3 3 4 5 5 5 6 6 6 6 
1.400000 94.000000 1 1 3 3 5 6 8 8 8 9 10 12 
1.300000 96.000000 1 3 4 4 5 5 6 6 6 6 9 10 
1.300000 95.000000 4 4 5 6 7 7 9 10 10 11 11 12 
1.300000 94.000000 1 3 4 7 7 8 9 9 10 10 11 12 
1.300000 94.000000 3 3 5 7 7 8 9 9 9 10 10 12 
1.400000 95.000000 1 1 3 3 4 5 6 8 8 9 10 12 
1.400000 94.000000 3 3 3 4 4 5 6 9 9 10 11 12 
1.000000 95.000000 2 2 3 5 5 6 6 7 10 11 11 12 
1.200000 94.000000 2 3 4 5 5 6 7 7 9 10 11 12 
1.000000 96.000000 1 2 2 4 5 5 5 6 6 7 12 12 
1.200000 95.000000 5 6 7 7 7 7 8 8 8 9 9 11 
1.300000 95.000000 1 1 5 6 7 8 8 8 9 10 12 12 
1.100000 94.000000 2 3 5 6 7 8 9 9 10 10 11 12 
1.300000 94.000000 1 1 3 4 7 7 8 9 10 10 11 12 
1.300000 91.000000 2 4 4 6 7 8 8 10 11 11 11 11 
1.200000 94.000000 1 2 3 3 5 6 6 7 7 9 9 12 
1.500000 94.000000 4 4 5 6 6 6 8 8 9 9 9 12 
1.500000 96.000000 1 1 1 3 3 3 4 6 7 8 9 12 
1.400000 94.000000 3 4 4 4 5 5 8 8 10 10 11 11 
1.200000 95.000000 1 5 6 7 8 9 10 10 10 11 12 12 
1.400000 95.000000 1 1 3 4 4 4 6 7 7 9 9 10 
1.200000 95.000000 1 2 3 3 5 5 6 6 6 7 8 11 
1.400000 94.000000 3 4 4 5 7 8 8 9 9 9 10 12 
1.100000 93.000000 1 1 2 2 3 4 8 9 9 10 10 12 
0.900000 96.000000 1 1 2 2 2 6 6 9 9 10 12 12 
1.000000 94.000000 2 2 6 6 7 8 9 9 11 11 12 12 
1.200000 94.000000 1 2 4 4 5 6 8 9 9 10 10 12 
1.100000 92.000000 2 2 3 5 8 8 9 10 11 11 12 12 
1.400000 95.000000 3 3 3 5 6 6 8 8 9 11 11 12 
1.200000 93.000000 1 2 3 3 7 7 9 10 10 11 11 12 
1.200000 93.000000 1 2 3 6 6 7 8 8 8 9 11 11 
1.300000 94.000000 1 1 4 6 6 6 7 8 10 10 11 11 
1.200000 94.000000 1 2 6 6 6 8 8 9 9 9 12 12 
1.200000 93.000000 1 2 3 3 4 5 7 8 9 10 10 11 
1.300000 96.000000 3 4 5 5 6 6 6 8 9 10 11 12 
1.100000 94.000000 1 2 2 3 3 5 5 6 7 10 10 11 
1.100000 91.000000 1 1 2 2 6 7 8 8 8 8 11 11 
1.400000 92.000000 1 2 3 3 3 4 4 5 8 9 11 12 
1.300000 92.000000 2 3 3 4 5 6 6 11 11 11 12 12 
1.400000 99.000000 3 4 5 5 6 7 8 8 11 11 12 12 
1.100000 93.000000 1 2 2 4 4 4 5 7 7 9 10 11 
1.500000 95.000000 1 1 3 3 4 4 6 8 9 11 12 12 
1.400000 95.000000 3 3 4 7 7 7 8 9 9 9 11 12 
1.200000 93.000000 1 1 1 2 3 8 8 10 10 11 12 12 
1.300000 95.000000 3 3 5 5 6 8 8 9 9 10 12 12 
1.200000 94.000000 1 2 4 4 5 5 6 7 7 8 10 11 
1.100000 95.000000 1 2 3 5 5 5 7 7 7 8 10 12 
1.200000 98.000000 1 1 5 5 6 6 6 7 8 8 10 12 
1.100000 93.000000 2 2 3 5 6 8 8 9 10 10 11 11 
1.400000 95.000000 4 4 4 5 5 7 8 9 9 10 12 12 
1.400000 94.000000 3 3 3 3 5 7 8 8 9 9 10 11 
1.200000 95.000000 1 2 3 3 3 4 5 5 5 7 8 12 
1.000000 96.000000 1 2 2 4 4 5 5 9 10 10 10 12 
1.100000 94.000000 1 2 4 5 5 6 7 7 7 10 11 12 
1.100000 96.000000 2 4 5 5 5 6 6 7 8 8 10 11 
1.100000 93.000000 2 2 4 4 4 5 5 6 9 11 12 12 
1.200000 94.000000 1 2 3 3 5 5 6 7 8 8 8 9 
1.200000 93.000000 1 2 3 4 5 6 8 8 10 10 11 11 
1.100000 93.000000 1 2 2 3 5 5 6 6 7 8 11 12 
1.200000 94.000000 1 2 3 4 6 6 7 9 9 10 11 12 
1.200000 94.000000 2 3 3 5 5 6 8 8 9 11 12 12 
1.200000 93.000000 1 2 3 6 7 8 9 9 10 10 11 12 
1.400000 92.000000 2 4 4 4 6 8 8 9 9 11 11 12 
1.300000 95.000000 3 4 4 5 7 7 8 9 9 10 11 12 
1.100000 93.000000 1 2 2 3 4 5 5 6 7 8 9 12 
1.100000 92.000000 1 1 1 2 2 3 3 7 7 8 10 11 
1.200000 95.000000 1 6 7 7 8 9 9 10 11 12 12 12 
1.200000 92.000000 1 1 2 4 6 8 8 10 11 11 12 12 
1.300000 93.000000 1 2 3 3 4 5 6 9 9 12 12 12 
1.200000 93.000000 1 1 2 3 5 8 11 12 12 12 12 12 
1.200000 94.000000 2 4 4 5 5 6 6 8 8 11 11 12 
1.200000 92.000000 2 3 3 7 7 10 11 11 11 11 12 12 
1.300000 95.000000 3 3 5 6 7 7 8 9 9 10 11 12 
1.100000 94.000000 1 2 2 3 4 5 6 6 8 8 9 9 
1.000000 94.000000 2 2 2 3 4 5 5 5 6 7 8 9 
1.000000 95.000000 2 2 3 5 5 6 6 8 9 11 12 12 
1.500000 96.000000 1 1 3 3 3 4 6 7 8 9 11 12 
1.300000 96.000000 1 4 5 6 6 7 10 11 11 12 12 12 
1.500000 95.000000 3 3 3 4 4 4 7 8 9 9 11 11 
1.100000 94.000000 2 5 6 6 7 7 8 9 9 10 11 12 
1.000000 94.000000 1 1 2 2 2 3 4 5 6 8 9 10 
1.200000 93.000000 2 3 4 4 5 9 10 10 11 11 12 12 
1.400000 94.000000 1 1 4 6 8 8 8 9 10 11 12 12 
1.200000 93.000000 2 4 5 6 7 8 9 11 11 12 12 12 
1.000000 94.000000 1 1 2 2 4 5 6 7 7 10 11 12 
1.100000 95.000000 1 2 3 5 5 6 7 8 10 10 10 11 
1.200000 94.000000 1 2 3 4 5 5 6 7 7 10 11 12 
1.400000 96.000000 1 1 3 4 5 6 6 7 8 8 9 12 
1.300000 95.000000 1 4 5 6 6 7 7 8 8 9 9 10 
1.100000 93.000000 1 2 2 3 7 7 8 9 9 9 10 12 
1.200000 93.000000 1 2 4 4 5 7 8 9 10 11 12 12 
1.300000 96.000000 3 4 4 5 5 5 7 8 10 10 11 12 
1.400000 94.000000 3 6 6 6 7 8 8 8 9 9 11 11 
1.100000 94.000000 1 2 2 4 4 5 5 6 6 9 12 12 
1.000000 94.000000 2 2 4 5 7 8 9 9 10 10 11 12 
1.100000 95.000000 1 1 2 4 5 6 6 6 7 7 10 11 
1.300000 95.000000 1 4 4 4 5 5 7 8 8 10 10 11 
1.300000 94.000000 1 3 4 5 6 7 8 9 9 10 10 12 
1.000000 95.000000 2 2 4 5 6 6 7 9 9 10 11 12 
1.200000 94.000000 1 2 3 4 5 6 7 8 8 9 9 10 
1.200000 94.000000 1 2 3 6 6 6 6 8 9 9 10 11 
1.500000 93.000000 1 3 3 4 4 6 8 8 9 10 11 11 
1.000000 93.000000 1 2 2 2 5 7 8 8 9 10 11 12 
1.400000 93.000000 3 3 4 4 5 6 9 10 10 11 11 12 
1.300000 95.000000 3 5 7 7 8 8 9 9 10 11 12 12 
1.200000 94.000000 2 3 3 4 5 5 6 7 7 7 9 9 
1.200000 93.000000 1 2 3 3 5 7 8 8 9 10 11 12 
1.200000 94.000000 1 2 3 3 4 4 5 5 6 7 9 10 
1.000000 97.000000 2 5 5 6 9 9 10 10 10 12 12 12 
1.000000 93.000000 1 1 2 2 7 7 8 9 10 11 12 12 
1.100000 94.000000 1 1 2 4 7 9 10 10 10 11 12 12 
1.300000 96.000000 1 3 5 6 6 7 7 7 8 10 11 11 
1.400000 98.000000 1 3 3 5 6 7 8 11 11 12 12 12 
1.300000 93.000000 2 3 3 3 4 5 8 9 9 9 10 10 
1.200000 95.000000 2 3 3 3 5 5 6 6 7 9 9 12 
1.000000 92.000000 1 2 2 2 7 7 7 8 8 9 9 11 
1.100000 93.000000 1 2 2 4 4 5 5 8 10 11 12 12 
1.300000 93.000000 1 1 2 3 4 4 4 5 6 6 9 10 
1.300000 91.000000 2 2 3 4 4 4 8 9 9 11 11 12 
1.200000 94.000000 1 1 2 4 4 5 6 6 8 10 11 12 
1.300000 96.000000 1 4 5 6 6 6 7 7 8 9 10 11 
1.300000 94.000000 1 1 4 6 6 7 8 10 10 11 11 12 
1.000000 94.000000 1 2 2 2 3 6 6 8 9 10 11 11 
1.000000 93.000000 1 1 2 2 2 4 7 8 9 9 10 12 
1.400000 95.000000 1 3 3 3 4 4 5 6 7 10 11 11 
1.300000 94.000000 4 4 6 7 8 9 10 10 11 11 11 12 
1.200000 92.000000 2 2 3 4 4 5 6 7 8 9 11 11 
1.300000 96.000000 1 3 3 5 7 7 7 7 8 9 10 11 
0.900000 94.000000 1 2 2 2 2 4 5 7 7 9 9 10 
1.300000 92.000000 1 1 2 4 6 8 8 8 9 11 12 12 
1.200000 92.000000 2 2 3 4 4 8 9 9 9 10 10 11 
1.200000 93.000000 2 3 3 5 7 8 8 9 9 10 11 12 
1.100000 94.000000 1 2 4 6 7 7 7 9 9 9 10 12 
1.200000 95.000000 4 5 5 7 8 8 9 9 10 10 12 12 
1.000000 94.000000 1 2 2 2 3 4 5 5 8 8 10 11 
0.900000 96.000000 1 1 2 2 2 6 8 9 10 11 12 12 
1.200000 93.000000 2 3 8 8 9 9 10 10 10 11 11 12 
1.100000 94.000000 1 2 2 3 4 4 5 5 6 7 8 9 
1.500000 94.000000 3 3 3 4 4 5 8 9 9 10 11 12 
1.000000 94.000000 2 2 2 3 5 6 8 8 9 9 10 11 
1.400000 99.000000 1 3 3 3 5 5 6 6 7 7 8 11 
1.100000 91.000000 1 1 1 2 2 2 3 3 8 8 10 11 
0.900000 96.000000 2 2 2 5 8 8 9 9 10 10 11 12 
1.000000 98.000000 2 5 5 5 6 6 8 8 8 9 10 10 
1.200000 95.000000 1 3 5 6 6 6 7 7 9 10 10 11 
1.300000 93.000000 2 3 3 3 4 5 5 6 8 9 10 11 
1.200000 91.000000 2 2 3 3 5 8 8 9 10 11 11 12 
1.200000 94.000000 4 5 6 8 9 9 10 10 10 10 11 12 
1.100000 93.000000 1 2 2 4 4 7 7 9 9 10 11 12 
1.300000 88.000000 1 2 2 4 4 8 8 8 11 11 11 12 
1.400000 94.000000 1 1 3 6 6 6 8 8 8 9 10 11 
1.300000 97.000000 4 5 5 6 6 7 7 8 10 11 11 12 
1.400000 93.000000 1 1 2 3 4 4 4 6 8 9 9 12 
1.200000 92.000000 1 2 2 3 3 4 7 9 10 10 11 11 
1.200000 94.000000 1 2 3 3 6 6 7 7 9 9 10 11 
1.100000 95.000000 1 2 5 6 6 6 8 9 10 11 12 12 
1.000000 96.000000 2 2 3 5 5 6 6 6 9 10 11 12 
1.100000 91.000000 2 2 2 4 4 5 7 8 9 11 11 12 
1.300000 96.000000 3 3 4 5 5 7 10 11 11 12 12 12 
1.300000 94.000000 1 2 3 3 3 4 4 5 7 9 11 12 
1.100000 94.000000 1 2 4 5 7 10 10 10 11 11 12 12 
1.300000 92.000000 1 2 3 3 4 4 5 6 8 10 11 11 
1.300000 93.000000 1 1 1 2 3 4 4 6 6 6 6 11 
1.100000 94.000000 1 2 6 8 8 9 10 10 11 11 12 12 
