0.500000 44.000000 2 3 3 4 4 5 6 6 7 8 13 13 14 14 16 16 16 17 18 19 20 20 22 23 25 26 26 27 
0.500000 46.000000 1 1 1 2 2 3 4 6 6 9 9 9 9 9 10 14 16 17 20 21 22 23 24 24 24 24 24 25 
0.500000 41.000000 1 1 1 2 2 5 6 7 8 9 9 10 10 12 12 12 14 15 16 21 24 25 25 26 26 27 27 28 
0.400000 46.000000 1 1 3 3 3 3 3 4 4 5 6 6 7 7 7 9 9 9 12 15 15 18 19 22 22 22 24 28 
0.500000 53.000000 2 2 3 4 4 5 5 5 7 8 8 10 12 12 15 16 16 17 18 20 21 22 23 23 23 24 24 28 
0.700000 63.000000 1 4 4 5 5 7 8 9 9 10 10 10 11 13 14 15 15 17 18 18 19 22 23 24 24 26 28 28 
0.500000 47.000000 1 1 2 5 6 7 8 9 10 11 11 11 11 12 13 13 15 16 20 20 20 21 24 24 24 26 27 27 
0.500000 43.000000 1 1 1 2 3 3 4 6 7 8 9 10 10 10 14 16 16 17 19 20 20 22 25 25 25 28 28 28 
0.400000 48.000000 2 3 3 5 5 5 5 7 8 11 12 12 13 14 16 16 16 17 18 18 20 22 24 25 25 25 27 27 
0.400000 51.000000 1 4 5 5 6 8 8 9 10 10 11 12 13 13 15 17 17 17 18 19 20 21 21 21 23 24 25 27 
0.400000 43.000000 4 4 6 8 8 9 12 13 14 15 15 16 16 17 18 20 20 22 22 22 23 24 25 25 25 26 27 28 
0.400000 42.000000 2 4 5 6 8 8 9 11 11 11 12 13 15 15 18 19 19 20 21 21 22 22 24 25 26 26 27 28 
0.500000 47.000000 1 1 2 2 2 3 4 4 7 7 7 9 10 11 11 13 13 14 15 16 22 23 24 24 24 27 28 28 
0.400000 40.000000 1 2 3 5 6 6 7 7 8 9 10 11 12 12 12 13 14 15 15 17 17 22 22 23 25 26 27 28 
0.400000 45.000000 3 4 6 6 7 7 8 8 9 10 11 12 12 13 13 14 15 15 17 18 18 21 21 22 23 24 26 27 
0.500000 50.000000 2 3 3 4 4 5 5 6 7 7 8 11 11 13 14 16 16 16 16 17 17 19 21 23 23 25 27 28 
0.400000 33.000000 6 6 7 11 11 11 12 13 13 13 14 14 16 16 17 19 19 20 21 22 22 23 24 27 27 27 28 28 
0.500000 50.000000 1 4 5 6 6 8 8 8 9 10 10 10 10 11 15 16 16 17 18 20 20 20 23 24 25 25 26 27 
0.400000 39.000000 2 3 4 5 9 9 12 12 13 13 14 17 17 18 19 19 19 20 21 21 21 22 22 24 25 26 27 28 
0.400000 45.000000 4 5 6 7 7 8 8 8 9 9 11 12 12 14 15 18 18 18 19 19 19 22 22 24 24 25 26 26 
0.600000 57.000000 1 1 1 3 3 4 4 4 5 5 6 7 7 9 9 9 9 10 10 11 11 11 17 17 21 24 26 26 
0.400000 48.000000 1 3 5 7 8 9 9 10 10 11 12 14 14 15 16 18 18 19 20 22 22 25 25 26 27 28 28 28 
0.400000 45.000000 1 2 3 4 5 6 6 8 8 9 11 14 15 15 15 17 18 19 19 19 21 21 21 22 23 24 24 26 
0.500000 53.000000 4 4 5 5 5 5 6 7 10 13 14 14 15 15 15 19 20 22 23 23 24 24 24 25 26 27 27 28 
0.400000 42.000000 1 2 4 7 7 10 11 11 12 13 14 14 14 14 15 17 17 17 18 19 19 19 21 25 26 26 26 27 
0.500000 50.000000 2 2 3 3 4 5 6 9 9 10 11 11 14 15 16 16 16 18 18 19 19 20 24 24 25 26 26 27 
0.500000 44.000000 1 2 4 5 5 5 7 8 11 12 13 16 16 16 17 17 19 19 20 20 21 23 24 24 25 25 26 26 
0.400000 42.000000 1 1 3 3 8 10 13 13 14 14 14 14 15 15 16 18 19 19 19 20 22 23 24 25 25 26 27 28 
0.400000 43.000000 1 1 3 5 6 6 7 7 8 12 13 15 15 17 17 18 18 18 18 20 21 22 23 24 25 25 26 26 
0.400000 43.000000 1 2 3 5 6 6 8 8 9 9 10 12 12 15 15 16 18 20 21 22 23 23 23 24 25 27 27 28 
0.400000 38.000000 1 1 1 1 1 3 4 4 8 8 9 10 10 13 14 15 17 19 19 20 20 21 22 22 24 25 26 27 
0.500000 54.000000 2 4 4 4 5 7 8 9 10 11 11 11 12 14 15 16 17 18 19 19 20 21 23 26 26 27 28 28 
0.400000 43.000000 1 1 2 2 4 5 5 6 7 7 8 11 14 17 17 17 18 18 20 20 21 22 22 23 24 25 26 28 
0.500000 53.000000 1 2 7 7 8 8 9 9 9 10 11 11 13 13 13 14 15 17 18 19 19 23 23 24 24 25 26 28 
0.500000 53.000000 4 4 5 5 6 7 9 9 9 11 13 15 16 17 18 19 20 20 22 23 23 24 25 26 27 28 28 28 
0.500000 50.000000 2 2 2 2 2 3 4 5 9 9 10 11 11 11 12 13 14 16 18 18 19 22 24 24 24 26 28 28 
0.500000 48.000000 3 4 4 6 6 7 7 9 9 9 10 12 13 14 17 17 18 20 20 21 22 22 23 23 24 26 26 27 
0.500000 37.000000 1 2 2 3 5 5 6 6 6 7 8 9 10 12 12 14 20 20 20 20 22 23 25 26 26 27 27 28 
0.400000 41.000000 1 1 1 2 5 6 6 6 7 8 8 9 9 12 13 15 16 17 18 18 18 19 23 23 26 26 27 27 
0.400000 48.000000 1 2 2 5 5 7 7 8 9 9 11 12 15 15 15 18 20 20 21 22 22 24 25 26 27 27 27 28 
0.400000 27.000000 1 1 3 3 4 4 6 7 8 8 8 11 12 12 12 12 13 16 18 19 20 21 21 22 23 25 28 28 
0.600000 44.000000 2 4 4 4 7 8 9 12 12 13 13 20 22 23 23 23 24 24 25 25 25 25 25 25 26 27 27 28 
0.400000 40.000000 1 3 4 5 5 6 7 8 9 13 13 14 14 14 16 17 20 21 21 22 22 22 24 25 25 26 27 28 
0.400000 50.000000 1 3 4 4 5 6 8 8 9 10 11 13 14 15 16 16 16 17 17 18 19 19 21 21 23 25 28 28 
0.400000 43.000000 1 2 2 3 3 3 4 5 6 7 7 8 11 11 14 14 14 18 18 19 21 22 22 24 25 25 27 28 
0.400000 45.000000 1 1 3 3 3 4 6 6 7 9 9 9 13 13 14 14 16 17 17 18 18 19 20 21 21 22 26 27 
0.400000 40.000000 2 4 5 5 6 8 8 9 9 10 10 12 13 16 17 19 20 20 21 21 22 22 23 23 26 28 28 28 
0.500000 47.000000 2 5 7 7 9 9 10 11 11 12 16 16 17 19 19 20 20 21 22 23 23 23 24 26 27 27 28 28 
0.500000 44.000000 2 3 4 4 6 7 7 10 11 11 11 12 12 18 18 20 21 22 23 24 24 25 25 25 26 28 28 28 
0.400000 52.000000 2 3 4 5 5 5 5 6 8 8 8 9 9 9 10 11 12 13 15 15 17 20 21 22 22 22 26 28 
0.400000 20.000000 1 2 3 3 7 8 11 12 12 12 13 14 14 15 16 18 18 18 19 19 21 22 22 22 24 27 27 28 
0.400000 51.000000 2 4 5 6 7 8 8 10 13 13 15 17 18 18 18 18 18 19 19 21 22 22 23 24 25 27 28 28 
0.400000 38.000000 1 1 3 3 3 4 5 6 6 6 7 7 8 9 11 11 12 12 12 15 17 18 19 20 21 22 27 28 
0.500000 29.000000 2 3 3 6 6 6 6 10 11 12 12 12 12 13 13 14 18 20 21 21 22 22 23 24 24 27 27 28 
0.400000 41.000000 2 2 3 5 6 8 12 12 12 12 14 14 15 17 17 18 18 18 19 19 21 21 22 22 24 24 25 28 
0.400000 50.000000 2 7 8 9 9 9 10 11 11 12 12 12 13 15 15 17 17 18 19 21 22 23 23 24 25 27 28 28 
0.400000 43.000000 1 2 3 4 5 5 6 6 6 7 7 8 8 9 12 13 14 15 15 16 17 17 21 23 25 25 26 27 
0.700000 60.000000 3 5 7 9 10 10 10 11 11 14 14 15 15 16 17 19 19 20 20 20 23 23 23 24 26 26 27 28 
0.500000 34.000000 1 2 4 5 6 6 7 8 10 10 11 12 13 14 14 16 19 19 20 21 21 22 24 26 26 26 27 28 
0.400000 40.000000 2 6 6 7 8 8 9 9 11 12 12 12 13 14 14 14 16 17 18 20 21 22 23 24 25 27 28 28 
0.400000 38.000000 2 2 3 3 5 5 5 6 7 8 8 9 12 12 13 14 15 16 19 20 21 21 22 22 23 26 28 28 
0.400000 45.000000 1 4 4 5 6 6 9 10 11 13 14 14 15 17 18 19 20 20 20 20 22 24 25 27 28 28 28 28 
0.500000 59.000000 1 3 3 4 5 7 9 10 10 11 12 14 15 15 16 17 18 18 20 20 20 22 22 22 24 24 27 27 
0.500000 50.000000 2 2 5 5 5 6 7 7 7 8 8 9 11 14 14 14 15 18 20 22 23 23 24 25 26 26 27 28 
0.400000 35.000000 1 2 3 3 3 5 5 6 6 7 10 11 13 13 16 18 19 20 20 21 21 22 25 25 26 27 27 27 
0.500000 36.000000 1 1 1 2 5 6 7 10 10 13 13 14 16 17 19 20 20 21 21 22 24 24 25 25 26 26 26 27 
0.500000 49.000000 2 2 5 6 7 8 8 8 8 10 10 10 11 11 14 14 15 15 16 16 20 20 23 24 25 25 26 27 
0.400000 40.000000 1 5 6 6 6 6 6 8 8 9 10 10 10 12 13 14 14 15 15 19 23 25 25 27 28 28 28 28 
0.500000 49.000000 2 3 3 5 5 6 8 10 10 11 11 12 12 13 14 15 16 17 17 18 20 20 21 23 23 25 26 26 
0.500000 45.000000 2 2 3 4 4 4 6 8 9 9 12 12 14 15 15 16 20 22 22 22 23 24 24 24 25 25 26 28 
0.400000 47.000000 1 1 1 1 2 3 3 3 4 4 5 5 5 6 7 8 10 11 14 15 16 17 17 20 21 22 25 28 
0.400000 44.000000 2 3 4 6 6 8 8 9 9 10 10 11 12 13 13 15 16 16 17 18 19 19 20 21 23 24 28 28 
0.400000 44.000000 1 2 3 3 4 4 6 9 9 13 13 13 13 13 14 15 15 16 19 19 22 22 23 27 27 28 28 28 
0.400000 48.000000 3 4 5 5 7 7 8 11 12 12 14 15 16 18 18 19 20 20 21 21 22 23 24 25 27 27 27 28 
0.400000 48.000000 1 4 5 5 8 8 8 11 11 13 14 14 14 15 16 16 16 18 18 19 21 22 23 25 26 26 27 28 
0.400000 47.000000 1 3 3 5 7 8 9 9 9 11 11 12 13 14 16 16 18 18 21 21 22 22 23 24 25 26 27 28 
0.400000 49.000000 1 1 1 8 8 9 9 10 11 12 15 15 16 16 16 17 17 18 18 20 20 21 21 22 24 25 26 27 
0.600000 54.000000 1 3 3 4 5 5 7 8 9 10 11 11 13 15 16 16 20 20 20 21 21 21 23 24 24 24 25 26 
0.400000 47.000000 1 1 1 2 4 6 7 8 9 9 10 10 12 14 14 15 17 17 18 20 21 22 23 23 24 27 28 28 
0.400000 44.000000 1 2 3 4 4 5 6 6 6 8 8 11 13 14 15 15 16 17 17 18 19 21 22 23 24 25 25 27 
0.400000 41.000000 1 1 2 3 5 5 7 8 9 10 11 11 12 13 14 14 16 16 18 21 21 23 25 26 26 27 28 28 
0.400000 49.000000 2 3 3 3 4 4 5 5 6 7 7 9 9 10 12 12 13 14 14 15 17 18 20 20 24 25 27 28 
0.500000 42.000000 1 1 3 3 4 6 7 8 9 11 12 14 14 14 15 19 19 19 20 22 22 23 24 24 25 25 26 28 
0.400000 38.000000 1 2 2 2 6 7 7 8 10 12 12 12 13 14 14 15 15 17 18 22 22 23 24 24 25 27 27 28 
0.500000 57.000000 1 1 3 3 5 5 5 5 7 8 8 10 11 14 15 16 16 16 18 18 19 20 23 23 24 24 25 27 
0.400000 41.000000 1 1 3 3 5 6 8 8 8 12 13 13 13 13 14 14 15 16 18 20 20 23 23 24 25 25 25 27 
0.400000 46.000000 3 5 5 6 6 6 7 8 11 12 13 13 14 14 16 17 17 18 18 18 22 23 23 23 24 25 27 28 
0.500000 56.000000 1 5 7 8 8 9 9 10 11 11 12 12 14 16 16 16 17 17 18 20 20 20 21 23 24 25 27 27 
0.400000 47.000000 2 2 3 3 5 6 8 8 8 10 10 11 11 12 13 14 14 16 16 17 17 18 19 20 20 20 21 23 
0.500000 46.000000 2 5 6 7 8 9 9 9 16 16 17 18 19 20 21 21 21 21 22 22 24 24 24 25 25 25 28 28 
0.500000 44.000000 1 2 2 4 5 6 6 6 8 8 8 9 9 10 10 10 13 16 17 19 20 20 23 23 24 25 26 28 
0.400000 40.000000 2 4 5 6 6 6 7 9 11 12 14 14 16 16 16 16 17 17 18 19 22 23 25 26 27 27 27 27 
0.500000 53.000000 4 5 6 6 7 9 9 10 10 10 11 11 12 14 14 15 16 16 17 17 17 18 19 21 24 24 26 26 
0.500000 46.000000 1 2 7 8 8 9 9 10 10 12 12 15 16 16 17 17 20 20 20 20 20 21 22 24 24 25 25 28 
0.400000 38.000000 1 2 3 4 5 5 6 6 6 8 11 12 12 13 14 16 16 17 18 18 19 22 23 23 24 26 28 28 
0.500000 50.000000 2 2 8 9 10 10 10 12 13 13 14 15 16 17 17 18 19 20 20 22 22 23 23 24 24 24 25 27 
0.400000 52.000000 3 3 3 3 4 4 7 8 8 9 10 11 11 11 12 13 13 14 14 18 18 19 20 20 20 22 22 28 
0.500000 38.000000 1 1 2 3 3 4 5 5 6 7 10 10 11 12 12 12 15 16 16 19 21 22 22 24 24 26 26 27 
0.400000 44.000000 1 2 3 3 3 4 4 5 6 7 8 8 9 9 11 11 14 16 16 16 18 22 23 25 25 25 26 28 
0.500000 50.000000 1 2 4 5 7 8 8 8 9 10 10 11 13 13 13 15 15 15 16 17 19 21 22 23 25 26 26 26 
0.500000 41.000000 1 2 3 5 6 7 9 12 12 12 14 14 14 15 16 20 21 23 24 24 25 25 25 25 26 27 27 28 
0.400000 43.000000 1 2 4 7 7 7 8 8 10 10 11 12 14 18 18 18 18 19 20 20 23 23 24 25 26 26 27 27 
0.400000 46.000000 1 3 5 5 6 6 7 8 8 9 9 11 13 14 15 15 17 19 19 19 19 20 22 22 24 24 25 28 
0.400000 47.000000 2 3 4 6 6 6 9 10 11 12 14 14 14 15 15 15 17 18 18 19 20 20 23 24 24 24 27 28 
0.400000 40.000000 1 1 2 2 3 5 6 8 9 10 12 13 14 16 17 17 17 18 20 21 21 22 23 25 25 25 26 28 
0.500000 53.000000 3 3 4 4 4 5 5 7 7 10 11 12 14 15 15 16 16 19 21 21 22 23 24 24 25 27 27 28 
0.500000 47.000000 2 2 3 5 6 7 9 10 11 13 13 14 15 15 16 19 21 22 23 23 23 23 24 26 27 27 28 28 
0.400000 39.000000 1 1 2 2 7 8 10 11 13 13 14 14 14 16 16 16 17 18 19 20 21 25 25 26 27 27 27 28 
0.400000 44.000000 1 5 6 8 9 9 10 12 14 15 15 16 17 17 19 19 19 20 20 21 22 22 23 23 26 27 28 28 
0.500000 40.000000 4 6 6 6 6 6 7 7 9 11 11 12 13 13 16 18 20 21 21 24 24 25 25 27 27 27 27 28 
0.400000 44.000000 1 2 4 5 5 7 8 8 9 9 13 14 14 17 17 19 20 20 21 21 22 23 25 25 25 26 27 28 
0.400000 39.000000 1 2 3 3 5 6 7 7 8 9 10 11 12 12 14 14 16 16 17 18 19 19 20 22 23 24 26 27 
0.400000 43.000000 1 1 2 3 4 4 5 7 10 12 14 15 17 17 18 20 21 21 22 23 24 24 25 25 25 25 27 28 
0.400000 53.000000 1 3 3 5 7 7 8 10 11 11 12 12 14 15 15 15 17 18 18 20 20 20 21 23 24 25 27 27 
0.500000 40.000000 1 2 3 3 6 7 7 7 8 10 10 11 13 14 16 16 17 17 19 20 20 21 23 23 23 25 26 28 
0.400000 44.000000 2 5 6 6 6 7 7 8 10 11 13 13 14 14 15 15 17 18 18 22 24 25 25 25 27 27 28 28 
0.500000 44.000000 2 4 5 7 7 8 8 11 11 11 12 13 13 14 17 17 19 20 20 21 21 21 21 21 23 26 26 28 
0.500000 54.000000 4 4 5 6 6 7 7 9 9 10 11 11 11 13 14 14 17 18 19 20 20 22 24 24 24 27 27 28 
0.500000 40.000000 1 1 6 6 7 7 7 8 11 11 14 15 16 17 18 20 21 21 22 23 24 25 25 25 26 26 26 27 
0.500000 36.000000 1 3 3 6 6 6 8 9 10 11 12 13 13 14 15 17 19 20 20 20 21 22 22 22 25 26 26 26 
0.500000 43.000000 2 3 4 4 4 6 7 7 7 8 8 9 11 12 13 13 14 14 19 21 22 24 25 25 25 26 28 28 
0.400000 31.000000 4 6 6 7 7 7 8 8 10 10 11 15 16 21 21 22 22 22 22 22 23 23 23 24 27 27 27 28 
0.500000 44.000000 1 2 3 4 4 5 6 6 7 7 8 9 10 12 12 12 14 15 16 16 16 17 17 20 25 26 26 28 
0.400000 38.000000 1 3 4 4 5 5 5 6 7 8 12 12 13 14 16 18 19 21 21 21 22 25 25 26 27 27 27 28 
0.500000 52.000000 1 2 3 5 7 8 9 9 10 10 10 12 12 13 15 16 16 17 18 19 20 22 23 23 24 26 27 28 
0.500000 42.000000 1 2 5 6 6 7 9 10 11 13 15 16 16 17 17 19 20 20 21 21 25 25 25 26 26 27 28 28 
0.400000 35.000000 1 1 1 3 5 5 5 6 6 6 6 7 8 8 12 15 16 18 19 20 21 22 23 24 25 26 27 27 
0.400000 43.000000 1 1 2 3 4 5 6 7 11 12 12 14 14 15 16 17 17 17 18 19 21 22 23 24 24 25 25 27 
0.400000 38.000000 4 4 4 4 6 6 8 8 8 10 10 10 11 11 12 12 12 14 14 19 20 21 22 22 24 24 27 28 
0.400000 44.000000 1 1 1 1 2 3 3 4 6 6 9 10 11 14 14 15 15 15 16 16 17 18 22 22 26 28 28 28 
0.400000 42.000000 2 3 4 5 6 10 10 11 11 12 13 15 17 17 18 19 19 20 20 21 22 23 23 25 26 28 28 28 
0.500000 58.000000 1 7 7 9 10 10 10 11 11 12 12 13 14 14 16 17 17 17 18 18 18 19 19 20 24 26 27 28 
0.500000 55.000000 3 4 4 5 5 5 6 9 10 10 11 11 14 15 16 18 19 22 22 22 23 23 24 24 26 27 27 28 
0.400000 33.000000 1 3 3 5 6 6 8 10 11 12 12 16 17 18 18 19 20 21 21 21 21 21 22 24 25 25 26 27 
0.400000 48.000000 1 2 3 3 4 4 4 6 8 8 9 10 12 14 15 15 17 18 18 18 19 22 22 22 23 24 25 26 
0.400000 45.000000 1 3 3 4 4 6 7 9 9 9 9 12 12 12 13 13 17 17 18 18 19 19 20 25 25 26 27 28 
0.400000 34.000000 1 2 2 3 3 4 5 7 8 9 13 14 14 15 19 19 19 20 21 22 22 22 23 23 26 27 27 28 
0.400000 38.000000 1 2 2 3 3 4 6 7 8 11 11 11 11 11 15 15 19 19 20 21 22 22 23 23 26 28 28 28 
0.500000 55.000000 3 5 8 9 10 10 12 12 13 14 14 15 15 16 16 17 18 19 19 20 20 21 22 23 24 26 27 28 
0.400000 41.000000 1 5 6 6 7 7 8 9 9 10 10 11 12 16 17 17 18 19 19 20 22 22 23 23 26 27 27 28 
0.500000 55.000000 2 2 4 4 4 4 5 7 10 10 11 11 11 12 14 15 16 17 17 17 18 20 21 25 26 27 28 28 
0.500000 43.000000 1 1 2 2 3 5 6 6 6 8 8 9 9 10 12 13 14 14 16 16 17 17 20 23 23 25 26 28 
0.400000 38.000000 2 2 3 7 8 9 10 10 11 12 15 17 18 18 19 19 20 20 20 21 21 22 23 23 24 26 26 28 
0.400000 43.000000 1 4 4 6 7 8 9 9 10 10 10 11 12 13 14 17 18 20 21 22 23 24 25 25 26 27 28 28 
0.400000 48.000000 1 2 5 5 6 9 10 10 11 14 14 14 15 17 17 19 19 19 20 21 22 23 23 27 28 28 28 28 
0.400000 29.000000 1 2 6 6 8 8 8 10 10 10 11 12 12 14 16 16 18 19 19 20 20 20 21 23 26 26 27 28 
0.500000 45.000000 1 2 2 2 4 5 5 6 8 9 9 12 12 13 13 13 15 16 16 17 19 20 25 26 26 27 28 28 
0.300000 38.000000 2 3 3 4 5 6 6 8 8 9 9 11 13 13 15 16 16 16 18 18 19 19 21 22 25 27 27 28 
0.400000 46.000000 1 4 4 5 5 5 5 6 6 8 10 11 12 13 13 15 15 17 19 19 22 24 24 25 25 27 28 28 
0.500000 48.000000 1 1 2 2 4 4 6 8 11 12 13 14 15 15 15 15 15 17 20 21 23 23 25 26 26 27 28 28 
0.500000 53.000000 3 5 6 7 7 8 10 11 11 11 13 13 14 15 15 16 18 18 19 20 22 22 23 24 26 26 27 28 
0.500000 44.000000 1 2 3 6 7 9 10 11 11 13 14 14 15 15 16 16 19 21 21 22 25 25 26 26 27 27 28 28 
0.500000 58.000000 3 3 4 4 5 8 10 11 11 11 13 15 16 17 17 18 19 20 20 22 22 22 22 22 23 23 24 28 
0.400000 38.000000 1 1 1 1 1 2 2 5 7 7 8 8 8 12 14 15 15 18 19 20 20 21 22 24 24 24 25 27 
0.500000 46.000000 2 4 5 5 5 6 6 9 10 10 10 13 13 14 16 17 17 20 20 21 23 23 24 24 24 25 26 26 
0.400000 45.000000 2 2 2 4 4 6 7 8 10 10 12 15 16 17 17 18 18 18 19 19 20 20 20 22 24 24 24 27 
0.500000 36.000000 1 1 1 2 3 5 5 6 6 6 10 10 11 12 12 16 16 16 20 22 22 25 26 27 27 27 28 28 
0.400000 49.000000 3 3 3 3 5 6 7 7 8 9 9 9 10 11 12 12 13 13 13 14 14 18 18 21 22 25 27 28 
0.400000 45.000000 1 1 1 3 3 5 7 7 8 8 8 10 11 14 14 16 18 18 19 21 23 23 23 24 25 25 25 27 
0.400000 51.000000 1 3 4 4 5 5 5 7 8 8 15 16 16 18 18 18 18 19 20 22 22 22 23 25 26 28 28 28 
0.500000 53.000000 3 4 5 5 6 7 10 10 10 11 12 14 15 15 17 18 20 21 21 21 22 23 23 24 24 24 26 27 
0.400000 41.000000 1 1 2 4 4 6 6 8 8 8 8 9 10 10 10 11 11 13 13 13 13 14 20 21 24 25 28 28 
0.400000 37.000000 1 1 1 2 2 3 6 7 8 8 10 11 12 12 16 16 17 17 18 18 18 19 20 20 22 24 25 26 
0.400000 48.000000 1 3 4 5 5 5 6 7 7 10 12 14 14 14 15 18 18 19 19 19 19 23 26 27 27 27 28 28 
0.500000 45.000000 4 5 6 6 7 9 9 9 10 12 13 16 16 16 17 18 19 21 21 22 24 24 25 25 26 26 28 28 
0.400000 46.000000 1 1 3 4 6 8 8 9 9 12 15 15 15 15 16 17 18 20 23 23 23 24 25 25 25 25 26 27 
0.400000 36.000000 1 2 3 3 3 4 5 6 6 6 8 10 11 12 12 12 12 12 13 14 15 17 17 18 19 19 23 27 
0.500000 51.000000 1 1 2 2 4 4 4 5 7 8 8 9 11 11 11 11 14 14 17 19 20 21 21 24 24 24 24 25 
0.500000 56.000000 2 3 4 4 9 10 11 12 13 14 15 15 15 15 17 17 17 18 19 19 20 20 21 22 23 24 26 26 
0.400000 47.000000 3 4 5 8 10 13 14 15 17 18 18 18 18 19 19 19 19 19 20 21 23 23 23 24 25 26 26 27 
0.600000 58.000000 3 4 6 9 10 10 11 11 11 13 14 14 14 15 15 15 16 17 17 19 20 20 23 24 24 25 28 28 
0.400000 41.000000 4 6 6 7 7 7 8 8 8 9 10 13 15 15 15 18 20 20 21 21 21 22 25 25 26 26 27 28 
0.500000 42.000000 1 3 3 4 4 5 5 6 6 6 6 10 10 12 13 13 15 16 17 19 19 20 21 23 24 24 26 27 
0.400000 46.000000 1 2 3 4 4 5 5 5 6 6 7 8 9 11 13 14 14 15 16 17 17 21 21 23 25 26 28 28 
0.500000 45.000000 1 4 6 7 7 7 7 10 11 12 14 15 15 15 16 16 17 17 19 20 20 22 24 25 26 26 26 27 
0.500000 53.000000 1 2 9 9 9 10 11 11 11 12 12 14 15 15 17 17 18 19 20 21 21 22 23 24 24 24 26 26 
0.400000 48.000000 1 2 3 4 6 8 8 8 8 9 10 11 11 13 14 14 15 16 17 18 18 20 20 20 21 23 25 26 
0.500000 46.000000 1 2 2 2 3 4 5 5 5 7 8 10 13 13 17 18 20 20 20 22 22 23 24 24 25 25 26 27 
0.500000 44.000000 1 1 6 7 8 9 10 10 10 11 12 13 15 16 17 17 18 19 19 19 20 21 23 24 25 26 26 26 
0.400000 42.000000 1 2 2 3 4 5 7 7 8 12 12 12 13 13 13 14 15 16 17 18 18 19 21 22 24 27 28 28 
0.400000 35.000000 1 2 2 2 2 3 4 4 5 9 9 12 13 17 19 19 19 19 21 22 23 23 23 26 27 27 28 28 
0.500000 29.000000 1 2 3 5 7 10 12 12 13 14 16 16 16 17 19 20 20 20 20 21 22 22 23 26 26 27 28 28 
0.500000 51.000000 3 3 4 5 5 5 5 7 7 9 11 12 12 16 18 18 20 20 21 22 24 24 25 25 25 26 27 28 
0.500000 39.000000 2 2 3 5 5 5 5 6 6 7 8 10 10 12 13 13 16 16 19 20 21 21 22 24 26 26 26 27 
0.400000 42.000000 3 4 6 6 10 10 12 13 14 14 15 16 17 17 18 18 19 20 20 21 21 21 24 25 25 27 28 28 
0.500000 42.000000 1 2 2 2 3 5 6 6 10 10 12 13 14 15 15 16 17 18 21 21 22 23 24 24 24 25 26 26 
0.400000 38.000000 1 1 2 3 6 6 6 7 8 14 14 15 15 16 17 17 18 19 19 21 22 23 23 24 25 25 26 28 
0.500000 35.000000 1 2 2 4 6 11 12 12 13 13 14 15 16 17 19 20 20 21 22 23 23 24 25 26 26 26 27 27 
0.400000 36.000000 1 1 1 2 2 3 4 5 6 7 8 9 10 11 12 13 18 19 20 20 22 22 24 25 27 27 27 28 
0.400000 39.000000 4 4 5 8 8 8 10 10 10 11 11 12 12 13 16 16 17 21 21 21 21 22 22 23 23 26 27 28 
0.400000 44.000000 1 3 4 5 5 7 7 8 9 12 12 13 14 15 18 18 20 22 22 23 24 25 25 25 26 27 27 28 
0.400000 44.000000 1 2 2 3 3 5 6 7 8 9 10 12 13 13 15 15 16 17 18 19 20 20 22 23 25 27 28 28 
0.500000 45.000000 1 1 1 1 4 5 6 6 7 8 9 9 10 10 12 14 16 17 18 20 20 21 23 24 24 26 26 27 
0.500000 48.000000 2 4 4 5 5 6 8 10 10 12 14 14 14 15 15 16 17 19 19 19 20 20 24 24 25 26 26 28 
0.400000 40.000000 1 2 2 5 5 6 6 7 11 12 15 16 17 17 18 19 20 20 22 23 23 23 24 25 27 27 27 28 
0.400000 44.000000 1 2 3 4 4 4 5 6 6 7 7 8 10 11 12 12 14 14 15 15 16 17 22 24 25 27 27 28 
0.400000 47.000000 2 3 3 4 4 5 5 5 6 7 8 8 10 10 11 11 11 13 14 16 18 19 21 23 25 26 28 28 
0.400000 46.000000 2 7 7 8 9 9 12 12 14 14 15 15 16 16 17 17 19 20 21 22 23 23 24 25 25 27 27 27 
0.500000 48.000000 1 3 3 3 4 5 5 6 6 7 9 11 11 13 15 15 18 19 19 19 20 22 24 24 25 25 26 26 
0.500000 51.000000 1 1 2 3 4 5 5 5 7 8 8 9 9 11 12 13 15 15 19 20 21 23 24 25 25 26 27 28 
0.500000 50.000000 1 4 4 6 6 7 7 8 9 9 13 13 15 15 15 15 16 16 17 20 20 22 24 24 25 26 27 27 
0.500000 28.000000 1 1 1 2 6 6 7 10 11 11 11 12 12 12 12 12 16 18 19 21 23 24 24 26 27 28 28 28 
0.400000 44.000000 3 7 7 8 9 10 10 10 11 12 12 12 12 13 13 15 16 16 17 18 18 22 22 25 26 27 27 28 
0.400000 47.000000 1 2 3 3 4 4 4 4 5 5 9 10 11 14 16 18 18 20 22 22 22 24 25 25 26 27 27 28 
0.400000 37.000000 1 1 1 2 4 5 5 5 8 10 10 12 12 16 18 18 19 20 21 21 22 24 24 25 26 26 28 28 
0.400000 39.000000 1 3 6 6 6 6 7 8 9 9 11 13 14 16 17 17 17 18 19 20 20 21 22 23 25 25 26 27 
0.400000 47.000000 1 2 3 3 6 8 8 9 9 10 12 15 15 16 16 18 18 18 18 19 20 20 21 22 24 25 26 28 
0.500000 44.000000 1 2 7 7 9 9 11 11 12 13 13 13 18 18 20 21 21 21 21 24 25 25 26 26 26 27 27 28 
0.400000 36.000000 1 1 1 2 3 5 6 7 8 8 9 11 12 13 16 18 18 18 19 19 19 20 20 22 24 26 28 28 
0.500000 50.000000 4 4 5 6 7 7 7 11 11 12 12 13 13 13 14 15 15 15 16 20 23 26 26 27 27 27 27 28 
0.500000 41.000000 1 2 3 3 5 6 6 6 6 7 7 9 11 11 12 13 15 17 17 20 20 21 21 24 25 25 26 27 
0.500000 52.000000 1 1 1 3 3 7 8 10 10 10 11 11 11 14 15 15 15 16 16 17 19 20 21 21 25 26 28 28 
0.500000 57.000000 3 4 5 8 9 14 15 15 15 16 16 16 17 18 18 19 20 20 21 22 22 23 23 25 26 27 27 28 
0.500000 36.000000 2 2 5 6 7 8 11 11 12 16 17 17 17 19 20 20 21 21 21 22 22 22 23 23 24 25 26 27 
0.400000 46.000000 1 1 5 5 6 7 8 11 11 12 13 14 15 15 18 18 18 19 20 21 23 25 26 26 27 27 27 28 
0.400000 52.000000 1 1 2 3 5 5 5 5 5 7 8 8 9 10 10 11 11 12 12 13 14 14 17 22 25 28 28 28 
0.400000 45.000000 1 1 1 3 4 5 6 7 7 8 12 12 12 13 15 15 15 15 18 18 20 22 23 24 26 27 27 28 
0.400000 42.000000 3 3 5 6 9 10 10 11 12 12 13 14 14 15 16 16 18 19 20 20 20 25 25 26 27 27 28 28 
0.500000 51.000000 3 4 5 5 6 7 9 10 10 10 10 11 13 13 15 15 17 17 19 20 21 21 21 24 25 26 26 27 
0.400000 36.000000 1 1 1 2 5 5 7 8 13 14 14 15 18 19 19 21 21 21 23 23 24 25 25 26 26 27 27 28 
0.400000 35.000000 1 1 3 3 4 5 6 7 11 12 13 13 15 16 18 18 19 21 22 22 22 23 23 24 24 26 28 28 
0.400000 48.000000 1 3 4 4 6 7 8 8 10 10 11 12 14 15 15 15 17 18 19 20 21 21 22 22 22 26 27 27 
0.400000 49.000000 2 4 4 4 8 8 8 10 11 11 11 12 12 12 13 14 15 17 17 19 19 20 21 21 22 23 27 28 
0.500000 41.000000 1 1 2 2 5 5 6 6 8 9 11 11 12 13 19 20 21 22 23 24 24 25 25 25 27 28 28 28 
0.400000 51.000000 1 2 3 3 4 4 5 5 5 7 8 9 10 10 11 13 14 15 18 18 18 19 22 25 26 26 27 27 
0.400000 40.000000 1 2 2 3 4 4 5 5 6 8 8 12 13 14 14 15 16 17 19 20 21 21 21 25 25 26 28 28 
0.400000 48.000000 1 3 4 4 6 6 7 8 8 9 9 9 10 11 12 14 15 15 16 16 17 18 19 20 25 26 27 27 
0.400000 40.000000 1 2 2 3 4 4 5 6 6 7 10 10 12 12 13 14 15 15 18 18 23 24 24 25 26 26 27 28 
0.400000 43.000000 1 1 2 2 3 5 5 7 7 8 9 11 12 14 15 16 16 17 18 19 21 21 22 22 24 24 26 27 
0.300000 31.000000 2 3 3 3 4 4 5 6 7 8 8 8 12 12 12 12 14 15 16 18 18 19 19 19 21 22 23 28 
0.400000 41.000000 2 6 7 7 8 8 10 10 12 12 14 14 15 15 17 17 18 19 20 20 21 23 23 24 25 25 26 28 
0.400000 43.000000 2 2 3 3 4 4 5 5 6 6 7 7 8 11 15 17 18 18 18 19 20 22 22 24 25 25 26 26 
0.400000 45.000000 1 1 2 2 6 9 11 11 11 11 12 13 14 16 16 17 17 17 17 18 19 20 21 23 24 24 25 27 
0.700000 60.000000 1 4 4 4 5 7 7 9 9 10 11 12 14 15 16 16 17 18 19 20 23 23 24 24 26 26 27 28 
0.400000 42.000000 3 4 5 5 6 7 8 8 10 11 11 12 12 13 13 16 16 17 18 19 20 20 22 23 25 26 27 27 
0.400000 40.000000 1 1 1 1 2 3 3 5 6 7 8 8 9 11 12 13 13 15 15 18 20 21 23 23 23 24 26 27 
0.400000 47.000000 1 2 3 4 6 7 9 10 11 14 15 15 17 17 18 18 18 19 20 23 24 25 25 25 25 26 27 28 
0.400000 32.000000 1 1 2 2 3 3 6 6 6 6 7 8 9 11 15 18 18 19 19 20 21 21 23 23 24 26 26 27 
0.500000 37.000000 1 1 2 3 3 4 4 6 8 9 10 10 11 12 13 19 19 19 19 20 21 22 24 25 25 26 27 27 
0.400000 47.000000 2 2 3 5 7 9 9 10 10 13 14 14 14 16 17 17 18 19 21 21 22 23 24 24 25 25 27 28 
0.500000 49.000000 1 2 2 3 3 4 4 5 7 7 8 9 10 10 11 14 16 16 18 21 21 21 21 24 24 24 25 28 
0.500000 45.000000 1 2 3 5 6 7 9 9 12 12 13 15 16 16 17 17 17 18 20 21 22 23 25 25 25 26 26 28 
0.400000 53.000000 1 1 1 2 4 5 5 5 6 7 8 8 9 9 12 14 14 18 18 18 18 18 22 24 24 27 28 28 
0.600000 59.000000 4 4 5 5 5 5 9 10 10 10 11 12 16 16 17 18 20 21 21 22 22 22 24 24 26 28 28 28 
0.400000 41.000000 1 1 2 3 6 7 7 9 10 11 13 13 15 15 16 18 20 20 21 22 23 24 25 27 28 28 28 28 
0.500000 58.000000 3 4 4 5 5 5 6 7 7 7 8 9 9 13 14 17 17 18 18 18 20 20 21 22 24 25 27 28 
0.400000 42.000000 1 1 2 3 5 5 6 6 7 9 10 11 11 12 12 13 13 14 14 16 17 17 19 21 27 27 28 28 
0.400000 50.000000 1 1 2 2 3 5 5 6 8 8 9 10 11 11 14 14 15 16 18 18 18 19 19 20 26 27 28 28 
0.400000 39.000000 1 1 3 4 8 8 8 8 8 10 11 13 13 14 14 14 16 16 19 20 20 21 22 22 23 23 24 25 
0.400000 40.000000 1 2 3 4 6 6 8 8 11 13 14 15 15 16 16 18 18 19 19 20 21 21 24 25 25 26 28 28 
0.400000 46.000000 1 1 3 3 3 5 5 7 7 8 10 11 12 12 12 13 13 14 15 17 18 19 19 20 23 24 25 27 
0.400000 47.000000 1 2 2 2 5 7 8 8 9 10 10 10 10 10 10 11 11 12 12 16 17 17 19 23 23 27 28 28 
0.400000 43.000000 1 2 2 3 7 8 8 11 13 13 13 14 15 15 16 17 17 18 19 19 19 19 21 22 23 23 26 27 
0.500000 57.000000 4 5 5 5 6 7 7 8 8 9 10 10 10 11 14 14 14 14 16 17 17 17 17 21 23 23 25 26 
0.400000 38.000000 1 2 2 5 7 8 9 11 13 13 15 16 16 16 20 21 21 22 22 23 25 25 26 27 27 27 27 27 
0.400000 38.000000 1 3 5 6 6 7 7 9 11 12 13 13 13 17 18 18 18 19 21 21 22 25 25 26 26 27 28 28 
0.400000 47.000000 1 3 3 5 5 6 6 7 10 10 10 11 12 14 14 15 16 16 18 18 18 25 25 26 27 27 27 28 
0.500000 41.000000 1 1 2 2 3 3 4 4 4 4 5 6 6 7 9 15 16 20 20 21 21 21 24 24 25 26 26 28 
0.400000 42.000000 1 2 2 2 2 3 3 4 9 11 11 13 13 14 15 15 18 20 21 22 23 23 24 24 25 26 27 27 
0.500000 57.000000 3 3 4 5 5 5 6 6 7 7 8 9 9 11 13 13 13 14 14 15 15 17 17 18 23 23 24 28 
0.400000 49.000000 2 3 4 4 4 6 6 7 8 10 10 11 11 11 14 14 15 16 17 18 18 19 20 23 24 28 28 28 
0.400000 43.000000 2 2 2 2 2 3 3 3 4 4 6 6 8 8 9 9 9 10 11 16 17 18 20 22 25 25 25 27 
0.300000 46.000000 3 5 6 8 8 8 9 9 9 12 13 14 14 15 16 16 17 18 18 18 19 19 19 21 23 25 27 27 
0.400000 50.000000 3 3 6 7 9 9 10 11 12 12 12 13 14 15 15 15 16 16 17 17 18 19 21 21 22 24 24 27 
0.500000 41.000000 2 6 6 7 8 8 9 9 10 12 12 12 13 14 14 15 16 19 19 20 20 23 24 24 25 26 28 28 
0.600000 61.000000 1 7 8 9 9 11 12 12 13 13 14 15 15 15 16 16 17 17 18 22 22 23 23 23 24 24 27 28 
0.500000 47.000000 1 2 3 5 6 6 7 7 9 9 9 9 10 11 13 14 15 16 21 22 22 24 25 26 26 27 27 28 
0.500000 57.000000 2 3 4 5 5 8 9 9 10 10 12 14 14 15 16 17 18 19 19 21 22 23 23 23 24 24 28 28 
0.400000 52.000000 1 3 5 6 8 9 10 11 12 13 13 14 14 15 16 17 17 18 18 18 19 20 20 23 25 27 28 28 
0.400000 49.000000 1 1 2 3 5 5 5 11 11 13 14 15 17 17 18 18 18 19 19 21 21 22 22 23 24 26 26 28 
0.500000 56.000000 1 2 5 5 5 7 8 9 9 10 11 12 14 14 14 15 16 16 18 19 20 24 24 25 27 27 28 28 
0.600000 56.000000 4 5 5 7 7 8 8 9 10 11 11 12 12 13 14 16 16 18 18 19 20 23 23 24 26 26 26 26 
0.500000 47.000000 2 2 3 4 4 6 7 8 9 10 11 12 13 13 14 15 16 16 17 20 20 22 22 23 24 24 28 28 
0.400000 39.000000 6 7 8 8 11 11 12 12 13 14 14 15 16 17 18 18 19 19 21 21 22 23 23 23 24 24 26 28 
0.400000 40.000000 2 2 4 4 7 8 9 10 10 12 12 12 12 15 15 18 18 20 20 22 23 23 24 26 26 27 28 28 
0.500000 49.000000 2 3 3 3 7 11 12 13 13 13 15 15 16 16 16 16 17 18 19 20 20 20 20 21 23 24 28 28 
0.400000 43.000000 1 2 4 4 6 6 8 8 11 12 13 14 14 15 15 15 16 16 17 18 18 19 24 25 25 26 26 28 
0.400000 46.000000 4 6 6 8 8 9 9 10 10 10 15 16 16 17 18 18 19 20 20 21 22 22 23 23 24 24 28 28 
0.400000 45.000000 4 6 8 9 9 9 11 11 11 12 14 14 15 18 18 19 21 21 22 22 22 24 24 24 25 26 26 27 
0.400000 41.000000 4 4 5 7 7 8 10 11 12 15 15 18 18 19 19 19 22 22 22 25 25 25 26 26 26 27 28 28 
0.500000 50.000000 1 3 4 4 6 7 9 9 9 10 10 12 13 13 14 15 16 17 18 23 24 25 25 25 26 27 27 28 
0.400000 40.000000 1 1 1 3 3 4 4 6 6 7 8 10 11 11 16 17 18 18 18 19 20 20 21 22 25 26 28 28 
0.500000 41.000000 1 1 2 2 3 4 4 6 6 6 7 8 9 9 14 14 15 16 16 19 21 23 23 24 24 26 26 27 
0.500000 39.000000 1 2 2 3 3 5 6 6 6 7 7 9 13 14 14 15 16 17 19 19 19 21 23 23 24 26 26 27 
0.400000 46.000000 1 3 4 4 4 4 4 5 5 6 6 8 8 8 8 11 15 15 16 16 21 21 21 21 22 24 24 25 
0.400000 41.000000 1 4 5 7 10 12 12 14 14 15 16 16 18 18 18 18 22 23 24 25 25 25 26 26 26 26 27 27 
0.400000 48.000000 4 4 4 4 6 7 7 7 8 11 11 16 17 18 18 18 19 19 20 21 23 23 24 25 27 27 28 28 
0.500000 46.000000 2 3 4 4 4 6 7 7 10 11 11 13 13 13 14 16 17 19 20 20 22 23 24 24 25 27 27 27 
0.400000 46.000000 1 1 2 2 3 4 4 5 7 7 7 7 8 8 9 11 13 14 15 16 17 19 21 22 22 27 28 28 
0.500000 44.000000 1 2 4 5 6 8 10 10 10 11 12 15 15 16 17 19 20 20 21 21 22 24 25 25 26 26 27 27 
0.400000 42.000000 1 2 2 2 4 4 7 8 8 8 9 11 12 14 15 16 18 18 19 21 22 22 23 24 24 25 26 27 
0.400000 35.000000 4 8 8 8 10 11 12 12 12 13 13 15 16 17 18 19 19 20 20 21 21 22 23 23 25 26 28 28 
0.400000 44.000000 1 2 3 3 4 4 5 6 7 8 8 9 9 9 11 12 13 16 16 16 18 21 21 23 23 24 26 27 
0.400000 45.000000 1 2 2 3 4 5 6 8 8 8 9 10 10 14 15 15 15 16 17 19 19 20 20 20 22 24 25 26 
0.500000 56.000000 2 3 4 4 4 9 9 9 9 11 12 12 13 13 14 15 17 18 18 20 20 21 23 24 24 26 27 28 
0.400000 50.000000 1 2 4 4 8 9 9 10 12 12 13 13 14 15 15 17 17 18 18 19 19 19 23 24 25 26 27 27 
0.500000 50.000000 1 1 1 1 3 5 5 5 8 9 9 10 12 13 14 14 15 16 17 19 20 22 24 25 25 26 26 28 
0.400000 41.000000 1 2 5 6 6 7 10 11 12 12 14 15 16 17 18 18 19 20 21 23 25 25 27 27 27 27 28 28 
0.500000 52.000000 1 1 3 4 5 5 6 7 7 8 8 9 10 11 12 14 14 15 16 16 17 17 20 22 23 25 26 27 
0.400000 38.000000 1 2 2 3 4 5 6 8 9 14 15 18 18 19 19 20 20 21 21 23 23 23 25 26 26 27 28 28 
0.400000 50.000000 2 4 4 4 5 6 8 8 9 11 11 13 14 14 15 16 17 18 19 21 22 23 23 23 24 28 28 28 
0.400000 41.000000 1 1 1 2 3 5 10 12 12 13 13 14 15 15 15 18 18 18 19 20 21 23 24 26 26 26 27 28 
0.400000 44.000000 1 2 2 3 3 5 5 8 9 9 12 12 13 14 15 16 18 19 19 20 20 22 23 24 24 24 25 27 
0.500000 54.000000 2 5 5 7 9 10 12 13 15 15 16 16 18 18 18 21 22 22 23 23 23 24 24 26 28 28 28 28 
0.500000 47.000000 1 5 5 5 6 6 6 7 7 7 8 9 11 11 12 14 15 18 19 23 23 23 24 24 24 24 26 26 
0.400000 52.000000 1 4 5 8 8 8 9 10 10 11 12 13 13 14 16 16 17 18 18 19 19 20 21 21 23 28 28 28 
0.400000 49.000000 2 4 6 6 7 8 8 8 9 10 12 12 13 14 15 15 15 16 16 17 18 18 19 20 20 24 27 28 
0.400000 44.000000 2 4 4 6 8 8 8 9 9 10 11 14 16 16 16 17 18 19 19 21 22 23 23 25 25 26 27 28 
0.400000 40.000000 1 3 5 6 7 7 7 8 8 11 11 13 14 14 16 17 18 19 19 20 21 22 25 25 25 26 28 28 
0.400000 50.000000 3 5 6 7 8 9 9 9 11 11 11 12 13 14 14 16 16 18 18 18 23 25 25 26 27 27 27 28 
0.500000 50.000000 1 1 3 4 9 10 11 11 11 11 13 14 14 15 16 17 17 19 19 19 21 23 23 24 25 26 26 28 
0.400000 40.000000 1 1 2 4 5 5 5 6 6 6 7 7 15 17 17 17 18 19 19 20 21 21 22 22 26 27 27 28 
0.400000 47.000000 1 3 5 8 9 10 11 11 11 13 15 15 15 18 19 19 21 21 22 22 24 25 25 25 26 27 28 28 
0.500000 50.000000 1 2 2 3 4 5 5 7 8 8 10 13 14 15 16 16 18 20 20 20 20 22 23 23 24 26 27 28 
0.400000 40.000000 3 3 5 6 6 8 8 9 10 11 11 11 12 12 14 15 16 17 19 20 21 21 21 22 25 25 26 27 
0.500000 37.000000 1 2 2 6 6 6 7 7 8 10 11 12 14 15 16 17 19 22 22 23 23 25 25 26 26 27 27 28 
0.400000 42.000000 2 3 4 4 4 5 6 6 8 8 8 9 11 12 14 16 16 18 18 19 19 19 20 21 23 24 26 27 
0.400000 43.000000 1 1 2 2 3 4 5 6 6 8 8 8 9 11 12 14 14 14 17 17 18 19 19 22 22 23 25 28 
0.500000 48.000000 2 2 3 4 4 7 8 11 13 13 13 14 14 15 15 15 16 16 17 19 21 22 25 25 26 26 27 27 
0.500000 43.000000 2 3 7 7 7 7 7 10 10 12 13 13 15 17 18 18 19 19 19 21 21 22 23 24 24 26 26 28 
0.400000 39.000000 1 1 3 3 7 8 10 10 11 12 15 15 16 16 16 18 19 20 21 22 23 23 25 25 26 27 28 28 
0.300000 33.000000 1 1 1 2 2 3 3 6 8 8 8 11 12 13 13 14 14 15 16 16 18 18 18 20 20 20 27 27 
0.500000 43.000000 2 2 3 4 4 4 4 6 7 7 7 8 10 11 11 11 12 13 16 16 17 21 21 25 26 26 28 28 
0.500000 51.000000 1 1 3 5 6 7 7 9 11 15 15 15 16 16 17 19 19 20 20 22 22 23 23 24 24 24 27 27 
0.500000 42.000000 1 3 3 4 7 7 8 8 10 12 12 13 13 14 15 16 16 16 17 21 22 23 23 24 25 25 25 26 
0.400000 42.000000 1 2 3 3 4 4 5 6 10 10 11 14 15 16 17 17 18 19 19 20 20 22 23 23 25 26 26 27 
0.400000 52.000000 1 2 3 6 8 8 9 10 10 11 14 15 15 15 15 16 17 18 20 21 21 22 22 22 23 24 27 28 
0.400000 33.000000 1 4 5 7 8 10 12 12 13 14 16 18 18 18 20 20 20 22 22 23 23 25 26 26 26 27 27 28 
0.400000 49.000000 1 3 5 5 6 6 6 8 9 9 9 9 11 12 15 15 16 17 18 19 23 23 24 25 25 27 27 27 
0.500000 39.000000 1 1 2 3 4 4 5 5 6 6 7 12 12 12 14 15 16 17 19 20 20 21 22 24 24 26 27 28 
0.500000 50.000000 1 1 1 2 3 4 6 7 9 10 11 11 13 14 15 15 17 17 18 19 22 23 23 24 24 25 26 28 
0.500000 54.000000 1 2 2 3 4 5 7 7 9 10 10 11 11 14 15 15 16 16 17 18 19 20 24 24 24 25 27 27 
0.400000 49.000000 3 3 4 4 4 5 5 6 6 6 6 8 9 9 12 14 15 15 16 16 18 18 18 24 24 25 27 27 
0.500000 51.000000 1 1 3 3 4 6 8 9 9 10 13 13 14 14 15 16 16 16 16 17 18 20 23 23 24 25 26 28 
0.400000 40.000000 1 1 2 2 2 3 3 3 9 10 10 12 13 14 14 15 16 16 18 18 19 24 25 25 25 26 26 27 
0.400000 46.000000 2 5 6 6 9 9 9 12 12 13 14 15 17 17 17 18 18 18 20 22 22 22 23 25 26 26 27 28 
0.500000 39.000000 2 2 2 2 3 4 10 11 13 14 14 15 19 19 22 22 22 22 22 24 24 25 25 25 26 27 28 28 
0.400000 38.000000 1 2 2 3 4 4 4 12 13 13 14 15 15 16 17 18 18 21 21 21 22 22 23 26 26 26 27 28 
0.500000 47.000000 1 1 1 2 3 3 4 4 6 7 8 9 9 10 13 13 13 14 17 17 20 20 20 20 21 22 24 24 
0.500000 39.000000 3 5 6 6 6 6 7 8 8 12 13 13 14 14 14 15 16 16 17 19 21 21 21 22 23 24 26 28 
0.500000 51.000000 1 3 3 3 4 4 4 7 7 8 10 11 12 13 13 14 15 15 15 20 20 20 22 23 25 26 28 28 
0.500000 44.000000 2 4 8 8 9 9 11 12 13 13 13 15 16 17 21 21 22 22 23 23 23 25 25 25 26 26 27 27 
0.500000 35.000000 1 1 2 2 2 3 6 7 14 14 15 15 18 19 19 19 20 20 21 21 22 24 25 26 26 26 27 28 
0.500000 39.000000 1 2 2 2 3 3 6 6 6 7 9 10 10 10 13 15 16 17 17 19 21 22 23 23 24 25 26 26 
0.500000 51.000000 3 4 6 7 9 9 10 10 11 12 13 14 14 15 18 19 20 20 21 23 23 23 24 24 26 27 28 28 
0.500000 52.000000 1 3 6 7 9 9 9 11 11 11 12 12 13 14 15 15 15 16 16 17 19 21 23 24 24 24 26 27 
0.400000 41.000000 3 5 5 6 6 6 8 9 9 11 12 12 13 14 14 15 18 19 20 21 21 23 25 26 27 27 28 28 
0.400000 43.000000 2 4 5 8 9 11 12 12 12 13 15 15 15 17 20 21 21 22 22 22 23 23 24 25 26 27 27 28 
0.400000 51.000000 1 2 5 6 7 8 8 8 9 9 9 11 11 11 13 13 14 16 17 18 18 19 21 23 25 27 28 28 
0.400000 40.000000 2 3 7 8 10 10 11 12 12 13 13 14 14 14 16 17 18 18 19 19 20 22 23 25 26 27 28 28 
0.500000 44.000000 2 3 5 6 6 6 7 8 8 9 9 10 11 11 12 12 13 15 16 17 20 20 20 23 25 26 26 27 
0.400000 44.000000 3 3 3 4 5 6 6 7 9 10 10 11 11 11 12 12 14 14 15 16 18 21 23 24 25 26 27 28 
0.500000 41.000000 1 1 1 1 2 3 3 3 5 7 8 12 13 13 15 15 16 16 16 18 19 21 22 22 24 25 26 26 
0.500000 52.000000 1 1 1 1 3 5 7 8 9 10 10 12 12 14 14 15 15 15 16 17 20 21 22 22 24 24 26 28 
0.400000 44.000000 1 1 1 2 3 3 5 5 5 5 6 7 8 13 16 16 17 18 18 19 19 22 22 22 25 28 28 28 
0.600000 60.000000 1 1 2 3 4 4 5 5 9 9 10 10 11 11 12 14 14 15 16 17 18 23 23 24 24 24 27 28 
0.500000 48.000000 1 5 5 6 7 7 7 8 9 10 11 13 13 17 18 20 20 20 22 22 23 23 24 24 24 25 26 28 
0.400000 50.000000 2 2 3 4 5 7 7 9 11 11 12 12 13 13 13 14 15 15 16 17 18 21 23 27 27 28 28 28 
0.400000 45.000000 1 1 3 3 3 5 5 6 7 7 8 9 9 10 11 14 15 17 18 19 19 19 20 21 22 23 26 26 
0.400000 38.000000 2 3 5 6 6 9 9 10 10 13 13 13 13 13 16 16 17 19 19 19 19 22 25 26 27 27 28 28 
0.400000 49.000000 4 5 5 6 6 8 8 9 10 10 11 13 15 16 16 16 17 18 18 18 22 22 22 22 24 26 27 28 
0.400000 49.000000 4 6 7 7 8 8 9 10 10 11 13 14 14 14 15 16 17 17 18 19 21 21 21 22 23 26 27 27 
0.400000 39.000000 1 1 1 2 2 2 3 4 5 6 6 6 7 8 12 12 15 15 16 17 18 18 20 20 24 24 27 27 
0.400000 43.000000 1 2 3 3 5 5 7 8 10 10 10 12 12 13 14 14 15 16 18 19 20 20 24 25 25 26 27 27 
0.500000 39.000000 2 2 3 3 4 5 6 6 6 7 7 8 8 12 13 13 14 16 18 19 20 20 23 24 25 25 26 26 
0.400000 47.000000 3 4 5 8 8 10 12 13 14 15 17 18 18 19 20 20 20 21 21 22 23 23 23 25 25 27 28 28 
0.400000 49.000000 1 1 2 2 2 2 3 4 5 7 8 8 9 10 11 11 13 13 16 17 17 18 18 21 21 21 27 28 
0.400000 47.000000 2 3 4 4 4 4 6 7 8 8 10 11 11 12 14 15 15 16 18 19 21 23 23 24 25 27 28 28 
0.400000 35.000000 1 1 5 10 12 12 12 13 14 15 16 18 19 19 19 20 20 21 24 24 25 25 25 26 27 27 28 28 
0.400000 39.000000 1 1 2 2 3 4 6 7 8 9 12 12 15 15 16 17 17 18 18 19 20 20 21 22 23 26 26 28 
0.500000 39.000000 1 1 2 2 8 10 11 11 12 12 13 13 14 15 17 19 20 21 21 23 23 24 25 25 26 27 28 28 
0.400000 41.000000 1 1 3 3 3 3 5 7 7 8 12 12 13 14 14 14 16 16 18 18 20 20 21 24 25 25 25 28 
0.400000 33.000000 1 1 2 3 3 5 7 9 10 10 12 13 13 14 16 18 19 19 19 20 21 23 25 26 26 27 27 27 
0.400000 44.000000 1 1 3 3 5 6 7 8 9 11 12 12 13 14 14 15 15 16 16 17 20 20 22 24 25 25 27 27 
0.500000 44.000000 1 4 5 5 5 6 6 6 10 11 13 15 18 19 20 21 21 22 22 23 23 24 24 24 26 26 27 28 
0.400000 48.000000 1 2 3 4 6 6 6 8 8 9 9 11 11 12 14 15 15 15 15 16 17 17 19 19 21 24 25 27 
0.400000 42.000000 1 2 2 3 4 5 7 8 9 9 10 11 17 18 18 19 20 20 20 20 21 22 22 22 26 26 27 28 
0.400000 45.000000 1 2 5 5 5 6 7 9 9 10 10 13 14 14 15 17 20 20 21 22 23 25 26 26 27 27 27 27 
0.400000 49.000000 1 1 1 2 3 3 4 6 11 12 13 15 15 15 15 16 16 17 17 17 18 18 19 19 22 23 26 28 
0.500000 37.000000 1 1 2 3 6 6 9 10 11 11 12 13 14 19 20 21 22 23 23 24 25 25 25 26 26 26 28 28 
0.400000 41.000000 1 1 2 2 3 3 5 5 5 7 8 11 12 12 13 15 16 16 18 21 21 21 23 24 24 24 25 28 
0.500000 48.000000 1 4 5 5 7 7 8 9 10 12 13 13 13 16 17 18 20 21 23 23 23 25 25 26 26 28 28 28 
0.400000 44.000000 1 1 1 2 5 6 8 8 9 9 9 10 10 12 12 13 14 14 18 19 19 20 24 25 27 27 28 28 
0.500000 47.000000 2 2 3 4 5 5 5 6 6 7 7 8 8 9 11 13 13 16 16 16 19 19 19 23 24 24 27 27 
0.500000 53.000000 5 5 6 7 8 9 9 10 11 13 13 13 13 13 14 15 16 17 18 19 19 21 22 24 26 26 27 27 
0.400000 51.000000 2 3 3 4 5 8 9 9 11 12 13 13 14 15 16 17 17 17 18 18 19 19 22 23 25 25 25 28 
0.500000 45.000000 1 2 2 3 3 3 4 4 4 5 5 8 8 9 9 12 12 12 13 13 16 16 20 22 22 23 26 26 
0.400000 41.000000 2 3 3 4 6 6 7 10 14 14 14 15 15 16 17 17 18 19 20 20 21 22 22 23 24 25 26 27 
0.400000 40.000000 3 4 6 6 8 9 9 12 12 12 12 14 14 15 15 16 17 18 19 19 21 24 25 25 25 26 26 28 
0.400000 42.000000 1 2 3 4 4 6 7 10 12 13 14 15 15 16 16 17 17 20 20 20 22 23 23 25 27 27 27 28 
0.400000 47.000000 1 1 2 2 3 3 3 3 5 7 9 9 12 13 14 14 14 15 17 18 20 21 22 23 23 25 27 28 
0.400000 35.000000 1 1 3 3 3 3 5 6 6 10 14 15 16 18 18 19 19 20 20 20 21 21 21 21 24 25 28 28 
0.400000 47.000000 1 3 4 5 6 7 7 8 8 10 11 11 13 13 13 15 17 18 18 18 23 23 24 25 25 25 26 27 
0.500000 51.000000 1 1 3 4 4 5 7 7 8 8 10 12 13 14 14 14 15 16 17 19 19 20 20 23 24 24 25 28 
0.500000 37.000000 1 2 4 4 7 7 8 8 8 10 11 12 12 13 14 14 15 16 16 20 21 21 22 22 26 26 26 26 
0.400000 38.000000 1 1 1 2 3 3 4 4 5 6 7 7 8 10 10 12 13 14 15 17 21 22 23 23 25 26 27 28 
0.500000 52.000000 1 1 2 4 8 9 10 10 11 13 14 14 14 15 15 16 17 18 20 20 21 22 24 24 24 25 26 28 
0.400000 45.000000 1 2 2 5 5 7 7 8 8 12 13 14 14 17 18 18 20 21 22 22 23 23 23 24 25 27 27 27 
0.400000 35.000000 1 2 4 4 4 6 6 7 8 8 8 10 11 13 13 14 14 18 18 20 20 21 22 22 26 26 26 28 
0.400000 51.000000 2 3 4 5 9 10 10 14 14 15 17 17 18 18 19 20 21 21 21 22 22 22 22 24 25 27 27 28 
0.500000 30.000000 1 1 1 2 3 3 7 12 12 13 13 13 13 14 15 18 19 20 21 22 23 23 24 25 26 26 26 26 
0.400000 48.000000 2 2 2 2 3 6 7 7 8 8 11 13 15 16 17 18 18 18 18 18 19 20 22 22 23 24 27 27 
0.400000 50.000000 2 3 4 5 8 8 10 11 12 13 14 15 15 16 17 17 18 19 20 20 20 21 21 22 22 25 27 28 
0.500000 41.000000 4 4 6 6 6 7 8 8 8 10 10 11 12 12 13 13 13 14 16 17 17 20 20 20 23 25 26 26 
0.500000 45.000000 1 1 2 3 5 5 6 6 6 7 7 9 9 9 10 11 13 13 17 22 22 23 23 26 26 27 27 28 
0.400000 40.000000 2 2 3 3 4 6 6 6 7 9 11 13 13 15 16 17 17 18 18 20 20 21 22 23 23 24 26 28 
0.400000 33.000000 1 1 2 2 3 5 6 7 8 8 8 9 9 10 12 12 14 17 19 19 20 20 20 21 21 21 26 28 
0.400000 30.000000 2 2 2 3 4 5 8 8 8 12 13 13 14 16 16 16 18 19 20 21 21 21 21 21 22 26 27 28 
0.500000 40.000000 1 3 3 4 5 6 7 8 9 10 10 10 12 12 16 17 19 20 22 22 23 23 23 23 25 26 26 28 
0.400000 46.000000 1 2 2 3 4 4 6 7 8 8 10 11 11 13 15 16 16 17 17 17 18 18 19 19 22 25 25 26 
0.500000 50.000000 1 2 3 5 7 7 7 7 10 10 13 14 14 15 16 17 17 18 19 19 19 20 20 23 24 24 26 28 
0.600000 53.000000 4 4 5 5 5 6 7 9 9 9 11 14 14 14 16 20 20 22 22 23 24 24 24 25 26 26 26 27 
0.400000 51.000000 1 3 8 9 10 10 10 11 11 12 12 12 15 15 15 15 17 19 19 19 21 21 22 23 27 28 28 28 
0.400000 34.000000 1 1 2 3 5 6 6 7 7 9 9 12 12 14 17 18 19 19 20 22 22 23 25 26 27 27 28 28 
0.500000 34.000000 1 1 6 6 6 7 8 9 13 13 14 14 14 16 17 17 17 19 19 19 19 21 21 22 22 24 24 26 
0.400000 46.000000 2 3 4 4 4 5 6 7 10 10 11 15 15 15 17 19 19 20 22 23 24 25 25 25 27 27 28 28 
0.400000 44.000000 1 3 3 7 7 7 7 8 8 10 10 11 11 11 12 12 14 14 15 16 16 18 22 22 22 26 27 27 
0.500000 32.000000 1 1 2 5 6 7 11 12 13 13 16 17 17 17 19 19 19 19 19 20 21 21 23 25 26 26 27 28 
0.500000 36.000000 1 2 2 3 3 5 5 5 6 7 10 12 12 13 14 16 16 19 20 20 21 21 22 26 26 28 28 28 
0.500000 57.000000 1 1 1 2 4 5 11 11 12 14 15 15 15 15 17 17 17 18 18 19 21 22 23 24 24 24 24 25 
0.400000 46.000000 2 3 3 5 5 6 6 7 7 10 10 12 12 14 14 15 15 15 15 17 18 19 20 23 24 26 28 28 
0.600000 60.000000 1 2 4 4 4 5 7 7 8 8 9 10 11 11 11 11 13 14 15 16 16 17 17 17 18 25 26 28 
0.500000 42.000000 5 5 5 7 7 8 12 12 12 13 13 13 13 14 16 16 17 19 19 20 22 22 23 26 26 28 28 28 
0.600000 62.000000 1 3 3 4 4 4 4 5 7 8 9 9 10 10 11 12 13 13 14 17 18 18 19 20 23 24 27 28 
0.400000 42.000000 1 1 4 5 6 6 10 10 10 10 11 11 12 15 17 17 17 19 20 20 20 22 25 25 26 27 27 27 
0.400000 46.000000 1 1 4 4 5 5 6 7 8 10 10 10 11 12 13 13 14 15 17 21 22 22 23 27 28 28 28 28 
0.500000 50.000000 2 2 3 4 6 9 10 11 11 11 12 12 13 13 14 15 17 18 18 20 23 23 24 24 24 25 26 27 
0.400000 42.000000 5 6 7 10 11 11 12 12 12 13 13 15 15 16 17 17 18 22 22 23 24 25 25 25 26 27 27 28 
0.400000 46.000000 5 5 6 6 7 8 8 9 9 11 11 12 13 13 14 17 17 19 20 21 22 22 23 23 23 24 27 28 
0.500000 48.000000 2 6 7 7 7 11 12 13 14 14 15 15 15 16 18 18 19 20 23 24 24 25 25 26 26 27 27 28 
0.400000 36.000000 2 2 2 2 2 3 3 4 4 8 8 9 10 11 12 12 12 18 19 20 20 22 23 25 25 26 27 27 
0.500000 46.000000 2 3 4 4 5 6 8 8 11 13 14 15 16 16 16 16 16 17 19 20 21 23 23 25 25 26 27 28 
0.500000 54.000000 1 2 4 4 5 7 8 8 9 9 10 12 13 13 14 15 17 18 20 21 21 22 23 23 24 26 27 28 
0.400000 47.000000 1 2 3 3 4 7 9 10 10 11 12 12 12 12 14 14 15 16 17 17 17 18 18 22 23 25 26 28 
0.500000 58.000000 1 1 2 3 4 4 4 5 5 5 8 9 10 10 12 15 15 17 18 18 19 19 23 23 24 26 27 28 
0.500000 47.000000 2 2 4 5 8 9 10 11 11 12 12 13 13 14 15 19 20 20 20 21 22 24 24 24 24 25 27 28 
0.500000 50.000000 2 4 4 5 5 5 5 6 7 7 8 10 10 11 12 16 16 16 16 20 21 21 24 24 24 27 27 28 
0.400000 41.000000 1 1 2 2 3 7 7 7 8 8 9 9 12 12 14 15 15 16 18 18 19 20 21 25 26 26 27 28 
0.500000 44.000000 3 4 10 10 12 12 12 13 13 14 14 15 15 15 16 16 16 21 21 23 24 25 25 26 26 26 27 28 
0.500000 49.000000 1 1 1 6 6 7 8 9 9 9 11 12 13 13 13 15 15 17 18 20 20 22 24 24 25 26 28 28 
0.500000 48.000000 2 5 6 6 6 7 8 9 9 9 13 14 15 16 16 17 17 18 20 20 20 20 22 24 24 25 26 28 
0.400000 49.000000 3 4 5 5 6 7 9 10 10 10 10 14 15 16 16 17 17 18 18 19 19 22 23 25 26 26 27 27 
0.500000 57.000000 1 2 2 3 3 4 4 5 5 7 7 8 10 11 11 13 14 15 17 18 18 18 20 21 23 24 26 27 
0.500000 42.000000 1 3 3 4 4 6 6 7 7 7 8 9 10 10 11 13 13 15 16 20 20 21 22 22 24 24 26 26 
0.400000 44.000000 2 3 6 6 6 7 8 9 9 9 10 12 15 15 15 16 16 16 17 18 19 21 22 23 24 26 27 28 
0.600000 55.000000 1 2 5 5 7 9 10 10 10 11 11 12 13 13 14 15 16 16 18 20 24 24 24 25 26 26 27 27 
0.500000 52.000000 1 2 3 5 5 7 7 9 11 12 13 13 14 16 16 17 18 18 20 20 21 22 24 24 25 28 28 28 
0.400000 44.000000 1 1 1 6 7 7 7 9 10 11 11 12 12 14 14 17 17 17 17 18 20 21 22 22 23 24 24 27 
0.400000 38.000000 2 2 3 6 11 11 11 12 13 13 14 15 16 17 18 19 21 21 22 22 22 23 24 24 25 27 27 28 
0.500000 54.000000 2 5 7 7 8 8 9 11 11 13 14 14 15 17 17 18 19 20 21 22 23 23 23 23 24 25 26 27 
0.400000 42.000000 1 2 3 5 5 6 8 8 9 11 12 12 12 13 13 14 14 16 18 20 23 23 24 25 25 27 28 28 
0.500000 43.000000 1 2 3 4 4 5 6 7 8 10 11 11 12 13 13 17 17 18 19 20 20 21 21 22 23 26 26 26 
0.400000 45.000000 1 2 3 3 4 4 4 6 6 8 9 10 10 10 12 13 13 17 17 18 18 18 19 21 23 23 24 26 
0.500000 48.000000 1 1 2 2 2 3 4 5 6 6 7 7 7 13 15 15 15 16 17 17 18 18 20 22 24 26 26 28 
0.500000 43.000000 1 2 2 2 2 2 3 5 6 7 9 12 13 13 15 15 15 16 17 20 20 20 23 24 24 24 26 27 
0.400000 40.000000 1 1 4 5 6 6 7 8 9 9 10 10 10 14 17 18 18 19 20 21 21 22 24 25 26 26 26 27 
0.400000 37.000000 1 4 5 6 7 7 9 10 11 12 12 14 15 16 17 17 19 19 21 21 21 22 25 26 26 27 27 28 
0.400000 47.000000 1 2 5 5 5 6 8 9 12 15 16 16 17 17 18 18 19 21 21 22 22 22 23 24 24 25 27 28 
0.400000 39.000000 1 1 3 6 6 8 9 9 11 12 12 13 13 14 15 15 19 20 22 23 23 23 24 24 25 27 28 28 
0.400000 47.000000 1 1 1 4 6 8 8 9 10 11 11 12 13 15 15 17 17 18 20 20 21 23 23 25 25 28 28 28 
0.500000 45.000000 2 4 4 5 6 6 7 8 10 10 13 13 16 16 17 17 18 19 21 22 23 23 24 25 25 26 27 27 
0.400000 44.000000 1 2 3 5 5 5 6 8 8 9 10 10 12 13 13 15 15 16 16 18 21 22 23 25 26 26 27 28 
0.400000 41.000000 1 1 2 2 5 5 6 7 7 7 8 8 11 12 15 15 18 19 19 21 22 24 25 25 27 27 28 28 
0.600000 58.000000 1 3 3 5 5 5 5 7 8 8 10 14 14 15 16 16 16 16 19 20 20 21 22 23 23 24 24 28 
0.400000 46.000000 1 1 1 2 3 6 7 9 10 10 10 11 11 14 15 15 17 18 22 22 23 24 25 25 27 27 28 28 
0.400000 43.000000 1 1 2 2 3 3 4 4 6 7 7 8 8 9 10 12 14 14 15 16 16 17 17 22 23 25 25 27 
0.400000 34.000000 1 3 5 6 6 6 6 8 9 11 11 12 13 13 14 15 17 19 19 19 22 22 22 23 26 27 27 28 
0.400000 47.000000 3 5 5 6 6 7 7 8 9 9 13 13 15 15 16 16 16 18 20 20 20 22 24 25 27 27 27 28 
0.400000 51.000000 2 3 3 5 7 9 9 10 11 12 12 17 17 17 18 18 18 19 19 21 21 21 22 22 22 22 24 28 
0.400000 49.000000 2 4 4 7 7 7 8 8 8 8 9 9 11 11 11 12 13 13 13 14 14 21 21 22 23 24 27 27 
0.400000 40.000000 1 1 2 3 4 6 7 7 9 10 11 12 12 13 14 16 17 18 18 19 20 21 24 25 28 28 28 28 
0.400000 48.000000 1 2 2 4 4 5 10 10 10 11 14 15 15 16 17 18 19 20 21 22 23 24 25 27 27 28 28 28 
0.500000 51.000000 1 4 4 4 4 5 6 6 7 8 9 11 11 13 14 15 15 16 19 21 23 24 24 24 25 27 27 27 
0.400000 46.000000 2 2 2 3 3 4 5 5 12 13 14 14 16 17 17 17 18 18 19 20 20 21 22 22 22 24 25 28 
0.400000 40.000000 2 2 3 3 5 5 5 6 10 10 12 12 13 17 17 18 19 19 19 20 20 21 22 22 25 27 27 27 
0.500000 39.000000 3 3 4 5 6 6 10 11 13 13 13 14 16 17 20 20 20 21 21 21 22 22 24 25 25 26 26 28 
0.400000 48.000000 1 2 2 3 3 3 4 5 7 8 9 10 11 11 13 14 14 16 17 18 19 19 20 22 23 25 27 28 
0.500000 42.000000 1 2 5 6 6 6 7 10 10 12 14 15 15 16 16 17 18 19 19 20 22 23 24 24 24 26 26 28 
0.400000 41.000000 1 2 2 4 5 6 7 7 8 8 10 11 11 11 12 12 14 14 16 17 18 20 21 24 24 25 26 27 
0.500000 28.000000 1 1 2 2 3 5 6 7 9 12 12 14 17 19 20 20 21 22 22 22 22 23 23 26 26 27 27 28 
0.400000 47.000000 2 2 3 5 5 7 7 8 8 9 10 10 10 11 12 12 13 14 14 15 16 18 22 23 26 28 28 28 
0.400000 45.000000 1 3 3 6 6 7 7 7 9 10 11 11 14 14 14 15 16 16 17 17 18 19 19 21 24 24 25 28 
0.400000 39.000000 1 2 2 3 3 5 6 6 6 7 7 9 11 11 15 16 17 18 18 19 22 22 23 25 26 26 27 28 
0.400000 41.000000 1 1 2 2 3 5 6 7 8 9 12 12 12 13 13 13 15 15 15 17 18 19 22 23 26 27 28 28 
0.400000 42.000000 1 2 4 5 6 8 9 10 10 13 14 14 16 17 18 19 20 20 22 23 23 23 25 26 27 27 28 28 
0.500000 49.000000 1 3 7 9 9 9 10 10 11 11 12 12 13 13 13 13 15 18 21 23 24 25 25 26 26 27 28 28 
0.400000 50.000000 2 3 3 4 4 8 11 11 11 13 14 15 15 15 18 19 19 20 20 21 22 23 23 24 25 27 27 28 
0.500000 46.000000 1 2 2 4 4 5 5 6 9 12 14 14 14 14 15 16 17 20 22 23 23 24 24 24 25 26 26 27 
0.500000 51.000000 5 6 6 7 8 8 9 9 11 11 11 11 12 12 14 15 16 16 16 17 18 20 21 23 26 26 27 28 
0.500000 41.000000 1 2 2 2 3 3 4 5 5 6 6 6 6 9 9 10 12 17 17 19 20 20 22 25 25 26 26 28 
0.400000 38.000000 1 6 6 6 7 10 11 14 15 15 15 17 17 18 19 20 20 20 20 21 21 22 23 26 26 27 27 28 
0.500000 38.000000 2 2 2 4 6 8 8 9 10 12 12 13 14 14 16 19 21 21 22 22 23 24 25 25 27 28 28 28 
0.400000 43.000000 1 2 4 4 5 6 7 8 9 9 10 11 15 17 17 19 19 22 22 22 22 23 24 25 25 26 27 28 
0.500000 49.000000 2 3 8 9 10 10 11 11 12 12 12 13 14 15 15 16 16 18 22 22 23 23 24 24 24 24 25 26 
0.400000 55.000000 2 3 4 5 5 5 5 6 7 7 8 8 9 10 13 14 14 15 15 17 18 19 19 20 21 27 27 28 
0.500000 52.000000 4 4 5 6 7 9 9 10 10 11 14 15 15 18 19 19 19 20 20 21 24 25 26 26 27 27 28 28 
0.500000 43.000000 1 2 4 4 5 6 6 6 6 10 11 11 13 14 15 15 15 16 20 22 23 24 24 26 26 26 27 28 
0.400000 41.000000 3 3 3 6 6 7 7 8 9 10 11 11 11 13 14 15 16 16 17 19 20 21 21 22 22 22 24 28 
0.400000 45.000000 1 2 4 4 5 6 6 7 7 9 9 10 10 11 12 12 15 17 17 18 19 21 23 26 27 27 28 28 
0.500000 54.000000 2 5 5 5 7 8 9 13 14 14 15 15 18 18 18 18 21 22 22 23 24 25 25 26 26 26 28 28 
0.400000 39.000000 1 2 4 6 6 9 9 10 10 11 13 13 16 17 18 18 19 21 21 22 24 25 25 26 26 27 27 28 
0.400000 46.000000 1 1 2 3 5 8 9 9 10 12 14 15 16 16 16 16 16 17 18 19 22 22 22 24 25 27 28 28 
0.400000 45.000000 2 3 7 7 7 8 11 11 13 13 14 14 15 15 18 20 21 21 21 22 22 23 24 25 27 27 27 28 
0.500000 44.000000 1 2 2 3 4 6 6 7 8 9 9 11 12 12 14 14 15 15 16 16 19 21 24 25 26 27 28 28 
0.500000 47.000000 4 4 5 5 6 6 8 9 11 12 13 14 15 16 16 17 17 19 20 21 22 23 24 25 25 26 26 27 
0.400000 53.000000 1 1 2 4 4 5 5 6 7 8 9 9 12 13 15 15 16 17 17 17 18 19 21 22 23 24 27 27 
0.400000 43.000000 4 5 6 6 6 6 8 10 10 12 13 14 15 15 17 17 17 18 19 19 20 23 23 25 25 27 28 28 
0.500000 50.000000 5 5 5 6 6 7 7 8 8 8 11 11 12 13 13 14 15 15 16 17 21 21 23 23 24 25 26 27 
0.500000 45.000000 3 4 6 9 10 11 12 13 13 15 15 16 16 17 18 19 19 20 20 21 21 22 23 24 24 26 26 26 
0.400000 43.000000 3 3 5 5 7 7 12 13 14 16 16 16 17 18 18 18 19 20 21 21 22 23 25 25 26 27 28 28 
0.500000 42.000000 1 2 3 6 7 7 8 9 10 10 13 13 14 18 19 19 20 20 20 23 23 23 24 24 25 26 27 28 
0.500000 62.000000 1 3 3 3 5 5 9 10 11 11 11 14 15 16 17 17 18 18 18 20 20 21 22 22 22 23 27 28 
0.400000 45.000000 3 5 6 6 7 7 8 8 9 10 10 12 14 17 17 18 18 19 20 22 22 23 23 23 23 25 27 28 
0.400000 43.000000 1 1 2 2 2 2 4 4 4 5 7 8 10 13 13 16 16 17 17 18 18 23 23 25 26 27 28 28 
0.400000 40.000000 1 1 1 2 2 3 4 5 6 8 8 8 10 13 13 13 14 15 16 18 19 21 22 23 24 24 25 28 
0.400000 52.000000 2 7 8 11 12 13 14 14 15 15 16 16 17 17 17 18 18 19 21 21 22 22 23 23 23 24 27 28 
0.600000 43.000000 1 3 4 4 4 5 5 6 6 7 7 7 8 10 13 16 19 20 22 22 22 25 25 26 26 26 26 26 
0.500000 51.000000 1 2 3 3 6 9 9 9 9 12 14 14 15 15 15 16 17 17 18 21 22 22 23 23 25 26 26 26 
0.400000 44.000000 1 3 3 5 5 5 6 6 7 8 8 9 11 12 12 12 12 15 16 17 17 18 21 21 21 22 24 25 
0.400000 40.000000 4 5 6 6 7 7 7 8 9 9 10 11 12 12 13 15 18 19 21 21 22 24 25 26 27 28 28 28 
0.400000 41.000000 2 2 4 4 5 6 7 7 8 11 12 13 13 14 15 18 18 19 21 22 22 23 24 24 26 27 27 28 
0.400000 42.000000 1 4 4 6 6 6 7 8 11 12 12 14 14 15 15 17 17 18 18 19 21 21 22 23 26 27 28 28 
0.400000 39.000000 2 2 2 4 4 4 6 6 6 8 9 12 13 14 17 17 17 18 18 19 20 21 22 22 25 26 27 28 
0.500000 50.000000 1 2 3 3 4 6 7 9 9 11 11 11 13 13 13 14 14 15 16 16 17 22 24 25 25 27 28 28 
0.500000 50.000000 2 3 5 7 7 7 8 8 8 9 9 10 11 14 15 15 16 16 19 19 20 21 21 24 25 25 26 28 
0.400000 50.000000 1 2 3 4 7 7 9 10 10 10 11 11 12 13 13 14 15 17 17 17 18 22 23 24 25 25 27 27 
0.400000 35.000000 3 3 7 7 10 11 11 12 12 12 12 13 14 14 16 17 18 19 22 23 23 23 25 25 26 28 28 28 
0.400000 47.000000 1 1 2 2 3 5 6 6 8 9 11 14 15 15 15 16 17 17 18 18 19 19 19 19 21 24 26 28 
0.400000 42.000000 2 4 4 6 8 10 15 15 15 18 19 21 22 22 22 23 23 24 25 25 25 25 25 27 27 27 28 28 
0.500000 51.000000 1 1 4 4 4 6 7 7 7 9 9 10 10 10 10 11 13 17 20 20 22 23 24 24 27 27 27 28 
0.400000 44.000000 1 1 2 4 4 5 6 8 9 10 10 13 13 15 15 18 19 20 20 22 22 25 26 27 27 27 28 28 
0.400000 42.000000 2 2 3 3 5 5 5 6 6 7 10 11 12 12 13 14 14 17 17 18 20 20 21 24 24 25 25 28 
0.500000 53.000000 2 4 4 4 4 7 7 8 10 11 11 12 13 16 17 17 18 18 19 19 19 19 22 23 24 24 24 26 
0.500000 41.000000 1 2 2 2 2 3 4 5 6 7 7 8 9 12 12 13 15 15 17 20 21 22 22 23 24 26 28 28 
0.400000 44.000000 2 3 4 5 6 7 9 11 11 12 12 15 16 17 18 18 19 19 19 20 21 23 23 24 26 27 27 27 
0.500000 45.000000 3 3 3 7 7 8 10 11 11 12 12 13 13 13 13 13 13 15 15 19 19 20 23 24 25 25 26 28 
0.500000 36.000000 1 1 1 1 2 4 5 5 6 11 12 12 13 14 15 22 22 22 22 23 24 24 25 26 26 27 27 27 
0.400000 31.000000 1 1 1 1 2 3 3 6 8 10 12 12 13 14 16 16 17 17 18 19 20 20 20 21 22 25 27 28 
0.400000 38.000000 1 1 2 2 4 5 7 9 11 11 12 12 13 14 14 14 14 17 19 19 21 22 24 24 26 27 28 28 
0.500000 48.000000 1 2 3 4 5 7 9 9 10 11 12 13 13 13 14 14 15 16 17 21 22 22 24 24 25 26 26 27 
0.500000 39.000000 1 2 2 2 3 3 4 4 5 6 6 7 8 8 9 10 12 12 16 18 22 22 23 23 25 26 26 26 
0.500000 55.000000 3 4 4 6 7 7 8 8 8 9 9 10 10 12 13 14 15 15 16 16 16 16 18 18 21 24 26 28 
0.400000 44.000000 1 2 2 3 4 5 7 8 8 9 13 13 16 17 18 18 19 19 20 21 21 22 23 23 24 25 27 27 
0.500000 50.000000 1 2 2 4 5 5 7 8 8 11 12 12 13 15 15 15 16 18 19 20 20 20 24 24 25 26 27 28 
0.400000 45.000000 1 1 2 2 4 5 8 9 11 11 11 12 12 12 13 13 14 15 17 18 18 19 24 24 25 26 28 28 
0.500000 39.000000 1 1 2 3 4 4 4 6 7 10 14 14 14 15 16 16 19 19 22 22 23 23 24 26 26 26 27 28 
0.400000 51.000000 2 3 3 3 5 5 5 6 7 9 12 14 15 15 15 16 18 19 20 20 20 20 21 23 24 27 27 27 
0.400000 40.000000 1 2 4 6 7 8 10 10 11 11 12 12 14 15 15 18 20 21 22 23 24 25 25 26 27 27 28 28 
0.400000 48.000000 1 1 3 4 5 6 8 9 9 11 11 14 14 16 16 16 17 17 17 18 18 21 22 22 24 25 25 26 
0.500000 50.000000 3 3 4 4 4 4 4 5 5 6 8 10 12 14 15 16 16 16 16 17 19 19 23 25 25 26 27 27 
0.400000 42.000000 2 2 4 6 7 9 10 13 14 16 17 17 18 18 18 19 19 19 20 21 24 25 25 25 26 27 27 28 
0.400000 50.000000 1 4 4 4 5 6 9 10 10 11 12 13 14 15 15 17 17 18 18 19 20 20 25 26 27 28 28 28 
0.400000 37.000000 2 2 3 3 4 7 7 8 9 11 14 16 18 18 19 19 19 21 22 22 22 22 23 24 24 25 26 27 
0.400000 43.000000 2 3 3 4 5 10 10 11 12 12 12 14 15 15 16 16 17 18 19 19 21 21 21 24 25 26 27 28 
0.400000 37.000000 1 1 1 3 3 4 6 6 8 10 13 13 13 14 14 15 16 17 18 19 21 21 22 22 24 24 24 25 
0.500000 56.000000 2 3 5 7 9 9 9 10 10 11 12 12 15 16 17 17 18 18 19 21 22 22 23 23 24 26 27 28 
0.500000 47.000000 3 4 6 9 10 11 11 11 11 12 15 15 16 17 19 20 20 20 20 20 21 21 22 24 24 26 26 27 
0.400000 40.000000 1 1 3 3 5 6 6 6 7 7 7 9 10 10 14 16 18 18 19 20 23 25 25 27 27 27 27 28 
0.500000 42.000000 1 2 2 2 3 3 6 6 7 7 9 10 10 10 13 14 16 17 18 20 20 20 21 24 24 25 27 27 
0.500000 44.000000 1 2 2 2 3 4 5 6 6 7 7 7 7 8 9 9 11 12 15 17 18 20 20 23 26 26 26 28 
0.400000 52.000000 3 4 5 7 7 8 9 10 10 12 13 13 15 15 17 17 18 19 20 22 23 23 23 25 25 27 27 27 
0.500000 35.000000 1 1 2 3 3 6 6 6 6 6 7 7 7 9 10 11 13 19 19 20 22 25 25 26 26 27 27 27 
0.400000 40.000000 1 2 2 3 4 4 4 5 7 8 11 11 11 12 12 15 16 18 18 19 19 21 22 26 26 26 27 27 
0.300000 43.000000 1 1 3 5 6 6 8 8 9 10 10 11 14 14 14 15 15 16 16 17 17 19 21 21 22 22 27 27 
0.500000 45.000000 1 4 6 7 7 7 7 9 10 11 11 11 11 15 15 19 22 22 22 24 24 24 25 25 26 26 27 28 
0.500000 40.000000 1 1 4 4 4 7 7 12 14 14 15 18 20 20 21 22 22 22 23 24 24 24 25 25 26 26 26 27 
0.500000 47.000000 1 3 4 4 6 7 7 8 8 9 11 11 13 15 16 16 19 20 20 20 22 23 24 25 25 27 28 28 
0.600000 59.000000 1 5 5 6 7 9 10 11 11 13 14 15 15 16 17 17 17 18 18 19 20 20 21 22 24 24 26 26 
0.500000 45.000000 1 1 2 2 4 4 5 10 13 13 14 14 15 16 18 19 19 19 21 24 25 25 26 26 27 28 28 28 
0.400000 41.000000 1 7 7 9 9 10 10 10 12 14 17 18 18 18 20 21 21 21 23 25 25 25 26 26 26 27 27 27 
0.500000 49.000000 1 2 4 5 5 6 7 7 8 9 10 11 13 14 14 15 17 19 20 20 21 21 23 24 24 24 26 28 
0.400000 41.000000 1 1 3 3 5 5 5 7 8 10 10 12 12 12 12 15 15 16 19 20 20 22 22 25 27 28 28 28 
0.500000 54.000000 2 3 4 7 9 10 10 11 12 14 15 15 15 15 16 16 17 18 19 20 20 21 22 24 26 26 27 27 
0.500000 56.000000 1 1 4 4 6 7 8 8 8 9 10 10 11 11 12 15 15 15 16 18 18 21 21 23 24 24 26 27 
0.400000 37.000000 1 2 2 4 5 7 7 8 12 13 14 15 17 21 21 21 21 22 22 22 24 24 25 25 25 27 27 27 
0.400000 46.000000 1 1 3 4 5 5 10 11 11 13 14 17 18 18 18 19 19 21 22 22 23 23 24 24 24 25 26 28 
0.500000 50.000000 2 3 3 4 5 5 5 5 6 8 11 13 14 14 15 16 20 20 20 21 21 22 23 24 25 26 27 28 
0.400000 34.000000 1 1 2 5 5 6 7 8 8 12 12 12 13 14 16 18 18 19 19 19 21 25 25 26 27 28 28 28 
0.500000 31.000000 1 1 2 3 4 7 10 12 13 15 17 19 20 20 21 21 21 22 22 23 23 23 24 24 25 27 27 28 
0.400000 38.000000 1 5 6 6 8 9 9 9 10 13 15 16 16 18 19 19 20 20 21 22 23 23 26 26 26 27 27 28 
0.400000 53.000000 1 3 3 7 8 8 9 10 13 13 14 14 15 17 18 18 18 18 18 19 20 20 23 23 23 25 26 27 
0.400000 46.000000 1 1 1 4 5 5 6 6 7 8 8 8 8 9 10 10 11 14 14 16 16 17 19 21 23 24 25 27 
0.400000 52.000000 1 2 2 3 4 4 5 5 7 8 8 9 9 12 13 13 13 14 15 17 17 18 18 19 21 22 26 27 
0.500000 43.000000 1 2 3 6 6 6 7 8 8 9 9 10 10 11 13 16 16 17 17 19 20 21 22 25 25 25 28 28 
0.500000 46.000000 3 4 6 7 8 9 9 10 11 11 12 13 13 14 16 16 17 17 19 19 20 23 23 25 25 26 26 27 
0.500000 44.000000 1 2 2 2 5 7 10 11 12 15 15 16 16 17 18 19 20 22 23 24 24 25 25 25 26 26 27 27 
0.400000 48.000000 1 1 2 3 3 4 4 5 5 9 10 13 14 15 15 17 17 18 19 21 21 22 22 24 25 25 26 27 
0.400000 37.000000 1 2 3 4 5 6 8 8 10 11 11 12 13 16 16 17 19 19 19 19 21 23 23 25 25 27 27 28 
0.400000 41.000000 1 2 3 3 4 4 5 6 6 8 10 12 13 13 13 14 15 16 16 16 18 20 20 20 24 27 28 28 
0.500000 47.000000 2 3 4 6 7 9 10 14 14 15 15 16 17 17 19 19 20 21 21 21 23 23 23 24 24 24 24 25 
0.500000 53.000000 3 3 3 4 6 7 8 9 10 10 10 10 10 12 13 13 15 15 15 16 16 16 17 17 21 21 24 25 
0.500000 43.000000 5 6 7 7 12 13 15 16 17 17 18 19 19 20 21 22 23 23 23 24 24 24 25 25 25 25 27 28 
0.500000 40.000000 1 2 2 2 3 3 4 6 6 7 10 13 14 15 17 18 20 21 22 23 23 23 23 24 25 26 27 28 
0.400000 39.000000 1 1 2 3 3 3 3 6 7 7 8 9 11 11 12 13 13 14 14 14 18 19 20 21 24 25 25 28 
0.600000 60.000000 1 1 2 3 3 5 5 5 5 7 9 9 10 13 14 14 15 15 15 16 19 20 23 24 27 27 28 28 
0.400000 43.000000 1 2 2 3 3 4 4 4 5 6 7 7 11 13 13 17 17 17 18 19 19 20 21 21 25 25 27 28 
0.400000 48.000000 4 5 6 7 7 9 10 10 12 12 14 14 15 15 15 18 19 21 22 23 24 24 24 25 27 27 27 27 
0.500000 48.000000 1 1 3 5 5 6 9 10 13 14 14 14 15 16 16 17 19 20 20 20 22 23 23 24 26 26 27 28 
0.400000 45.000000 2 2 3 8 8 8 8 9 9 9 10 11 16 16 16 16 18 19 20 20 22 22 23 24 25 25 25 27 
0.500000 48.000000 2 4 5 6 7 7 8 8 9 10 12 12 14 15 15 15 16 17 19 19 20 21 23 25 26 26 27 28 
0.400000 38.000000 1 2 3 4 4 5 5 6 6 8 8 10 12 13 13 14 17 18 19 21 22 23 25 25 25 26 26 27 
0.400000 47.000000 1 1 1 2 2 4 4 5 6 7 8 10 11 14 17 18 18 18 18 22 22 23 24 25 27 28 28 28 
0.500000 48.000000 2 2 4 4 5 7 7 8 9 11 11 12 13 14 16 16 17 17 19 19 20 23 23 24 25 26 27 28 
0.500000 52.000000 1 2 2 3 4 7 7 7 8 8 9 9 9 9 10 11 14 15 17 17 19 20 20 21 23 25 26 28 
0.400000 47.000000 1 3 3 5 5 5 6 6 6 8 10 10 11 11 11 11 13 14 16 17 18 20 20 22 24 25 27 27 
0.500000 41.000000 2 4 4 5 5 6 6 6 6 7 7 10 10 13 14 15 16 17 19 19 22 24 25 26 26 26 27 27 
0.500000 51.000000 1 3 3 5 7 8 9 9 10 11 12 14 15 16 17 18 19 19 20 21 21 23 23 24 24 25 25 26 
0.400000 44.000000 1 2 2 2 3 6 7 9 9 10 10 10 11 15 16 17 18 18 21 22 22 24 24 25 25 28 28 28 
0.500000 50.000000 1 2 3 5 7 7 7 7 7 8 8 9 10 10 12 13 14 15 16 16 18 19 19 23 24 24 26 27 
0.400000 30.000000 1 1 2 3 4 5 6 6 8 8 8 9 10 12 13 14 19 20 21 22 22 22 22 23 23 26 28 28 
0.500000 39.000000 1 1 2 2 3 3 4 5 6 7 9 11 12 15 17 20 20 21 21 21 22 22 22 24 25 26 27 28 
0.500000 41.000000 1 3 4 4 4 5 6 6 6 7 8 8 12 12 13 13 14 15 16 19 19 24 25 25 25 26 26 28 
0.400000 45.000000 2 2 3 4 5 5 6 9 9 11 12 12 14 16 18 18 18 19 19 20 23 24 24 24 25 26 27 27 
0.500000 57.000000 2 3 5 5 5 7 7 7 8 9 10 10 13 13 14 15 16 17 17 17 18 19 21 22 23 24 25 28 
0.500000 55.000000 3 4 5 5 7 7 8 9 9 9 9 9 16 16 17 18 20 20 20 21 22 22 22 25 26 27 27 28 
0.500000 53.000000 2 3 7 8 9 9 10 11 11 12 14 15 15 16 16 16 17 17 18 20 20 20 21 23 24 24 25 26 
0.400000 41.000000 1 1 1 2 4 7 8 8 13 13 15 17 18 18 18 19 20 21 21 23 23 24 25 25 25 26 28 28 
0.500000 40.000000 2 3 4 4 5 6 6 7 7 8 9 12 13 15 16 17 19 19 21 21 22 22 23 24 25 26 26 28 
0.400000 36.000000 1 2 2 2 3 4 6 8 10 11 11 12 12 13 14 14 17 18 19 20 22 22 23 25 27 27 27 28 
0.400000 55.000000 1 3 3 3 4 4 5 5 5 5 5 6 8 8 9 9 11 14 15 16 17 18 19 20 20 22 25 28 
0.400000 45.000000 2 3 3 5 6 9 9 11 13 13 13 15 16 17 17 18 19 19 19 21 21 21 23 24 24 25 25 27 
0.500000 43.000000 1 1 1 2 2 5 6 7 8 8 9 11 12 15 15 15 16 17 19 20 20 21 22 23 26 26 26 27 
0.500000 50.000000 1 2 5 5 5 5 5 6 7 8 9 11 12 13 13 14 16 17 19 20 21 23 24 25 26 27 28 28 
0.400000 51.000000 1 2 3 3 4 4 4 5 6 8 8 8 9 11 11 11 11 13 15 15 16 16 19 21 22 22 27 28 
0.400000 40.000000 1 1 2 3 3 4 4 5 6 6 6 8 9 9 12 13 13 18 18 18 20 20 22 24 24 25 26 28 
0.500000 48.000000 2 2 2 2 3 4 4 5 5 7 7 9 9 10 11 16 16 17 17 17 19 20 23 24 25 25 26 27 
0.400000 42.000000 1 2 2 3 4 4 5 5 6 7 11 11 11 12 12 16 16 17 18 18 20 21 24 24 25 26 27 28 
0.400000 41.000000 2 3 3 4 6 6 6 6 8 8 9 12 14 15 15 17 18 18 18 19 19 19 20 21 21 23 26 27 
0.500000 52.000000 1 2 3 3 4 5 7 7 8 10 13 13 14 15 16 16 16 18 18 19 21 21 23 23 24 24 26 27 
0.500000 44.000000 1 4 5 5 5 6 6 8 8 10 12 13 13 14 14 16 16 19 20 20 21 24 24 24 25 25 26 28 
0.500000 51.000000 1 2 2 4 4 4 5 6 7 9 9 14 14 15 16 16 16 17 17 17 19 20 22 22 24 26 27 27 
0.500000 45.000000 2 2 3 4 5 5 6 6 6 6 7 8 8 10 12 13 13 15 16 16 16 17 17 18 20 23 24 26 
0.500000 48.000000 3 4 5 7 7 7 9 9 9 12 12 14 14 14 16 16 20 20 21 21 21 22 24 24 24 26 27 28 
0.500000 39.000000 1 1 1 2 2 4 5 8 9 12 13 13 15 16 16 19 20 21 21 22 22 24 25 26 27 28 28 28 
0.500000 55.000000 3 3 3 4 5 5 5 5 10 10 10 11 12 16 16 16 17 18 18 21 22 22 22 23 24 24 25 26 
0.400000 41.000000 1 1 1 2 3 3 3 4 5 5 5 5 6 7 7 8 11 12 12 14 15 20 20 22 23 26 27 27 
0.400000 41.000000 2 3 5 5 6 6 9 12 13 14 14 14 15 16 17 18 19 20 20 20 21 22 23 24 24 26 28 28 
0.500000 40.000000 2 4 6 6 6 7 7 10 10 10 12 15 17 18 22 22 22 23 23 23 24 24 25 25 26 28 28 28 
0.400000 39.000000 1 1 1 1 2 3 4 5 6 8 9 10 12 12 12 14 14 14 14 14 14 15 19 24 24 24 26 27 
0.400000 40.000000 2 2 3 3 3 4 4 6 8 10 11 11 12 13 14 15 15 17 18 20 20 21 22 22 22 23 26 26 
0.400000 42.000000 1 2 4 4 4 4 4 4 5 6 6 7 7 8 8 10 11 12 17 18 18 19 20 20 24 26 26 28 
0.500000 46.000000 1 3 3 5 6 6 7 7 7 9 9 10 10 11 12 16 16 17 17 18 19 19 20 25 25 26 26 27 
0.500000 55.000000 3 3 5 6 7 7 8 9 9 11 11 12 15 15 18 18 18 19 20 20 20 22 22 24 24 24 25 28 
0.500000 43.000000 1 2 4 9 10 12 12 12 13 16 16 17 17 17 18 19 22 22 23 23 24 24 24 25 25 25 25 27 
0.600000 58.000000 7 7 7 8 9 10 11 11 13 13 14 15 15 15 16 17 17 19 20 20 21 21 22 23 24 26 27 28 
0.400000 48.000000 2 3 3 7 8 9 10 10 10 12 12 12 12 13 14 14 15 15 17 18 18 19 19 20 23 26 27 28 
0.500000 48.000000 1 1 4 5 5 5 6 8 10 10 10 11 14 15 15 16 19 20 21 22 23 24 25 26 26 26 27 27 
0.400000 44.000000 3 3 6 6 7 7 8 8 8 9 9 10 11 11 11 12 13 14 14 14 14 19 20 21 22 23 24 28 
0.400000 46.000000 1 3 4 5 5 8 9 11 11 11 12 12 15 16 16 17 18 19 19 21 22 24 25 25 25 26 27 27 
0.400000 39.000000 3 5 6 6 6 7 8 10 10 10 10 11 13 13 15 18 19 21 21 21 22 24 25 25 27 27 28 28 
0.400000 50.000000 1 4 4 5 5 6 8 9 9 10 11 13 13 14 16 17 17 17 18 19 21 22 23 24 24 25 25 27 
0.400000 45.000000 1 1 4 5 5 5 6 6 8 8 10 11 13 15 16 17 18 18 19 20 20 22 25 25 26 27 28 28 
0.400000 50.000000 1 1 2 3 4 4 5 7 7 7 8 8 8 10 10 10 11 12 12 13 14 15 16 17 18 19 24 28 
0.400000 39.000000 2 4 6 7 7 8 10 11 13 13 13 18 18 18 19 20 20 20 20 21 21 23 24 24 24 28 28 28 
0.500000 53.000000 1 4 6 7 7 7 8 9 10 10 12 13 14 14 14 14 15 15 15 19 19 20 24 27 28 28 28 28 
0.500000 48.000000 1 2 3 4 4 5 6 6 10 10 12 13 15 15 15 16 17 18 20 20 20 23 24 25 26 26 27 27 
0.400000 44.000000 1 2 3 5 6 6 6 7 8 8 10 11 12 13 15 15 15 16 18 18 18 19 25 25 26 27 27 28 
0.400000 35.000000 1 3 4 5 6 8 8 14 14 15 16 17 19 19 19 20 20 21 21 22 22 22 22 25 25 26 27 28 
0.400000 40.000000 1 2 2 2 2 3 4 5 7 7 9 10 16 16 17 17 18 19 19 20 20 22 23 23 26 27 27 27 
0.400000 42.000000 1 2 5 6 8 11 12 12 14 14 14 14 16 17 18 18 18 19 21 24 24 25 25 25 25 26 28 28 
0.500000 47.000000 1 1 2 2 7 10 10 10 10 13 13 13 15 15 16 17 17 17 17 19 22 22 22 23 24 25 26 28 
0.500000 44.000000 1 2 4 4 4 6 7 10 10 10 11 11 12 15 16 17 20 20 22 23 24 24 24 25 25 26 27 28 
0.500000 45.000000 1 1 2 3 3 3 4 4 4 6 7 8 10 10 10 11 13 16 18 20 20 20 21 23 24 25 26 27 
0.400000 38.000000 1 1 1 2 4 6 7 8 10 10 10 11 11 14 15 18 18 20 22 23 25 25 26 26 26 27 27 28 
0.500000 43.000000 2 2 2 3 4 6 7 7 7 8 8 9 9 9 11 12 16 16 17 21 21 22 23 25 25 26 27 28 
0.500000 45.000000 1 2 4 5 6 7 8 8 9 10 10 13 16 16 16 16 17 18 21 22 22 23 25 25 26 26 27 28 
0.400000 42.000000 1 1 1 2 3 5 5 6 7 7 8 8 10 12 15 15 17 17 19 20 21 22 22 23 23 25 27 28 
0.500000 33.000000 1 2 2 3 4 5 6 7 7 7 8 12 12 13 15 16 16 19 19 20 20 21 22 26 26 26 28 28 
0.300000 39.000000 1 2 3 3 5 5 6 8 9 9 10 10 15 16 18 19 20 20 20 22 23 23 25 25 27 27 27 27 
0.500000 54.000000 4 4 4 5 6 8 10 10 11 11 13 14 15 15 16 16 16 17 18 18 19 20 24 24 25 26 26 27 
0.400000 39.000000 1 3 3 6 6 7 7 8 8 9 9 10 12 14 14 15 16 17 19 19 20 20 20 23 23 25 26 27 
0.500000 48.000000 1 1 1 2 2 3 8 9 9 9 9 10 11 12 13 14 16 16 20 22 22 22 23 24 24 24 27 28 
0.400000 46.000000 1 1 3 5 7 7 8 10 12 13 13 14 15 16 18 18 18 19 19 19 20 22 22 24 27 28 28 28 
0.700000 60.000000 4 5 5 7 8 8 8 9 9 9 10 10 11 12 12 14 15 16 16 16 16 19 20 21 24 24 26 28 
0.500000 48.000000 1 1 1 2 4 5 7 8 9 11 11 12 15 16 17 18 20 20 20 21 23 24 25 25 26 27 28 28 
0.500000 50.000000 1 4 7 8 9 9 9 10 12 13 13 16 16 16 17 17 18 19 19 21 22 23 23 24 24 25 26 28 
0.400000 48.000000 2 2 3 4 5 6 7 8 8 8 9 10 11 13 14 15 15 16 17 19 21 21 22 22 22 23 27 27 
0.400000 50.000000 1 5 8 9 10 11 11 12 13 13 14 14 17 17 18 18 18 19 20 21 22 23 24 24 24 25 25 27 
0.400000 50.000000 1 3 3 3 4 5 5 6 6 7 7 8 9 9 10 10 10 11 16 17 18 18 19 21 23 25 27 27 
0.500000 45.000000 1 2 2 2 3 3 4 5 5 6 9 10 11 11 13 16 17 20 20 21 21 22 22 23 24 24 24 28 
0.400000 39.000000 1 1 2 2 3 4 4 4 5 5 6 6 7 12 13 17 18 18 19 20 21 22 23 24 24 24 27 28 
0.500000 53.000000 1 1 2 4 5 5 6 7 7 8 10 10 11 12 13 13 14 15 17 18 18 20 21 24 24 24 24 28 
0.400000 33.000000 1 3 3 3 3 4 4 6 6 7 11 11 12 13 14 14 14 15 19 20 21 22 22 22 22 24 26 27 
0.500000 52.000000 1 1 3 4 4 4 5 7 9 9 10 12 16 16 17 18 18 19 19 19 20 21 23 24 24 26 26 28 
0.500000 52.000000 1 1 2 3 4 6 7 7 8 9 9 9 10 11 12 12 12 14 15 15 17 18 20 23 24 26 28 28 
0.400000 49.000000 2 3 3 3 4 5 5 5 7 8 9 10 10 11 11 13 17 19 20 20 20 20 23 23 25 25 27 27 
0.400000 39.000000 1 1 2 3 3 4 5 6 7 7 8 9 11 12 12 16 16 17 18 18 22 22 23 23 25 26 28 28 
0.400000 39.000000 3 5 5 6 6 7 8 8 9 10 10 12 12 13 18 19 20 20 20 22 23 24 25 25 25 27 28 28 
0.500000 40.000000 1 2 2 3 3 4 4 6 7 7 7 7 10 10 12 12 13 14 15 16 17 19 20 23 26 27 28 28 
0.400000 46.000000 1 1 3 5 5 6 6 9 10 11 12 13 14 14 16 17 18 18 21 22 23 23 24 25 27 27 27 28 
0.400000 42.000000 2 2 3 4 5 6 7 7 8 10 11 11 11 13 15 16 18 18 18 20 20 21 22 26 26 26 28 28 
0.400000 38.000000 1 1 1 2 2 3 4 5 8 8 10 11 13 13 13 13 16 18 18 22 23 23 24 25 25 26 26 28 
0.500000 43.000000 1 1 1 1 2 2 2 4 10 10 11 12 14 15 15 15 17 18 20 24 25 25 25 26 26 26 26 27 
0.500000 55.000000 1 3 4 5 8 9 11 13 13 14 14 14 15 16 17 19 19 20 20 21 22 22 23 23 24 24 27 27 
0.500000 56.000000 1 1 2 3 5 5 5 8 9 10 12 12 12 13 13 14 14 15 16 17 17 18 18 20 21 24 26 28 
0.400000 39.000000 1 1 2 3 4 4 5 6 8 10 10 10 11 11 14 14 15 19 19 20 21 21 25 26 26 27 27 28 
0.400000 47.000000 2 2 3 3 3 4 4 5 5 5 5 6 7 9 13 15 15 19 19 19 20 21 23 23 24 27 28 28 
0.400000 39.000000 1 1 2 2 3 5 6 7 7 9 11 13 13 16 16 18 18 19 21 22 23 24 25 27 27 27 27 28 
0.500000 53.000000 1 1 1 2 4 4 5 7 7 8 8 9 9 9 11 11 12 13 13 15 16 17 19 20 24 26 27 28 
0.500000 45.000000 2 3 7 7 9 11 13 13 13 14 14 14 15 16 17 20 21 22 22 22 23 24 24 25 25 26 27 28 
0.400000 38.000000 2 3 6 7 8 8 9 10 12 14 15 16 16 17 17 18 19 20 20 21 21 21 21 21 23 25 26 28 
0.400000 44.000000 1 1 1 1 3 4 4 4 5 6 9 12 13 14 14 15 17 17 18 19 21 22 22 25 26 27 28 28 
0.400000 46.000000 1 3 3 5 6 6 7 8 9 9 10 10 10 10 11 13 14 15 16 19 19 20 22 23 27 27 27 28 
0.500000 33.000000 2 2 3 3 6 7 7 8 9 11 12 12 12 13 15 17 19 19 19 20 21 21 22 22 25 26 26 27 
0.400000 32.000000 1 2 2 3 3 6 6 7 12 13 13 14 14 16 17 17 18 18 18 19 21 22 22 22 23 26 27 28 
0.400000 40.000000 1 2 3 5 5 6 7 8 9 9 10 12 12 12 13 15 15 16 19 21 21 22 22 24 24 26 27 27 
0.500000 62.000000 1 5 8 9 9 14 14 14 15 15 16 17 17 17 17 18 18 18 19 21 21 21 22 23 23 24 25 27 
0.400000 37.000000 1 1 2 2 3 4 4 6 7 7 8 8 9 10 10 10 12 18 18 19 21 21 24 25 25 26 26 27 
0.400000 45.000000 1 1 4 6 8 8 8 9 9 10 10 12 12 12 13 15 15 16 17 17 18 19 19 22 23 24 25 26 
0.500000 53.000000 4 5 7 7 9 9 9 10 10 11 11 13 14 14 17 18 19 19 19 20 22 24 25 26 26 27 28 28 
0.400000 50.000000 1 1 2 2 5 7 7 7 7 8 9 10 11 14 15 16 17 18 18 20 20 21 21 24 27 27 27 28 
0.400000 38.000000 1 1 2 3 3 3 4 5 6 6 9 12 13 14 14 17 18 18 20 20 21 22 22 22 23 24 28 28 
0.400000 49.000000 1 2 2 3 5 8 9 10 10 10 11 11 12 13 15 16 17 17 21 21 22 23 23 23 23 27 27 28 
0.500000 42.000000 2 2 3 4 6 7 8 9 9 10 12 13 14 16 16 16 18 19 23 23 23 25 25 26 26 26 27 28 
0.500000 45.000000 2 2 3 4 5 5 6 7 8 11 12 13 14 14 15 16 16 17 17 21 22 24 25 25 25 25 26 27 
0.400000 33.000000 2 3 4 6 7 8 9 9 9 10 12 12 12 14 14 16 20 21 21 22 22 22 23 26 26 27 28 28 
0.400000 40.000000 1 2 2 2 3 3 4 4 5 6 8 9 9 12 12 12 13 15 15 15 21 22 22 23 26 26 27 27 
0.500000 46.000000 2 2 3 3 3 4 5 9 9 9 14 14 15 19 19 21 21 22 22 23 24 24 25 25 25 25 26 28 
0.400000 39.000000 1 2 5 6 7 8 9 13 13 13 14 15 17 18 20 20 21 21 21 21 23 25 25 26 27 28 28 28 
0.400000 52.000000 1 2 4 6 7 7 7 9 9 9 10 10 15 17 17 17 17 17 18 18 19 19 21 21 21 22 26 27 
0.400000 43.000000 4 4 5 6 6 8 8 8 10 10 11 11 12 13 14 18 18 19 20 20 20 20 23 23 24 26 27 28 
0.400000 45.000000 1 3 4 4 4 5 6 6 8 8 9 9 11 11 13 13 14 17 19 20 21 21 22 24 25 25 27 27 
0.400000 40.000000 2 4 4 5 6 6 7 8 10 11 12 13 13 13 16 17 17 18 18 19 20 21 21 22 24 24 26 27 
0.400000 34.000000 1 3 4 12 12 12 13 13 14 15 16 16 17 17 18 20 20 20 21 21 21 22 22 24 25 26 27 27 
0.500000 44.000000 1 3 4 4 6 6 7 7 9 10 11 11 11 13 13 14 16 16 17 22 22 22 23 24 26 26 27 28 
0.400000 49.000000 1 3 3 3 6 7 8 9 9 10 10 11 13 15 17 18 18 19 20 20 21 22 23 23 23 25 27 28 
0.500000 48.000000 4 4 5 5 6 7 7 7 8 8 9 10 13 15 15 17 19 20 20 20 21 24 25 25 25 26 26 27 
0.400000 41.000000 2 2 3 5 6 8 8 9 9 10 11 12 12 13 15 17 19 21 21 22 23 23 24 25 25 25 28 28 
0.400000 45.000000 2 2 3 5 7 7 8 8 9 9 9 11 12 12 12 12 13 13 14 15 16 16 18 23 24 26 27 28 
0.400000 57.000000 1 5 8 9 9 9 11 11 12 12 13 14 14 14 15 15 17 17 18 18 19 20 23 25 27 27 28 28 
0.400000 42.000000 3 3 4 4 6 6 6 7 7 7 10 15 15 16 17 18 18 20 20 20 21 22 23 23 24 24 28 28 
0.500000 45.000000 1 1 2 4 4 7 8 9 9 13 13 16 16 16 17 18 19 21 22 24 24 24 25 25 25 25 26 27 
0.400000 40.000000 2 3 4 6 7 10 13 13 14 15 18 18 18 18 20 21 21 22 23 23 23 25 26 26 27 28 28 28 
0.400000 32.000000 1 1 2 2 2 3 3 4 6 7 7 7 8 12 12 13 14 16 17 18 18 19 20 21 23 26 28 28 
0.500000 55.000000 1 1 5 5 6 7 7 8 8 9 10 11 13 13 15 15 16 17 17 17 17 19 20 21 21 23 24 25 
0.300000 31.000000 1 2 3 3 4 6 6 6 7 8 8 8 8 11 13 13 13 14 15 16 18 18 19 19 22 22 23 27 
0.500000 60.000000 2 3 4 5 5 5 5 5 6 9 13 14 14 15 17 18 18 18 18 20 22 22 23 24 24 27 27 27 
0.500000 32.000000 1 2 3 4 4 5 6 7 8 12 12 13 13 13 16 17 19 19 20 20 21 21 22 23 24 24 27 27 
0.400000 40.000000 1 2 2 3 4 6 6 6 8 8 9 14 15 15 17 17 18 20 20 20 20 21 22 23 25 25 26 28 
0.500000 50.000000 3 4 5 5 7 8 9 10 10 11 12 15 16 16 17 19 20 20 20 21 21 22 24 24 24 25 25 28 
0.400000 48.000000 1 3 3 4 4 6 6 7 8 8 9 9 11 13 14 15 17 17 18 20 21 21 22 22 23 23 25 27 
0.500000 56.000000 2 4 5 7 8 8 9 9 10 14 14 15 15 17 17 17 18 19 20 21 21 21 23 23 24 24 25 25 
0.400000 42.000000 1 1 3 4 6 7 7 9 9 9 10 10 12 13 17 18 18 19 21 21 22 23 24 24 25 26 28 28 
0.400000 31.000000 1 1 2 3 5 6 7 7 8 11 13 14 16 18 18 20 20 21 21 21 22 23 23 24 26 27 28 28 
0.500000 50.000000 2 3 4 6 7 7 7 8 8 9 10 12 14 14 14 14 15 15 16 16 16 18 19 24 24 25 26 27 
0.400000 40.000000 3 3 4 6 6 9 9 10 10 10 13 15 16 17 19 19 19 20 21 21 22 23 25 25 27 28 28 28 
0.400000 44.000000 1 1 2 2 3 3 3 4 4 4 5 5 6 6 7 8 11 12 12 14 14 15 16 17 17 22 22 28 
0.400000 40.000000 1 2 2 3 3 4 5 5 6 7 8 10 10 12 14 15 16 18 19 20 20 21 25 25 26 27 28 28 
0.400000 46.000000 1 2 5 5 5 6 7 8 8 9 9 10 10 11 11 14 16 17 18 19 20 25 25 25 26 26 27 28 
0.500000 38.000000 1 2 2 2 3 4 6 6 7 7 9 13 16 17 18 19 20 20 22 23 23 23 23 24 24 26 28 28 
0.400000 48.000000 1 1 2 2 3 4 4 5 6 9 9 9 10 11 13 15 17 17 20 21 21 22 23 23 24 27 27 28 
0.400000 37.000000 1 1 1 3 3 6 7 7 7 8 10 10 11 11 12 15 15 16 18 19 22 23 23 23 26 28 28 28 
0.500000 47.000000 1 2 3 3 4 4 4 5 6 7 7 7 8 9 9 14 14 14 14 16 19 21 22 22 24 26 26 28 
0.400000 39.000000 1 1 1 2 3 4 7 7 8 9 10 10 11 12 12 12 13 13 14 15 17 17 20 21 22 26 28 28 
0.400000 52.000000 3 3 4 4 5 6 7 8 9 9 11 11 12 12 13 13 16 17 17 18 18 18 20 23 23 24 25 27 
0.400000 40.000000 2 2 3 3 5 6 7 10 11 12 14 14 15 15 16 17 18 19 19 19 20 21 21 22 24 24 26 27 
0.400000 34.000000 1 1 1 2 3 3 4 9 11 11 12 14 14 17 18 19 20 20 21 22 22 23 23 25 26 26 27 28 
0.500000 46.000000 2 3 4 4 4 5 5 6 6 7 10 11 11 12 12 12 15 15 17 19 20 22 24 25 26 26 27 28 
0.400000 43.000000 1 1 1 2 3 4 4 4 6 8 9 10 10 10 11 11 12 13 14 15 16 19 22 24 24 27 28 28 
0.400000 36.000000 2 3 4 6 6 7 7 7 7 11 11 12 13 13 14 14 15 18 21 21 23 25 26 26 27 27 27 28 
0.400000 39.000000 1 4 7 8 9 10 10 11 11 14 15 18 19 19 20 21 22 22 22 23 23 23 24 24 26 26 27 27 
0.500000 49.000000 2 3 4 7 7 7 9 9 10 12 13 13 13 14 15 16 17 18 19 20 22 22 23 24 26 26 27 28 
0.400000 38.000000 2 3 4 4 5 6 6 7 7 8 8 9 10 13 16 18 18 19 19 20 20 21 23 23 24 26 26 28 
0.400000 36.000000 1 2 4 6 7 8 9 13 14 15 16 16 18 19 20 20 21 22 22 22 23 24 24 25 26 27 27 28 
0.400000 45.000000 2 3 5 5 6 6 8 10 12 12 14 15 15 15 15 16 17 18 19 20 21 22 22 23 24 26 28 28 
0.500000 43.000000 1 2 2 2 4 4 4 5 5 5 7 8 9 10 12 12 16 16 21 21 21 24 24 25 26 26 28 28 
0.500000 49.000000 1 2 2 2 2 5 5 7 7 8 9 10 10 11 14 14 15 16 18 18 21 21 24 26 26 26 28 28 
0.400000 43.000000 2 2 2 2 7 8 9 9 11 13 14 14 14 14 16 17 20 20 22 23 23 23 23 24 27 27 27 28 
0.500000 50.000000 3 4 5 6 7 8 9 9 11 12 12 13 14 15 15 16 16 16 18 20 20 21 21 24 24 26 26 28 
0.400000 35.000000 1 3 6 6 7 8 8 9 10 11 12 12 12 14 14 16 16 17 17 18 19 20 20 21 21 23 26 28 
0.500000 42.000000 2 2 2 3 3 4 4 7 8 11 12 13 14 14 15 15 19 20 20 20 20 22 22 22 26 26 27 27 
0.500000 43.000000 1 1 1 2 3 5 5 7 7 7 11 11 12 15 16 16 19 20 21 23 23 24 25 26 27 27 28 28 
0.300000 35.000000 1 1 1 3 3 5 6 8 8 9 11 11 13 13 15 18 18 19 19 19 19 20 20 22 25 27 27 28 
0.400000 41.000000 1 8 8 9 9 11 11 12 12 12 12 14 14 15 16 17 19 20 20 21 21 21 22 23 24 27 27 28 
0.400000 47.000000 1 4 5 6 7 8 9 9 10 14 16 17 18 18 18 19 20 20 20 21 23 25 25 26 27 27 27 28 
0.400000 45.000000 1 2 3 4 4 4 5 6 7 7 8 10 11 12 15 16 16 17 17 18 19 21 21 24 25 25 27 28 
0.500000 47.000000 4 5 6 7 8 8 9 9 10 10 10 10 11 12 12 14 16 19 20 21 22 23 23 24 26 26 28 28 
0.500000 47.000000 1 1 3 3 4 4 6 8 9 9 9 13 13 13 14 15 16 20 20 21 22 23 24 24 25 25 26 28 
0.500000 40.000000 1 2 2 3 3 4 4 5 6 9 13 13 13 13 13 14 16 17 19 21 22 23 23 25 26 26 26 28 
0.400000 54.000000 1 2 4 5 8 9 9 10 10 11 11 12 12 13 13 15 15 17 17 18 20 20 21 24 25 27 27 27 
0.500000 46.000000 1 2 2 4 4 5 7 7 8 8 12 13 13 16 16 17 17 18 19 20 20 20 24 25 25 25 27 28 
0.400000 34.000000 2 2 6 6 8 9 11 12 12 12 13 14 14 16 17 18 18 18 19 19 19 20 23 24 26 26 26 27 
0.400000 35.000000 2 2 3 4 5 7 8 10 12 12 12 13 13 13 14 16 18 18 19 22 23 23 23 24 26 27 28 28 
0.400000 44.000000 1 2 3 5 6 7 8 8 9 10 10 11 11 11 11 12 15 16 17 19 20 20 20 21 23 26 27 28 
0.600000 61.000000 5 7 7 8 8 9 10 11 13 13 14 14 14 14 17 17 18 19 19 20 20 20 20 21 21 24 24 28 
0.500000 47.000000 1 3 3 5 5 6 6 7 7 9 9 10 11 12 15 15 17 21 22 22 23 23 24 24 25 25 26 27 
0.400000 42.000000 1 2 3 3 5 6 6 7 8 9 10 12 12 13 13 14 15 15 16 18 19 19 22 24 25 27 27 27 
0.400000 37.000000 1 2 2 3 8 8 10 11 11 14 14 14 18 18 18 19 19 20 20 22 22 22 25 25 26 26 26 28 
0.500000 39.000000 2 2 4 4 6 6 7 8 9 10 10 12 12 13 13 16 17 20 21 21 22 24 25 25 26 27 27 28 
0.400000 39.000000 1 1 2 3 3 3 4 7 7 7 11 11 11 14 15 16 19 19 19 19 22 23 24 25 25 27 27 27 
0.400000 41.000000 1 3 7 7 10 11 11 11 11 12 14 14 14 15 16 18 18 21 21 22 23 24 25 26 26 26 27 27 
0.400000 37.000000 1 2 3 3 3 4 4 5 6 6 6 7 7 8 10 12 14 14 18 19 20 20 20 23 24 25 27 27 
0.400000 47.000000 1 1 1 1 2 4 5 7 8 9 9 11 13 16 16 17 17 18 19 20 20 21 22 24 25 27 27 27 
0.500000 49.000000 3 4 4 5 5 9 10 10 12 14 14 14 15 17 19 19 19 20 23 23 24 25 25 25 26 26 27 28 
0.500000 42.000000 1 4 5 6 6 7 7 8 8 9 10 12 12 13 15 16 16 18 19 19 20 23 25 26 26 26 27 27 
0.500000 52.000000 1 5 5 5 8 9 11 11 12 12 16 16 18 18 18 19 20 22 22 23 23 24 24 24 24 25 26 26 
0.400000 45.000000 2 2 2 5 5 6 6 7 7 8 10 10 14 14 15 15 16 16 17 17 18 20 20 25 26 27 27 28 
0.400000 48.000000 1 3 3 3 4 4 5 5 6 6 7 7 9 11 11 12 13 14 14 15 17 17 19 22 22 25 27 27 
0.500000 53.000000 2 3 3 4 4 4 4 5 9 9 9 13 13 15 16 16 16 17 19 19 20 21 23 25 26 27 27 27 
0.400000 52.000000 3 5 6 7 8 9 9 11 11 12 12 12 13 13 14 15 15 17 17 18 19 19 21 21 21 27 27 28 
0.400000 46.000000 1 3 6 7 8 8 10 11 11 12 12 14 14 15 16 16 16 17 17 17 17 19 19 20 20 20 21 23 
0.500000 52.000000 1 3 3 4 4 4 4 5 6 8 9 10 11 14 15 16 16 17 19 20 20 20 20 22 25 28 28 28 
0.400000 44.000000 1 5 5 6 8 9 9 11 13 13 14 14 15 17 19 19 20 20 21 21 22 23 23 24 26 27 28 28 
0.500000 46.000000 1 2 4 5 6 8 9 10 10 11 12 12 13 14 15 17 19 19 20 20 23 23 24 24 25 26 27 28 
0.400000 43.000000 1 3 4 5 7 8 8 9 10 10 12 12 12 12 14 15 16 17 18 19 19 19 20 21 22 26 27 27 
0.500000 44.000000 1 3 3 4 4 5 6 6 6 7 8 10 11 15 16 16 16 16 16 17 19 22 22 23 24 25 27 28 
0.400000 46.000000 2 4 6 10 10 11 11 12 13 13 14 14 17 18 18 18 19 20 20 21 22 23 24 24 24 27 27 28 
0.500000 44.000000 3 3 4 4 5 6 6 7 7 7 8 9 10 11 12 13 14 17 19 19 19 20 22 24 25 25 26 27 
0.500000 38.000000 2 2 2 3 5 6 6 6 7 7 11 12 12 15 16 17 17 17 18 19 19 20 21 21 22 24 24 26 
0.400000 34.000000 1 3 4 5 6 6 7 8 8 9 12 13 13 16 17 18 19 19 19 21 21 22 22 23 23 24 24 27 
0.400000 43.000000 2 2 3 3 4 5 5 6 6 6 7 7 7 8 11 13 13 14 16 17 17 17 18 18 21 21 22 26 
0.500000 54.000000 1 2 2 5 5 7 8 9 9 10 10 11 12 13 13 14 14 17 17 17 20 23 23 23 24 25 27 28 
0.500000 47.000000 3 3 3 3 4 4 6 6 6 9 9 10 10 10 13 14 15 16 18 19 20 23 23 23 24 24 25 26 
0.400000 45.000000 1 5 6 6 7 7 7 8 8 8 8 10 11 12 13 13 13 14 15 15 18 20 20 21 24 25 27 27 
0.400000 44.000000 1 2 3 3 4 4 5 5 6 7 8 9 11 12 12 15 15 16 16 17 19 20 22 23 23 26 27 28 
0.500000 52.000000 1 3 4 4 4 7 8 9 9 9 11 13 15 16 16 16 19 19 20 21 21 21 24 25 27 27 28 28 
0.400000 46.000000 1 4 4 4 5 6 7 7 8 8 9 9 13 14 15 17 18 19 19 19 19 21 22 22 24 26 28 28 
0.400000 41.000000 2 2 3 3 3 4 7 7 9 12 12 14 15 15 16 16 17 18 20 21 21 21 21 22 24 24 25 28 
0.500000 53.000000 4 4 4 7 8 8 9 9 14 15 15 16 18 18 19 19 20 21 22 22 22 23 24 24 24 25 26 26 
0.500000 51.000000 2 4 4 5 5 7 8 8 9 10 10 11 12 14 16 17 18 19 19 20 21 22 23 24 25 26 26 28 
0.400000 53.000000 1 1 2 2 3 3 5 8 9 11 11 12 14 15 15 15 15 16 17 18 18 21 21 21 23 26 27 27 
0.500000 49.000000 1 2 3 4 4 5 5 7 8 11 12 15 16 16 16 17 18 20 20 21 22 23 24 25 25 26 27 28 
0.400000 40.000000 1 1 3 3 3 4 6 8 9 10 11 12 14 15 16 17 18 19 20 20 21 21 21 22 22 23 24 27 
0.400000 39.000000 1 1 2 3 5 6 8 9 9 10 11 11 11 13 14 16 19 21 21 21 22 23 23 24 26 27 27 27 
0.400000 40.000000 1 1 2 5 5 6 6 7 11 12 13 13 14 15 16 17 17 18 19 19 23 23 23 24 26 27 27 28 
0.500000 39.000000 1 1 3 5 7 7 9 10 14 16 16 16 19 20 20 20 22 22 23 23 24 24 25 25 26 26 27 27 
0.400000 42.000000 1 2 2 2 3 4 4 7 8 11 11 12 14 16 16 17 17 17 18 19 21 21 21 22 25 25 27 28 
0.400000 45.000000 1 3 3 4 5 6 6 8 9 10 11 13 15 16 16 16 17 17 18 19 20 21 21 22 23 25 28 28 
0.400000 43.000000 1 2 3 4 5 7 9 9 12 13 15 16 18 18 18 19 20 21 21 22 23 24 25 26 26 27 28 28 
0.400000 45.000000 2 2 2 3 7 7 7 8 9 9 11 11 11 14 15 17 19 19 19 20 20 23 23 24 25 27 27 27 
0.500000 56.000000 1 3 4 5 5 5 8 9 10 11 13 13 15 15 16 17 18 18 19 22 22 23 24 24 25 25 26 27 
0.400000 33.000000 1 1 2 2 3 3 4 6 7 7 10 10 12 12 12 13 14 15 17 18 19 22 23 23 24 26 27 28 
0.400000 51.000000 1 1 3 4 4 5 5 5 5 6 6 8 9 9 10 10 12 14 17 17 18 18 19 22 23 26 27 28 
0.500000 52.000000 1 1 3 3 4 5 5 6 7 9 10 11 12 13 13 14 15 17 17 19 20 21 21 22 23 24 24 28 
0.500000 45.000000 1 2 2 4 5 6 7 7 8 10 10 11 11 14 14 15 16 16 17 22 23 23 24 24 25 26 26 27 
0.500000 53.000000 1 3 3 4 4 4 5 7 7 7 9 13 13 13 14 14 18 18 18 19 21 22 24 24 25 26 26 27 
0.400000 38.000000 1 6 7 7 7 7 8 8 8 10 11 11 11 12 14 16 18 20 22 22 22 23 24 25 25 27 28 28 
0.400000 36.000000 3 4 5 6 7 8 9 10 12 13 13 15 15 16 18 19 20 20 21 21 21 22 22 26 26 26 27 28 
0.600000 55.000000 2 2 3 5 7 8 9 9 9 10 10 10 11 11 12 14 14 14 15 20 21 23 23 24 24 24 26 26 
0.400000 39.000000 1 3 5 5 6 6 6 8 12 13 13 15 15 16 17 18 19 19 19 21 22 22 23 24 24 25 27 27 
0.600000 60.000000 4 4 4 5 5 8 9 11 11 13 14 14 15 16 16 17 18 18 20 22 22 23 24 25 26 27 28 28 
0.500000 31.000000 1 1 1 2 6 7 8 8 10 11 12 13 14 14 16 16 17 18 21 22 22 23 23 23 24 26 26 26 
0.500000 47.000000 1 1 2 3 4 5 7 7 8 8 9 11 12 13 14 16 16 16 17 17 19 19 22 23 24 25 25 28 
0.400000 45.000000 2 3 3 3 4 4 5 5 6 7 7 7 8 12 13 15 15 16 17 18 19 19 21 22 23 24 25 28 
0.400000 46.000000 1 1 2 3 3 5 6 8 8 9 9 10 10 12 14 16 16 17 18 18 19 20 21 23 24 25 25 27 
0.400000 37.000000 1 2 5 6 7 8 8 9 10 11 11 12 12 15 18 19 19 19 20 20 22 23 24 25 26 26 27 28 
0.400000 47.000000 1 3 3 4 4 5 5 5 6 6 7 7 8 10 14 15 16 17 17 18 21 22 22 23 24 25 25 27 
0.400000 39.000000 2 2 2 4 4 6 7 7 7 8 8 9 11 12 13 13 13 14 18 18 19 20 22 24 24 26 28 28 
0.500000 37.000000 1 1 2 2 3 5 5 6 6 8 11 12 13 13 14 16 17 19 21 22 23 23 23 23 24 24 26 27 
0.400000 47.000000 1 5 9 9 10 10 12 12 12 13 17 18 18 18 19 19 19 21 21 22 23 24 24 25 27 27 27 28 
0.400000 42.000000 2 2 4 5 7 8 11 13 13 13 14 17 17 18 18 19 20 20 20 20 21 22 23 24 25 26 28 28 
0.400000 41.000000 1 2 3 4 4 4 5 12 12 14 15 15 16 17 17 19 20 20 21 21 22 22 23 24 25 26 27 28 
0.500000 41.000000 1 3 3 3 4 7 7 7 9 10 11 11 12 16 18 19 19 20 21 22 23 23 25 25 26 26 26 28 
0.400000 47.000000 1 2 3 4 4 5 6 6 9 10 10 10 11 13 13 13 15 17 18 19 19 20 23 24 27 27 27 27 
0.400000 41.000000 1 2 2 3 3 3 5 5 5 6 9 12 12 13 14 17 18 18 19 20 20 20 21 22 24 25 26 27 
0.500000 42.000000 1 1 2 3 5 5 6 6 7 9 10 10 11 13 17 20 20 21 22 23 23 23 24 25 26 27 27 28 
0.400000 42.000000 1 2 3 3 4 5 6 6 7 8 8 9 12 13 13 15 15 16 17 17 19 20 21 21 21 22 23 24 
0.400000 47.000000 1 4 6 7 8 9 10 10 11 12 13 14 14 15 17 17 18 19 20 21 23 23 25 25 27 27 28 28 
0.600000 51.000000 1 2 3 5 5 6 7 7 7 8 8 9 9 9 13 15 16 16 16 17 20 20 21 23 25 26 26 26 
0.500000 48.000000 2 4 4 5 5 6 6 8 8 9 10 11 13 15 15 15 17 19 19 20 21 24 25 25 25 26 26 27 
0.400000 45.000000 1 1 1 2 3 4 5 8 9 9 11 11 11 15 16 16 17 18 20 21 21 22 23 25 26 26 27 27 
0.400000 46.000000 1 2 3 4 5 6 6 7 8 9 9 13 15 15 18 18 19 19 20 20 21 22 25 27 27 28 28 28 
0.400000 41.000000 1 1 6 6 8 9 10 12 14 14 14 15 16 16 17 17 17 19 19 19 20 22 23 23 24 25 27 28 
0.400000 41.000000 1 1 2 3 3 4 6 8 9 10 11 11 11 11 12 13 15 16 16 16 19 19 22 22 24 24 27 28 
0.400000 37.000000 1 1 3 3 3 4 5 6 6 6 7 7 8 11 11 14 16 18 20 22 22 23 23 25 25 27 28 28 
0.500000 55.000000 1 5 5 5 6 7 8 8 8 9 9 10 10 11 12 13 14 15 16 18 19 19 20 23 24 24 26 27 
0.300000 44.000000 2 3 3 4 6 7 8 8 9 9 9 10 12 13 15 15 15 15 16 19 21 22 23 23 25 27 27 27 
0.400000 50.000000 1 2 2 4 4 5 5 6 8 8 9 10 10 11 13 13 14 14 17 18 19 20 23 23 27 27 28 28 
0.400000 54.000000 1 2 3 3 3 5 5 8 8 9 9 10 10 10 11 12 13 14 15 16 16 17 18 19 19 20 22 28 
0.400000 36.000000 1 1 4 6 8 10 10 10 11 11 12 12 12 15 16 17 18 19 20 20 22 22 23 24 24 26 27 28 
0.400000 41.000000 1 2 2 3 4 4 5 6 6 7 8 10 11 12 14 15 17 18 21 21 23 23 25 25 27 28 28 28 
0.500000 46.000000 2 2 3 4 4 4 4 6 10 10 10 11 12 14 17 18 19 20 20 20 22 22 22 24 24 24 24 28 
0.400000 33.000000 1 1 2 3 4 5 6 7 7 8 8 10 12 12 12 13 18 18 20 22 23 23 25 25 26 26 27 27 
0.400000 45.000000 2 3 4 4 5 6 7 7 7 11 11 11 11 11 15 17 18 18 20 21 25 25 25 26 26 27 27 27 
0.400000 49.000000 1 1 2 3 3 3 4 5 5 5 7 8 9 9 11 12 12 13 14 17 18 22 22 22 23 25 28 28 
0.400000 39.000000 1 1 3 5 6 7 11 12 13 14 14 14 15 15 17 18 19 19 20 20 21 22 24 25 26 26 27 27 
0.500000 57.000000 1 3 3 4 5 10 11 11 14 15 15 16 17 18 18 18 18 20 20 21 21 23 23 24 25 26 26 27 
0.500000 44.000000 3 6 6 6 7 7 9 9 10 10 10 10 11 15 15 16 16 19 21 21 22 24 24 24 25 26 26 28 
0.500000 46.000000 1 1 2 3 3 5 6 10 13 15 15 15 15 16 18 20 21 22 22 23 23 23 25 26 26 26 27 27 
0.500000 40.000000 2 2 2 2 7 8 9 10 11 11 12 16 17 17 17 19 19 20 20 20 21 21 22 23 24 24 24 25 
0.500000 28.000000 1 1 3 6 6 8 9 10 12 12 12 13 13 14 15 16 16 19 20 21 22 22 22 24 26 27 27 27 
0.400000 46.000000 1 2 2 3 4 5 6 6 9 10 10 10 11 13 14 15 15 16 16 17 18 19 21 24 26 27 27 27 
0.400000 40.000000 1 1 1 1 8 8 9 9 10 10 11 12 12 12 15 16 17 18 20 21 22 22 24 24 25 25 26 27 
0.400000 49.000000 1 2 6 7 7 9 10 10 10 11 12 13 15 15 16 16 17 17 17 18 20 22 22 23 27 27 28 28 
0.500000 47.000000 2 2 3 3 4 5 6 7 9 9 10 10 11 12 14 15 15 20 21 22 23 23 25 26 26 27 28 28 
0.400000 37.000000 1 1 2 3 4 5 6 6 7 7 7 8 11 12 15 17 18 18 20 20 20 21 22 24 25 26 26 28 
0.400000 43.000000 1 1 2 2 3 8 9 10 10 11 12 14 16 16 16 17 18 18 18 20 20 20 21 22 24 26 28 28 
0.500000 41.000000 1 1 2 2 3 3 5 6 6 7 7 8 10 10 11 17 18 20 20 21 21 23 24 25 25 25 26 28 
0.400000 45.000000 2 2 4 5 7 8 9 10 14 15 16 16 16 17 18 19 20 20 21 22 23 24 25 25 27 27 28 28 
0.500000 47.000000 1 2 2 2 2 3 3 4 5 6 7 9 10 11 15 15 16 17 17 17 20 21 22 22 24 24 25 25 
0.500000 42.000000 1 2 3 3 4 5 6 8 9 9 12 13 15 16 16 16 19 19 20 20 20 21 22 25 26 26 27 28 
0.500000 48.000000 2 2 4 5 7 7 7 8 9 9 13 13 13 15 16 16 16 16 18 19 19 21 24 24 26 26 27 28 
0.400000 39.000000 1 2 2 3 3 5 6 6 13 14 14 14 15 15 16 16 16 18 19 20 20 20 25 26 27 27 28 28 
0.600000 60.000000 1 2 3 3 3 4 5 7 7 9 9 10 11 11 11 12 13 15 15 17 18 18 18 20 20 26 26 28 
0.400000 40.000000 1 2 3 3 3 7 7 7 7 8 10 10 12 12 13 13 14 15 15 17 18 19 20 20 21 25 26 27 
0.500000 36.000000 1 1 1 3 3 6 7 8 9 10 12 12 13 19 19 20 21 22 23 23 24 25 25 25 25 26 28 28 
0.500000 52.000000 1 2 2 3 3 4 4 5 6 8 9 9 10 13 14 14 15 15 15 18 20 21 23 24 25 26 26 27 
0.500000 44.000000 2 2 5 6 8 9 10 11 11 12 13 13 14 15 16 16 18 20 21 22 22 23 24 24 24 26 26 26 
0.500000 49.000000 1 2 4 5 7 7 7 7 10 10 14 14 14 15 15 16 17 19 20 20 22 23 24 26 26 27 27 28 
0.500000 37.000000 2 3 3 4 5 7 10 11 13 14 19 19 19 20 20 20 20 20 21 21 22 23 24 24 25 26 28 28 
0.600000 62.000000 1 1 1 3 4 4 4 5 8 8 9 9 9 10 10 14 14 16 17 18 18 20 21 22 23 24 24 24 
0.400000 46.000000 1 1 1 3 4 5 6 7 7 8 9 10 10 11 11 11 13 15 16 16 17 17 19 22 25 26 27 27 
0.400000 41.000000 2 2 2 3 3 4 6 7 8 9 10 11 15 16 18 18 19 19 20 20 21 23 24 24 24 25 25 28 
0.500000 43.000000 1 2 2 3 3 4 5 6 6 7 7 8 9 10 10 10 13 15 21 23 23 24 25 25 25 26 27 28 
0.500000 57.000000 2 4 4 4 6 7 7 8 9 10 10 13 14 15 15 17 17 18 18 19 20 22 22 23 24 27 28 28 
0.500000 47.000000 1 3 6 6 7 7 7 7 8 8 8 9 9 11 12 12 13 13 14 15 15 16 17 19 24 25 25 28 
0.500000 46.000000 5 5 5 6 7 8 9 10 10 12 12 15 16 19 19 20 20 22 22 22 24 24 24 25 25 27 28 28 
0.400000 49.000000 2 3 5 8 9 10 10 12 12 12 13 14 15 15 15 16 17 18 18 19 19 20 21 22 24 26 28 28 
0.400000 47.000000 1 2 4 5 5 6 6 6 7 7 8 8 11 14 14 14 17 17 17 18 18 19 20 20 21 22 24 28 
0.400000 43.000000 2 2 3 4 4 4 5 6 7 7 8 8 8 9 11 11 12 12 13 14 15 16 19 22 23 26 27 28 
0.400000 45.000000 2 2 3 3 5 5 6 7 8 10 10 10 10 11 12 12 13 14 18 18 18 20 20 25 26 27 27 28 
0.500000 55.000000 1 3 5 7 8 8 8 8 10 10 11 14 14 14 15 15 16 16 18 19 19 20 22 23 23 24 25 26 
0.400000 44.000000 2 2 5 6 6 7 7 11 13 13 13 14 15 15 16 17 17 18 18 19 21 22 23 26 27 27 27 28 
0.500000 45.000000 1 2 4 6 7 8 8 9 9 13 13 13 15 16 16 18 20 20 22 22 23 23 24 25 26 26 27 28 
0.500000 50.000000 5 5 7 7 8 9 9 9 9 10 12 12 13 13 13 18 19 21 22 23 24 24 24 24 24 25 25 26 
0.500000 45.000000 1 2 3 5 7 8 9 13 13 13 14 15 16 16 16 17 18 19 19 19 21 22 23 24 25 26 26 26 
0.400000 36.000000 1 1 1 2 2 3 3 4 5 6 6 7 8 8 11 15 15 16 18 19 19 20 21 22 22 24 26 27 
0.400000 47.000000 1 2 2 2 3 5 9 9 13 14 15 15 15 16 18 18 18 19 19 20 22 24 25 26 26 27 27 27 
0.400000 47.000000 3 3 3 4 6 7 7 8 10 10 10 11 12 13 14 14 14 14 14 15 15 19 22 22 22 24 27 28 
0.400000 52.000000 3 4 4 4 5 7 8 8 9 10 10 11 15 17 18 18 19 21 21 21 21 23 23 24 25 25 27 28 
0.500000 49.000000 1 1 2 4 4 6 7 8 9 9 9 12 13 14 16 17 18 18 20 23 23 24 24 24 25 25 26 27 
0.500000 46.000000 3 3 4 6 7 9 10 12 12 13 14 14 15 16 16 16 17 20 20 20 23 23 24 25 25 27 27 27 
0.400000 37.000000 1 2 3 3 3 4 5 12 12 13 13 14 14 15 16 18 19 21 22 22 23 23 24 25 25 26 27 27 
0.400000 52.000000 1 1 2 3 5 7 7 8 8 9 9 11 11 11 12 15 15 15 15 18 18 21 24 25 25 26 27 27 
0.500000 46.000000 4 5 5 5 6 8 9 10 10 12 12 12 15 16 16 19 20 21 22 23 23 24 25 26 26 27 27 27 
0.500000 57.000000 2 5 7 9 10 10 11 13 13 13 14 14 14 14 16 17 17 17 18 18 18 23 23 24 25 26 27 28 
0.500000 49.000000 2 2 3 4 4 4 5 7 9 9 9 10 11 16 17 18 21 21 24 25 25 25 25 25 26 27 28 28 
0.500000 44.000000 1 2 2 4 5 5 7 8 10 11 11 12 13 15 16 16 16 19 21 22 24 24 24 25 25 26 28 28 
0.500000 35.000000 2 4 6 7 8 9 10 11 11 12 12 14 14 16 19 20 21 21 21 21 23 23 24 26 26 27 27 28 
0.400000 49.000000 2 3 3 5 7 7 8 9 13 14 15 15 15 15 16 16 17 19 19 20 21 22 23 24 25 25 27 27 
0.500000 44.000000 1 6 6 8 10 10 13 14 14 15 16 16 16 17 17 18 19 20 21 21 21 22 24 24 25 25 26 27 
0.400000 38.000000 1 1 2 2 4 6 7 8 8 11 11 13 15 18 18 19 19 19 20 22 22 24 24 25 25 26 28 28 
0.500000 44.000000 2 3 5 7 8 9 10 11 12 12 12 13 13 14 14 14 14 16 16 19 20 21 23 24 26 26 27 28 
0.500000 28.000000 2 6 7 7 8 8 10 10 11 12 12 14 16 18 19 19 20 20 21 21 22 23 23 24 24 26 26 27 
0.500000 50.000000 1 4 5 5 6 7 7 7 8 8 10 10 11 12 13 13 14 15 16 18 19 19 24 24 25 26 27 27 
0.500000 44.000000 1 1 1 2 4 8 8 8 10 11 11 11 13 13 13 13 15 16 21 22 25 25 25 25 26 27 28 28 
0.400000 41.000000 1 1 7 7 8 8 11 13 13 15 16 16 16 17 18 18 19 21 22 23 24 25 25 25 25 26 27 28 
0.500000 51.000000 4 5 5 7 8 9 10 11 12 12 12 13 15 15 18 19 20 21 21 23 24 24 25 25 26 27 28 28 
0.500000 45.000000 2 2 3 3 5 6 7 10 10 10 11 11 11 11 13 13 14 16 16 19 19 20 24 25 26 27 27 27 
0.400000 44.000000 1 2 3 4 5 6 8 9 9 11 11 12 13 14 14 14 15 17 20 21 22 23 24 25 25 26 27 28 
0.400000 44.000000 1 2 3 4 4 5 6 6 11 11 13 14 14 15 15 15 17 18 19 20 22 23 25 26 26 27 28 28 
0.500000 47.000000 2 3 4 6 7 8 9 9 11 12 12 12 14 15 16 16 16 16 18 20 21 22 23 24 24 26 27 28 
0.400000 44.000000 2 4 5 6 7 7 9 10 15 15 15 16 18 19 20 21 21 22 23 23 24 25 26 27 27 27 28 28 
0.500000 44.000000 1 4 5 5 6 7 7 7 10 11 12 13 15 16 17 19 19 19 20 21 22 23 24 24 26 27 27 28 
0.500000 42.000000 1 2 2 6 7 8 9 9 11 11 13 15 16 16 17 19 20 20 21 22 22 23 24 25 26 26 27 28 
0.400000 38.000000 1 1 3 3 4 4 5 6 7 9 12 15 16 16 17 18 18 19 19 20 21 22 23 25 26 26 26 28 
0.400000 38.000000 1 1 2 3 5 5 5 6 11 12 12 12 13 15 15 17 18 18 19 21 22 22 23 26 26 26 27 27 
0.600000 61.000000 1 3 4 4 5 5 5 5 8 8 9 9 10 10 11 16 17 17 18 19 19 20 20 22 22 22 26 26 
0.500000 43.000000 2 2 2 3 5 5 5 6 7 9 9 11 12 12 12 16 16 16 19 20 22 22 24 24 24 24 27 27 
0.500000 51.000000 5 5 6 6 7 9 10 11 15 15 16 17 18 18 18 19 20 21 23 23 23 24 24 25 26 26 26 28 
0.400000 48.000000 1 1 3 5 6 7 10 10 10 11 14 14 15 16 17 17 18 20 20 21 21 21 23 25 27 27 27 28 
0.500000 45.000000 6 6 7 9 9 12 12 14 14 14 14 14 15 15 16 17 19 19 23 24 25 25 25 26 26 27 27 28 
0.400000 45.000000 1 1 2 6 7 8 9 10 12 13 13 15 15 16 16 17 17 17 18 18 20 21 21 22 25 26 27 28 
0.400000 41.000000 1 1 3 3 4 5 5 5 6 7 8 8 12 14 14 18 19 20 20 20 20 21 21 24 24 25 25 27 
0.500000 50.000000 1 2 2 2 3 5 6 7 7 8 9 9 10 11 13 15 15 17 18 20 21 21 22 23 24 24 26 27 
0.500000 46.000000 3 4 5 6 6 6 7 7 8 9 10 10 11 12 13 15 16 18 19 20 23 24 25 25 26 28 28 28 
0.500000 46.000000 2 2 2 5 5 6 7 8 8 9 10 12 15 15 16 16 16 19 20 20 21 23 24 24 25 27 28 28 
0.500000 47.000000 2 2 5 6 6 8 8 9 9 10 10 10 10 10 12 13 13 15 15 21 21 21 23 24 24 24 26 27 
0.400000 36.000000 3 6 6 6 7 8 9 10 12 12 12 15 16 16 17 18 21 22 22 22 23 25 25 25 27 27 28 28 
0.500000 56.000000 1 3 4 4 5 6 7 7 8 8 9 10 10 11 11 14 15 15 16 17 18 19 20 20 22 26 27 28 
0.400000 34.000000 1 1 3 6 7 9 11 13 14 14 16 18 19 20 21 22 22 23 23 23 24 25 25 26 27 27 28 28 
0.500000 31.000000 1 2 2 3 5 6 6 7 7 8 9 10 12 12 13 18 19 19 19 20 20 21 22 26 26 27 27 28 
0.500000 32.000000 1 1 7 7 7 8 10 12 12 14 16 16 17 18 19 20 20 21 21 21 21 24 25 25 26 26 26 28 
0.400000 42.000000 1 2 2 4 4 6 10 12 13 14 14 15 17 17 17 18 18 19 22 22 22 23 24 25 25 26 28 28 
0.500000 39.000000 2 2 2 2 3 4 6 10 12 12 13 14 15 15 16 16 19 19 20 23 25 25 26 27 28 28 28 28 
0.400000 47.000000 1 2 3 3 5 5 7 9 9 10 13 14 15 18 18 19 19 21 22 22 23 23 25 26 27 27 28 28 
0.400000 46.000000 1 1 3 3 4 5 5 6 9 9 11 12 12 12 13 13 17 17 17 18 19 19 20 23 25 25 27 28 
0.400000 45.000000 2 3 6 10 11 11 11 12 13 13 14 14 15 15 17 18 19 20 21 23 23 23 24 25 28 28 28 28 
0.500000 54.000000 3 8 9 10 13 14 14 14 14 14 15 15 15 18 18 19 19 19 20 20 20 22 23 24 26 26 26 28 
0.500000 38.000000 1 1 2 6 7 8 9 9 10 13 13 13 16 16 19 20 21 22 23 23 23 24 24 25 26 26 28 28 
0.400000 46.000000 1 1 1 2 2 6 7 7 9 9 11 12 13 14 17 17 17 18 18 18 18 20 23 24 24 25 26 27 
0.500000 52.000000 3 3 4 4 4 5 5 8 10 11 11 12 12 15 16 16 18 20 22 23 23 23 23 24 24 25 26 27 
0.500000 50.000000 3 4 4 7 9 9 9 12 13 14 15 16 16 17 19 19 20 20 20 20 22 24 24 25 25 27 27 28 
0.500000 43.000000 1 2 3 3 5 5 6 8 9 10 11 12 12 13 13 14 14 16 20 22 22 24 25 25 25 26 28 28 
0.500000 51.000000 2 4 4 5 6 7 8 9 9 10 12 13 14 14 15 16 17 17 17 21 22 22 23 24 24 25 25 27 
0.500000 55.000000 1 1 5 5 5 7 8 8 8 11 11 12 13 13 13 15 16 18 18 19 20 21 22 23 24 26 28 28 
0.500000 47.000000 1 2 2 2 4 4 4 5 6 7 7 8 8 9 10 10 11 14 16 18 21 23 23 24 26 26 27 28 
0.500000 57.000000 1 2 4 4 5 7 7 8 8 8 9 9 11 11 11 12 13 14 14 15 16 17 18 20 24 25 28 28 
0.400000 39.000000 1 1 3 3 3 7 8 11 12 13 13 14 15 15 16 16 18 18 19 21 22 23 23 25 25 26 26 27 
0.500000 42.000000 2 4 5 5 6 6 7 8 8 9 12 12 13 14 15 17 21 21 22 22 23 24 25 25 25 26 26 27 
0.500000 45.000000 1 1 3 4 9 10 10 11 12 13 13 15 16 17 17 19 19 20 20 23 23 24 24 25 25 25 26 28 
0.400000 40.000000 2 3 3 3 3 4 5 5 6 6 6 7 7 9 9 13 13 13 14 14 16 19 19 19 24 25 28 28 
0.500000 51.000000 2 3 4 4 5 6 7 8 9 10 11 11 11 13 13 14 15 16 16 19 19 20 22 24 24 24 28 28 
0.400000 41.000000 1 1 2 2 3 3 3 4 4 7 7 8 10 11 12 13 13 17 18 18 18 20 21 22 22 25 26 27 
0.400000 50.000000 2 3 3 4 4 5 6 8 9 10 10 12 13 13 16 16 17 17 18 18 18 19 20 20 22 23 24 28 
0.400000 33.000000 1 1 2 6 6 7 7 7 9 11 14 16 17 18 18 18 19 22 22 22 23 23 24 26 26 26 26 27 
0.400000 49.000000 1 1 1 3 3 4 4 4 5 7 7 8 10 11 11 14 14 14 16 18 18 19 21 22 26 27 27 28 
0.400000 31.000000 1 1 1 1 3 6 7 8 8 9 9 11 11 12 14 19 19 19 19 20 21 22 23 24 25 26 27 28 
0.400000 41.000000 3 3 4 6 6 7 7 8 8 9 10 13 13 14 14 14 17 18 20 20 20 20 21 21 23 24 24 25 
0.400000 45.000000 1 2 3 6 8 9 10 10 10 11 11 11 12 13 14 14 17 17 18 19 23 23 24 25 25 25 28 28 
0.400000 40.000000 2 2 5 5 6 8 9 11 11 16 16 17 18 18 19 19 20 20 20 21 21 22 23 24 26 26 27 27 
0.400000 47.000000 1 2 3 3 5 6 6 7 7 8 10 10 14 15 15 15 17 18 18 19 20 20 21 25 25 27 28 28 
0.400000 47.000000 4 4 4 4 5 5 6 7 7 7 8 9 10 10 15 17 18 19 20 21 21 25 25 26 27 27 28 28 
0.400000 42.000000 2 4 5 6 7 7 8 8 8 8 9 9 11 13 14 14 16 16 19 20 20 20 22 22 22 24 26 27 
0.500000 56.000000 2 3 5 5 5 7 8 11 11 12 12 12 13 15 15 15 15 18 18 20 20 20 22 24 24 24 26 27 
0.500000 52.000000 1 3 4 5 5 6 7 8 9 9 10 11 11 12 13 14 15 16 16 17 20 22 22 23 24 24 26 27 
0.500000 47.000000 3 4 6 10 10 11 12 12 12 13 14 15 15 16 16 17 17 18 19 21 23 23 23 25 26 26 28 28 
0.500000 22.000000 1 1 3 6 7 11 12 12 13 13 14 14 16 17 17 18 19 20 20 21 21 21 22 23 24 26 27 27 
0.500000 42.000000 1 2 3 4 5 6 6 6 7 8 8 10 11 12 15 16 16 18 22 23 23 24 25 25 25 26 28 28 
