0.200000 35.000000 0.200000 75.000000 1 9 17 14 8 4 10 16 9 7 13 14 27 8 7 12 20 22 17 9 18 10 17 19 5 3 20 15 
0.200000 70.000000 0.200000 10.000000 27 5 20 8 22 13 24 28 1 13 9 25 28 9 5 22 20 25 21 17 11 15 9 7 1 21 2 9 
0.200000 0.000000 0.200000 60.000000 3 26 6 7 19 5 25 14 10 12 22 13 17 18 1 23 1 23 19 14 26 2 5 13 4 20 27 2 
0.200000 5.000000 0.300000 70.000000 21 12 16 4 24 18 8 8 16 9 10 14 1 9 17 26 10 28 20 5 11 19 24 5 14 25 19 20 
0.200000 20.000000 0.200000 75.000000 25 3 9 14 5 13 28 3 23 4 3 14 13 14 14 15 1 20 15 18 5 2 11 13 23 27 26 23 
0.300000 0.000000 0.300000 60.000000 1 20 11 13 3 12 18 14 14 3 6 16 6 3 16 4 24 20 26 24 28 8 13 28 6 1 11 10 
0.200000 170.000000 0.300000 50.000000 16 19 18 6 12 24 16 5 23 22 2 27 26 5 14 27 19 6 6 25 14 22 1 15 24 3 5 18 
0.200000 60.000000 0.200000 15.000000 6 25 7 21 13 25 16 13 28 14 8 15 3 28 9 22 25 27 17 16 7 12 6 1 25 22 24 10 
0.200000 15.000000 0.200000 65.000000 24 4 16 12 8 28 13 13 10 3 4 20 7 13 12 14 15 17 27 7 17 20 20 21 26 23 2 10 
0.200000 175.000000 0.200000 55.000000 22 14 8 5 16 10 20 21 18 20 11 12 16 15 3 6 21 8 4 10 3 6 16 14 5 23 27 27 
0.300000 0.000000 0.300000 65.000000 17 7 21 19 12 4 18 1 16 27 18 9 17 3 13 15 23 5 18 28 21 7 28 11 3 18 8 18 
0.200000 170.000000 0.300000 50.000000 27 25 1 12 22 20 20 13 13 17 4 14 4 10 10 11 3 18 27 27 15 19 28 26 28 5 14 23 
0.300000 175.000000 0.400000 60.000000 23 18 25 26 3 9 11 14 19 9 19 19 20 18 20 7 27 9 13 16 28 8 18 23 3 24 3 24 
0.200000 175.000000 0.400000 60.000000 27 19 16 26 16 4 15 14 2 2 20 15 1 17 16 19 15 6 17 13 24 27 5 5 3 18 5 28 
0.200000 5.000000 0.200000 50.000000 6 7 3 13 22 2 13 5 15 13 28 16 21 28 13 7 3 13 12 27 18 26 6 26 6 19 6 1 
0.200000 60.000000 0.200000 0.000000 6 25 23 10 2 2 7 18 22 21 27 16 1 5 17 5 3 23 25 12 12 3 24 13 20 10 1 15 
0.300000 5.000000 0.400000 70.000000 25 24 15 18 11 2 7 14 7 16 18 28 26 28 4 25 27 9 20 19 22 15 28 28 19 20 18 17 
0.200000 55.000000 0.200000 170.000000 2 2 12 7 8 16 2 21 1 2 5 14 26 14 12 14 26 28 7 19 8 9 12 21 4 6 21 19 
0.200000 15.000000 0.200000 60.000000 16 14 9 21 19 3 17 8 9 9 10 4 3 6 6 2 17 28 13 18 12 28 6 26 15 3 18 14 
0.200000 10.000000 0.200000 60.000000 9 23 11 18 20 22 27 20 25 28 16 10 16 8 3 14 25 11 4 26 28 21 25 18 27 23 4 22 
0.200000 20.000000 0.200000 75.000000 15 21 22 28 6 26 20 17 7 23 16 14 13 12 8 4 5 15 17 25 12 7 17 20 17 10 20 5 
0.200000 10.000000 0.300000 65.000000 21 27 16 18 17 18 25 26 13 20 9 14 5 20 26 11 19 20 13 2 10 18 11 17 28 7 3 24 
0.200000 15.000000 0.200000 65.000000 27 4 4 18 23 5 17 22 24 9 16 18 26 11 1 23 15 11 3 21 27 26 9 18 8 4 19 18 
0.200000 15.000000 0.400000 75.000000 15 15 7 18 22 8 10 1 26 9 26 20 19 14 5 24 15 20 20 17 28 17 22 13 18 18 5 22 
0.200000 170.000000 0.300000 55.000000 8 1 19 23 24 13 16 20 15 22 12 18 17 5 19 4 11 12 10 7 26 3 1 27 3 15 10 2 
0.200000 75.000000 0.200000 10.000000 7 19 22 21 3 7 2 22 1 21 11 13 3 11 24 11 4 4 10 14 7 22 7 6 18 17 18 7 
0.200000 55.000000 0.200000 175.000000 11 16 12 20 21 1 23 19 5 14 11 15 18 16 17 13 21 24 22 27 24 3 2 1 1 6 21 16 
0.300000 165.000000 0.300000 45.000000 10 27 26 28 13 23 19 8 12 25 13 12 7 6 1 7 27 12 16 12 19 18 27 14 7 14 23 10 
0.200000 170.000000 0.300000 50.000000 8 21 24 4 28 23 20 18 16 18 27 2 5 6 15 27 4 15 23 8 8 5 1 4 18 20 19 27 
0.200000 60.000000 0.300000 10.000000 20 9 24 20 5 3 23 22 17 9 19 20 27 23 26 21 26 6 27 6 10 12 10 25 3 22 13 17 
0.200000 170.000000 0.300000 50.000000 7 20 28 17 15 18 20 12 26 24 25 1 1 6 27 19 4 6 10 22 27 5 3 9 23 18 15 19 
0.200000 175.000000 0.400000 55.000000 4 20 25 26 16 18 22 9 11 25 3 15 6 4 27 22 5 1 26 18 16 7 3 17 28 20 27 28 
0.200000 60.000000 0.200000 15.000000 3 13 17 13 16 8 7 27 5 14 3 1 13 21 13 3 23 25 22 19 19 10 19 5 28 16 24 10 
0.200000 10.000000 0.200000 75.000000 27 18 10 23 17 10 20 4 16 19 25 2 21 18 21 7 14 25 28 26 9 2 10 19 5 18 13 22 
0.300000 160.000000 0.400000 45.000000 12 26 7 23 7 9 24 26 26 16 19 24 10 5 20 21 20 3 20 12 10 8 16 6 22 27 12 20 
0.200000 10.000000 0.300000 50.000000 26 18 15 13 17 15 8 20 17 8 7 7 8 26 2 3 5 12 28 16 4 27 3 12 6 12 11 3 
0.300000 10.000000 0.300000 75.000000 5 9 19 13 18 11 4 27 23 20 8 4 1 7 28 18 28 8 26 28 5 14 11 23 28 2 5 2 
0.200000 10.000000 0.200000 65.000000 13 16 6 2 14 3 23 5 8 19 2 5 28 19 11 13 4 18 7 3 22 2 11 26 19 16 21 24 
0.200000 15.000000 0.200000 60.000000 28 14 10 2 6 18 19 5 4 18 1 3 3 17 6 26 9 17 5 23 18 23 13 27 5 23 20 3 
0.200000 0.000000 0.200000 60.000000 10 2 9 16 3 7 5 15 4 19 19 3 21 17 18 14 7 11 27 20 27 10 2 18 21 12 12 7 
0.200000 80.000000 0.300000 20.000000 2 1 17 24 5 28 26 17 10 5 24 15 21 18 16 9 6 1 22 6 28 2 2 16 22 28 7 5 
0.200000 70.000000 0.200000 5.000000 2 11 8 21 22 22 9 10 27 21 8 2 4 16 16 13 9 4 18 28 3 7 9 22 4 21 25 10 
0.200000 70.000000 0.200000 25.000000 22 20 26 6 4 10 17 26 24 16 5 23 13 17 4 15 23 22 4 8 28 26 13 24 4 21 19 1 
0.200000 90.000000 0.400000 40.000000 15 10 3 23 27 5 28 6 23 7 8 19 5 15 12 5 15 7 17 11 24 11 24 18 28 17 5 26 
0.300000 65.000000 0.300000 0.000000 14 6 19 9 20 4 24 25 24 23 12 5 11 14 2 28 21 25 21 8 12 14 27 28 26 9 17 11 
0.200000 70.000000 0.300000 25.000000 3 6 6 9 20 28 21 17 5 26 15 14 25 11 13 27 2 9 17 20 25 15 4 27 28 23 26 3 
0.200000 0.000000 0.300000 55.000000 15 11 18 20 26 10 13 3 13 23 10 18 24 27 22 22 16 25 3 20 27 3 14 8 23 5 20 28 
0.200000 45.000000 0.200000 15.000000 15 19 28 3 17 2 26 13 20 27 25 28 1 10 8 28 20 20 9 24 23 21 14 3 27 20 7 13 
0.200000 165.000000 0.400000 50.000000 24 20 27 20 9 6 15 28 19 7 2 28 5 3 28 3 3 25 5 19 6 1 16 11 22 13 20 4 
0.200000 20.000000 0.200000 85.000000 12 20 15 17 3 5 5 9 13 6 22 18 10 14 25 9 25 10 11 15 5 10 24 19 23 3 9 22 
0.200000 20.000000 0.200000 80.000000 10 13 23 24 4 19 1 7 5 16 14 23 8 22 16 28 22 28 9 2 17 19 14 23 26 14 18 1 
0.200000 175.000000 0.300000 60.000000 7 16 25 14 17 20 7 2 5 28 28 15 5 28 25 12 5 22 19 1 25 16 20 6 2 23 3 24 
0.300000 70.000000 0.300000 20.000000 14 24 7 13 1 7 25 27 16 4 25 13 23 22 28 15 6 17 6 3 8 5 24 27 23 9 17 10 
0.200000 45.000000 0.200000 15.000000 17 27 1 1 23 14 2 3 26 5 10 8 25 19 27 20 15 8 22 20 27 25 5 13 25 16 12 26 
0.200000 145.000000 0.400000 30.000000 20 18 27 25 21 20 10 1 24 22 6 27 20 18 4 3 27 13 1 12 3 15 5 12 14 1 6 10 
0.200000 75.000000 0.300000 15.000000 3 14 1 26 7 9 21 7 23 6 16 8 1 16 5 17 14 8 26 28 28 21 18 15 14 25 5 27 
0.200000 170.000000 0.300000 50.000000 17 12 25 4 24 18 4 6 12 27 20 8 25 2 15 28 12 23 16 26 7 21 23 19 26 8 13 5 
0.200000 95.000000 0.500000 30.000000 8 27 24 14 23 10 14 3 28 6 26 16 23 26 19 14 1 4 27 25 16 17 11 24 25 26 20 5 
0.200000 15.000000 0.200000 55.000000 12 16 6 20 13 16 8 28 13 26 7 14 15 20 2 22 11 11 28 5 27 5 8 22 23 24 26 27 
0.300000 15.000000 0.300000 80.000000 17 4 5 10 17 8 17 18 27 11 1 19 7 15 16 10 16 13 17 25 12 23 7 18 26 22 12 16 
0.200000 160.000000 0.300000 45.000000 12 11 17 4 24 11 28 26 5 5 18 13 24 10 9 18 21 27 9 14 12 8 12 25 12 22 1 22 
0.200000 15.000000 0.200000 55.000000 16 2 16 9 26 2 21 12 28 15 7 13 15 19 8 23 7 3 9 3 19 3 26 27 20 20 2 8 
0.200000 75.000000 0.200000 25.000000 14 9 21 10 22 24 26 19 8 16 13 9 5 14 7 8 6 5 15 24 2 23 3 11 11 26 13 5 
