date time lat lon depth mag dist baz cordeg phase phi delta err_phi_min err_phi_max err_dt_min err_dt_max confidence_level SplitInt SplitInt_err_min SplitInt_err_max delta_XC phi_XC Qa E_red Eig_ratio category 
15-Apr-2016 14:11:26 13.400800 -92.367000 22.410000 6.100000 93.885700 292.755100 -3.525224 SKS 112.000000 4.000000 -Inf Inf 0.000000 Inf 11604.079513 0.002431 -0.097711 0.102574 0.000000 -22.244900 -1.016850 0.195046 0.008687 null-measurement 
19-Apr-2016 05:25:39 -55.728300 -27.230700 14.000000 6.200000 106.183050 203.974020 -3.525224 SKS 22.000000 4.000000 -Inf Inf 0.000000 Inf 8639.323533 -0.015501 -0.129854 0.098852 0.000000 65.974020 -0.977332 10.815761 0.017203 null-measurement 
18-May-2016 16:46:43 0.494700 -79.616000 29.950000 6.900000 94.153440 274.696590 -3.525224 SKS 2.000000 4.000000 -Inf Inf 0.000000 Inf 15136.566312 -0.094388 -0.287760 0.098985 0.083635 -44.303410 -1.008675 20.057289 0.017818 null-measurement 
05-Jun-2016 16:25:33 -4.587000 125.626400 429.620000 6.300000 107.140720 79.565530 -3.525224 SKS 7.000000 0.717949 -Inf Inf 0.000000 Inf 31807.248945 0.368886 0.181538 0.556233 0.409477 33.565530 -0.032581 31.024621 0.060848 poor 
07-Jun-2016 10:51:37 18.363700 -105.173100 10.000000 6.300000 98.181330 305.369850 -3.525224 SKS 50.000000 0.615385 36.000000 122.000000 0.102564 3.487179 4242.685325 0.288472 0.228827 0.348116 0.308867 82.369850 -0.237361 79.608395 0.011239 poor 
07-Jun-2016 19:15:15 1.278900 126.371200 31.000000 6.300000 103.495550 74.765100 -3.525224 SKS 47.000000 1.025641 -Inf Inf 0.000000 Inf 36295.186847 0.786182 0.559442 1.012922 0.757352 30.765100 0.369787 62.549683 0.086948 poor 
04-Aug-2016 14:15:12 -22.334300 -66.007800 270.000000 6.200000 100.215720 248.841520 -3.525224 SKS 65.000000 2.871795 -Inf Inf 0.000000 Inf 11921.853076 0.212194 0.067885 0.356502 0.212262 20.841520 -0.908186 49.486320 0.018245 poor 
19-Aug-2016 07:32:22 -55.285200 -31.876600 10.000000 7.400000 107.241960 206.544600 -3.525224 SKS 21.000000 4.000000 -Inf Inf 0.000000 Inf 164380.062374 0.387995 0.064299 0.711690 0.418051 -22.455400 -0.862486 69.595496 0.019638 poor 
21-Aug-2016 03:45:23 -55.313300 -31.750800 12.000000 6.100000 107.224640 206.465750 -3.525224 SKS 130.000000 0.512821 -Inf Inf 0.000000 Inf 24882.768509 0.216428 0.073385 0.359470 0.245725 -23.534250 -0.111003 15.882040 0.023481 poor 
10-Jan-2017 06:13:48 4.478200 122.617100 627.170000 7.300000 98.588560 75.248560 -3.525224 SKS 178.000000 1.230769 166.000000 72.000000 0.102564 4.000000 8944.279271 0.453335 0.314196 0.592473 0.460528 31.248560 -0.369352 53.215210 0.034572 poor 
21-Feb-2017 14:09:04 -19.281400 -63.904700 595.980000 6.500000 96.682740 249.677280 -3.525224 SKS 4.000000 0.205128 -Inf Inf 0.000000 Inf 7718.647075 0.148989 0.070171 0.227807 0.155740 23.677280 0.294059 15.536099 0.019416 null-measurement 
15-Apr-2017 08:19:43 -23.265300 -67.722500 155.000000 6.300000 102.007840 249.256410 -3.525224 SKS 157.000000 4.000000 -Inf Inf 0.000000 Inf 162077.604385 -0.062816 -0.304953 0.179320 0.069614 -68.743590 -0.999409 27.280198 0.018349 null-measurement 
10-May-2017 23:23:36 -56.414000 -25.743200 15.000000 6.500000 106.345750 202.861090 -3.525224 SKS 110.000000 4.000000 -Inf Inf 0.000000 Inf 16234.817095 -0.034211 -0.216465 0.148043 0.048803 62.861090 -1.036207 38.416297 0.012454 null-measurement 
22-Jun-2017 12:31:03 13.717400 -90.971800 38.120000 6.800000 92.725310 291.981030 -3.525224 SKS 20.000000 4.000000 -Inf Inf 0.000000 Inf 20136.730567 0.094529 -0.076166 0.265223 0.065364 63.981030 -0.961025 31.139683 0.007424 null-measurement 
11-Aug-2017 05:28:25 14.006500 120.739100 172.000000 6.200000 90.469920 69.952840 -3.525224 SKS 51.000000 0.512821 -Inf Inf 0.000000 Inf 7243.741770 0.289764 0.151721 0.427807 0.295457 25.952840 0.010592 32.953189 0.036676 poor 
23-Sep-2017 12:53:01 16.625800 -95.077800 10.000000 6.100000 93.285610 296.861370 -3.525224 SKS 116.000000 4.000000 -Inf Inf 0.000000 Inf 4882.902239 -0.001485 -0.133150 0.130180 0.020127 70.861370 -0.998065 3.019023 0.039292 null-measurement 
10-Oct-2017 06:32:21 -18.571500 -69.752600 85.000000 6.300000 100.206360 254.067040 -3.525224 SKS 75.000000 4.000000 -Inf Inf 0.000000 Inf 11234.513658 -0.034680 -0.153455 0.084095 0.026600 -58.932960 -1.017291 6.446279 0.020822 null-measurement 
24-Oct-2017 10:47:47 -7.216800 123.073500 553.810000 6.700000 107.153290 83.382860 -3.525224 SKS 0.000000 2.564103 -Inf Inf 0.000000 Inf 40491.829565 0.435430 0.225888 0.644972 0.468051 45.382860 -0.835935 47.038983 0.042615 poor 
21-Jan-2018 01:06:42 -18.880600 -69.444500 116.000000 6.300000 100.203340 253.635340 -3.525224 SKS 166.000000 1.333333 -Inf Inf 0.000000 Inf 6942.843162 0.088091 -0.003219 0.179402 0.088324 29.635340 -0.903770 5.421590 0.009706 null-measurement 
25-Mar-2018 20:14:47 -6.634300 129.817200 169.000000 6.400000 111.545340 77.981560 -3.525224 SKKS 82.000000 2.461538 -Inf Inf 0.000000 Inf 22269.651878 -0.238458 -0.394795 -0.082121 0.248412 -56.018440 -0.832319 14.311053 0.060515 poor 
02-Apr-2018 13:40:34 -20.658800 -63.005800 559.000000 6.800000 97.038410 248.091860 -3.525224 SKS 70.000000 4.000000 -Inf Inf 0.000000 Inf 13568.278898 0.009385 -0.146583 0.165353 0.000000 -65.908140 -0.979922 7.894582 0.036947 null-measurement 
28-Jul-2018 22:47:38 -8.239500 116.508000 14.000000 6.400000 103.132160 88.797500 -3.525224 SKS 7.000000 2.256410 -Inf Inf 0.000000 Inf 37673.947765 0.448413 0.146639 0.750186 0.449780 48.797500 -0.734241 47.593867 0.037355 poor 
17-Aug-2018 15:35:01 -7.371800 119.801700 529.000000 6.500000 104.910340 85.835190 -3.525224 SKS 35.000000 0.512821 178.000000 82.000000 0.102564 2.666667 10915.767068 0.496783 0.381695 0.611871 0.526136 47.835190 0.595044 68.535117 0.044422 poor 
07-Sep-2018 02:12:06 -2.253200 -78.790300 110.500000 6.200000 95.465100 272.146830 -3.525224 SKS 6.000000 0.923077 -Inf Inf 0.000000 Inf 10773.245593 0.109523 -0.002205 0.221251 0.127504 49.146830 -0.823269 6.021482 0.020688 null-measurement 
28-Sep-2018 10:02:45 -0.255900 119.846200 20.000000 7.500000 99.989400 80.602800 -3.525224 SKS 179.000000 1.128205 -Inf Inf 0.000000 Inf 20715.884427 0.290836 0.193312 0.388359 0.283146 36.602800 -0.587011 57.457974 0.012109 poor 
01-Nov-2018 22:19:51 -19.582700 -69.265600 102.000000 6.200000 100.558010 252.997930 -3.525224 SKS 71.000000 2.666667 -Inf Inf 0.000000 Inf 7101.985137 0.095802 0.003122 0.188482 0.092819 25.997930 -0.965548 38.545408 0.008027 null-measurement 
11-Dec-2018 02:26:29 -58.544600 -26.385600 133.000000 7.100000 108.356510 202.030600 -3.525224 SKS 20.000000 4.000000 -Inf Inf 0.000000 Inf 12051.307457 0.088801 -0.069495 0.247096 0.101221 -26.969400 -1.019641 23.909502 0.014063 null-measurement 
06-Jan-2019 17:27:18 2.258000 126.758000 43.210000 6.600000 103.059530 73.785000 -3.525224 SKS 15.000000 0.512821 -Inf Inf 0.000000 Inf 12898.429932 0.433568 0.290782 0.576353 0.459893 28.785000 0.542852 52.599624 0.023808 poor 
22-Jan-2019 05:10:03 -10.414800 119.016500 24.000000 6.300000 106.426880 88.678890 -3.525224 SKS 76.000000 1.128205 10.000000 84.000000 0.205128 2.769231 6602.289384 0.412611 0.316101 0.509122 0.392574 41.678890 -0.419049 63.405911 0.028669 poor 
01-Feb-2019 16:14:12 14.680200 -92.452700 66.000000 6.700000 93.007680 293.685580 -3.525224 SKS 30.000000 2.256410 -Inf Inf 0.000000 Inf 19067.484317 0.270359 0.068180 0.472539 0.282658 72.685580 -0.824794 20.950455 0.035399 poor 
31-Mar-2019 07:04:04 -1.944600 -80.810100 18.000000 6.200000 96.706700 273.780220 -3.525224 SKS 60.000000 0.205128 -Inf Inf 0.000000 Inf 19212.202701 0.171471 0.028788 0.314155 0.202833 50.780220 0.709819 7.150803 0.027031 poor 
31-May-2019 10:12:32 6.279500 126.479000 98.720000 6.100000 99.955670 71.179850 -3.525224 SKS 56.000000 1.025641 166.000000 69.000000 0.102564 3.076923 26332.702327 0.408679 0.255348 0.562009 0.387396 19.179850 -0.453779 68.435220 0.084541 poor 
04-Jun-2019 04:39:16 29.066500 139.289000 422.000000 6.400000 90.434530 47.161860 -3.525224 SKS 118.000000 0.307692 -Inf Inf 0.000000 Inf 40868.781377 -0.185188 -0.335590 -0.034787 0.197215 89.161860 -0.038848 20.794647 0.020990 poor 
14-Jun-2019 00:19:12 -30.055700 -72.081900 11.000000 6.400000 109.428220 246.685330 -3.525224 SKS 64.000000 4.000000 -Inf Inf 0.000000 Inf 15049.945545 -0.054918 -0.246795 0.136958 0.066903 -72.314670 -0.954099 29.492617 0.012597 null-measurement 
24-Jun-2019 02:53:39 -6.407800 129.169200 212.000000 7.300000 110.928580 78.297230 -3.525224 SKS 23.000000 0.717949 171.000000 74.000000 0.102564 2.974359 28036.138603 0.632521 0.469153 0.795888 0.680532 38.297230 0.513638 60.867460 0.098385 poor 
07-Jul-2019 15:08:40 0.512600 126.189200 35.000000 6.900000 103.918200 75.445640 -3.525224 SKS 5.000000 1.025641 171.000000 58.000000 0.307692 2.666667 6034.755477 0.601401 0.485577 0.717226 0.559917 33.445640 -0.100702 82.478088 0.037490 average 
29-Oct-2019 01:04:43 6.756700 125.008200 15.000000 6.600000 98.603800 71.924710 -3.525224 SKS 167.000000 4.000000 -Inf Inf 0.000000 Inf 38392.729473 0.227146 0.027086 0.427206 0.302296 32.924710 -0.947349 29.316438 0.056933 poor 
31-Oct-2019 01:11:19 6.909800 125.178200 10.000000 6.500000 98.609410 71.694850 -3.525224 SKS 5.000000 0.820513 -Inf Inf 0.000000 Inf 11391.444968 0.562620 0.378765 0.746474 0.564851 30.694850 0.080082 72.203781 0.043653 poor 
14-Nov-2019 16:17:40 1.621300 126.415600 33.000000 7.100000 103.280420 74.489140 -3.525224 SKS 20.000000 0.717949 -Inf Inf 0.000000 Inf 28546.745342 0.638212 0.424582 0.851842 0.618637 33.489140 0.533118 61.515444 0.058109 poor 
