date time lat lon depth mag dist baz cordeg phase phi delta err_phi_min err_phi_max err_dt_min err_dt_max confidence_level SplitInt SplitInt_err_min SplitInt_err_max delta_XC phi_XC Qa E_red Eig_ratio category 15-Apr-2016 14:11:26 13.400800 -92.367000 22.410000 6.100000 94.258910 293.887340 4.759360 SKS 117.000000 4.000000 -Inf Inf 0.000000 Inf 9044.624073 0.054389 -0.064314 0.173092 0.057377 74.887340 -0.922138 67.457519 0.011715 null-measurement
20-Apr-2016 08:33:47 0.639000 -80.210400 14.000000 6.200000 95.355560 276.358260 4.759360 SKS 113.000000 0.820513 98.000000 3.000000 0.102564 3.076923 5755.321891 -0.390768 -0.497837 -0.283699 0.396336 -38.641740 -0.152722 58.221558 0.031332 poor
18-May-2016 07:57:02 0.426100 -79.789900 16.000000 6.700000 95.213340 275.907210 4.759360 SKS 115.000000 0.923077 98.000000 1.000000 0.102564 3.179487 16302.974853 -0.491982 -0.626244 -0.357720 0.562775 -38.092790 -0.009837 51.614449 0.050160 poor
18-May-2016 16:46:43 0.494700 -79.616000 29.950000 6.900000 95.042610 275.830130 4.759360 SKS 114.000000 0.923077 99.000000 -1.000000 0.205128 3.282051 6324.531695 -0.519915 -0.640744 -0.399085 0.534929 -35.169870 -0.136834 70.525250 0.027993 poor
07-Jun-2016 10:51:37 18.363700 -105.173100 10.000000 6.300000 98.167190 306.631060 4.759360 SKS 105.000000 1.025641 -Inf Inf 0.000000 Inf 78647.444038 0.648249 0.452124 0.844373 0.615559 77.631060 -0.029339 81.351600 0.056932 poor
10-Jun-2016 03:25:22 12.831800 -86.963300 10.000000 6.100000 91.152020 289.594720 4.759360 SKS 119.000000 1.743590 -Inf Inf 0.000000 Inf 7128.809205 -0.310253 -0.507306 -0.113199 0.000000 -45.405280 -0.496727 49.708724 0.140041 poor
10-Jun-2016 03:25:22 12.831800 -86.963300 10.000000 6.100000 91.152020 289.594720 4.759360 SKKS 119.000000 1.743590 -Inf Inf 0.000000 Inf 8906.032927 -0.300220 -0.510742 -0.089698 0.000000 -45.405280 -0.496727 49.556807 0.141045 poor
25-Jul-2016 17:26:50 -26.106700 -70.511100 72.000000 6.100000 107.258570 250.159510 4.759360 SKS 122.000000 1.128205 93.000000 145.000000 0.615385 2.051282 17302.529584 -1.083035 -1.253777 -0.912294 1.080899 -70.840490 0.592129 87.707468 0.143625 good
29-Jul-2016 21:18:24 18.542900 145.507300 196.000000 7.700000 100.569950 49.633370 4.759360 SKS 99.000000 0.923077 73.000000 121.000000 0.615385 1.435897 9425.270239 -0.937694 -1.038106 -0.837282 0.910992 -83.366630 0.923354 90.039593 0.098919 good
04-Aug-2016 14:15:12 -22.334300 -66.007800 270.000000 6.200000 101.679720 250.044610 4.759360 SKS 127.000000 1.128205 93.000000 147.000000 0.615385 1.948718 10478.392214 -0.986213 -1.121698 -0.850728 0.968490 -66.955390 0.517890 93.909030 0.104233 good
04-Aug-2016 16:24:33 24.944700 142.014100 510.000000 6.300000 93.468720 48.640630 4.759360 SKS 105.000000 0.820513 77.000000 124.000000 0.512821 1.435897 6251.872496 -0.759608 -0.851294 -0.667922 0.765120 -82.359370 0.749786 90.959712 0.100862 good
23-Aug-2016 19:39:44 -7.287200 122.434500 533.000000 6.000000 105.571200 84.533040 4.759360 SKS 154.000000 0.717949 -Inf Inf 0.000000 Inf 21296.588590 -0.412219 -0.571536 -0.252902 0.408598 -52.466960 -0.031101 54.041787 0.053792 poor
20-Nov-2016 20:57:44 -31.622600 -68.625900 108.000000 6.400000 109.732470 244.686330 4.759360 SKS 133.000000 1.846154 105.000000 146.000000 0.717949 3.076923 37094.393985 -0.961358 -1.245215 -0.677501 1.191060 -66.313670 0.212447 81.263309 0.168336 average
24-Nov-2016 18:43:47 11.909700 -88.896800 10.000000 6.900000 93.108740 290.367620 4.759360 SKS 118.000000 1.435897 113.000000 165.000000 0.307692 2.974359 1981.266106 -0.320779 -0.398394 -0.243165 0.327113 -22.632380 -0.650221 89.563803 0.011475 poor
18-Feb-2017 12:10:17 -23.861300 -66.659200 222.000000 6.400000 103.173620 249.356870 4.759360 SKS 124.000000 1.333333 98.000000 143.000000 0.820513 2.051282 18687.688180 -1.226094 -1.419163 -1.033026 1.176844 -68.643130 0.569390 91.384118 0.156567 good
21-Feb-2017 14:09:04 -19.281400 -63.904700 595.980000 6.500000 98.132780 250.820920 4.759360 SKS 116.000000 0.717949 -Inf Inf 0.000000 Inf 62866.862832 -0.703487 -0.952485 -0.454489 0.763068 -68.179080 0.844303 64.083776 0.088196 poor
15-Apr-2017 08:19:43 -23.265300 -67.722500 155.000000 6.300000 103.464370 250.493840 4.759360 SKS 138.000000 1.538462 77.000000 158.000000 0.205128 4.000000 26785.257341 -1.003768 -1.239187 -0.768350 1.022374 -64.506160 0.148333 87.036446 0.104191 poor
10-May-2017 23:23:36 -56.414000 -25.743200 15.000000 6.500000 108.066900 203.759700 4.759360 SKS 25.000000 0.512821 -Inf Inf 0.000000 Inf 6779.876600 -0.021599 -0.114107 0.070909 0.025940 68.759700 -0.921992 0.319540 0.013829 null-measurement
12-May-2017 10:41:26 12.918700 -90.061100 16.000000 6.200000 93.125110 291.886550 4.759360 SKS 178.000000 0.512821 113.000000 20.000000 0.000000 4.000000 8207.057823 -0.347629 -0.451361 -0.243897 0.388251 -21.113450 0.308028 38.563167 0.027384 poor
20-May-2017 01:06:14 9.381800 123.953700 533.000000 6.000000 94.547710 71.797710 4.759360 SKS 96.000000 1.128205 82.000000 123.000000 0.512821 2.051282 8381.464072 -0.712005 -0.869256 -0.554753 0.668490 -55.202290 -0.072912 78.453669 0.116192 average
22-Jun-2017 12:31:03 13.717400 -90.971800 38.120000 6.800000 93.122370 293.078580 4.759360 SKS 115.000000 2.461538 -Inf Inf 0.000000 Inf 6007.448619 -0.027338 -0.180409 0.125732 0.020005 -21.921420 -0.949481 7.210035 0.022724 null-measurement
10-Oct-2017 06:32:21 -18.571500 -69.752600 85.000000 6.300000 101.574430 255.293570 4.759360 SKS 132.000000 1.128205 97.000000 152.000000 0.615385 2.051282 10489.732703 -0.963590 -1.105166 -0.822013 0.977675 -63.706430 0.471558 86.968650 0.079450 good
24-Oct-2017 10:47:47 -7.216800 123.073500 553.810000 6.700000 105.968840 84.013950 4.759360 SKS 82.000000 3.487179 -Inf Inf 0.000000 Inf 8255.639257 0.011135 -0.115454 0.137724 0.019663 36.013950 -1.016462 17.809480 0.019138 null-measurement
14-Jan-2018 09:18:45 -15.767500 -74.709200 39.000000 7.100000 103.043880 260.725900 4.759360 SKS 110.000000 1.025641 84.000000 166.000000 0.205128 3.487179 18336.430237 -0.801352 -0.995226 -0.607478 0.838153 -55.274100 0.469899 73.572594 0.073186 poor
21-Jan-2018 01:06:42 -18.880600 -69.444500 116.000000 6.300000 101.579780 254.859950 4.759360 SKS 122.000000 1.025641 79.000000 161.000000 0.205128 3.282051 25293.831059 -0.949896 -1.152727 -0.747065 0.988764 -62.140050 0.860308 82.483788 0.101935 average
02-Apr-2018 13:40:34 -20.658800 -63.005800 559.000000 6.800000 98.515660 249.236650 4.759360 SKS 107.000000 1.128205 91.000000 128.000000 0.717949 1.538462 9148.483593 -1.046476 -1.187778 -0.905173 1.100977 -70.763350 0.921861 93.484248 0.159982 good
17-Aug-2018 15:35:01 -7.371800 119.801700 529.000000 6.500000 103.783540 86.507880 4.759360 SKS 162.000000 0.512821 -Inf Inf 0.000000 Inf 36886.990941 -0.223963 -0.374095 -0.073832 0.206644 -50.492120 -0.325001 28.050638 0.032148 poor
24-Aug-2018 09:04:08 -11.035500 -70.828400 630.000000 7.100000 97.036290 261.453960 4.759360 SKS 122.000000 1.025641 100.000000 148.000000 0.615385 1.641026 12355.857245 -1.029763 -1.176835 -0.882692 1.030410 -54.546040 0.891255 91.754400 0.146812 good
07-Sep-2018 02:12:06 -2.253200 -78.790300 110.500000 6.200000 96.420710 273.312250 4.759360 SKS 111.000000 1.025641 99.000000 164.000000 0.307692 2.358974 6211.616190 -0.518535 -0.617438 -0.419632 0.526478 -40.687750 -0.124905 83.517444 0.036276 average
28-Sep-2018 10:02:45 -0.255900 119.846200 20.000000 7.500000 98.745270 81.416170 4.759360 SKS 98.000000 0.205128 -Inf Inf 0.000000 Inf 3279.223859 -0.110618 -0.182997 -0.038240 0.111749 -53.583830 -0.100894 18.483011 0.006901 null-measurement
01-Nov-2018 22:19:51 -19.582700 -69.265600 102.000000 6.200000 101.946600 254.226720 4.759360 SKS 140.000000 1.538462 115.000000 153.000000 0.820513 2.564103 16793.689308 -1.036710 -1.271531 -0.801890 1.091842 -57.773280 0.306789 93.699127 0.136929 good
15-Nov-2018 20:02:22 -56.706500 -25.546000 15.000000 6.400000 108.263010 203.503430 4.759360 SKS 29.000000 2.564103 -Inf Inf 0.000000 Inf 17554.467201 -0.300871 -0.475582 -0.126160 0.304690 70.503430 -0.803938 31.604809 0.035212 poor
11-Dec-2018 02:26:29 -58.544600 -26.385600 133.000000 7.100000 110.071890 202.905660 4.759360 SKS 110.000000 0.923077 -Inf Inf 0.000000 Inf 24141.331012 -0.066768 -0.285029 0.151494 0.053884 66.905660 -0.899346 0.997783 0.054525 null-measurement
01-Feb-2019 16:14:12 14.680200 -92.452700 66.000000 6.700000 93.353340 294.791290 4.759360 SKS 45.000000 1.128205 -Inf Inf 0.000000 Inf 44990.230416 0.558017 0.226417 0.889616 0.661041 70.791290 0.000050 44.845912 0.082152 poor
22-Feb-2019 10:17:23 -2.186200 -77.050500 145.000000 7.500000 95.149730 272.114040 4.759360 SKS 119.000000 0.717949 97.000000 176.000000 0.307692 2.358974 2413.194903 -0.545448 -0.631344 -0.459553 0.571422 -46.885960 0.470799 82.255193 0.018300 poor
01-Mar-2019 08:50:42 -14.713100 -70.154600 267.000000 7.000000 99.154640 258.359640 4.759360 SKS 155.000000 1.846154 81.000000 168.000000 0.102564 4.000000 14366.041269 -0.679046 -0.906604 -0.451489 0.688300 -57.640360 -0.356070 84.909813 0.038051 poor
15-Mar-2019 05:03:50 -17.874400 -65.907200 359.000000 6.300000 98.478660 253.184090 4.759360 SKS 133.000000 1.230769 -Inf Inf 0.000000 Inf 65838.400172 -0.782461 -1.119133 -0.445789 1.034441 -64.815910 0.396362 60.055569 0.125150 poor
