date time lat lon depth mag dist baz cordeg phase phi delta err_phi_min err_phi_max err_dt_min err_dt_max confidence_level SplitInt SplitInt_err_min SplitInt_err_max delta_XC phi_XC Qa E_red Eig_ratio category 18-May-2016 07:57:02 0.426100 -79.789900 16.000000 6.700000 93.460540 274.016470 -26.935637 SKS 7.000000 3.179487 -Inf Inf 0.000000 Inf 22480.756069 0.143287 -0.050685 0.337260 0.039668 55.016470 -1.056094 20.239142 0.035293 null-measurement
18-May-2016 16:46:43 0.494700 -79.616000 29.950000 6.900000 93.288610 273.942260 -26.935637 SKS 8.000000 2.153846 -Inf Inf 0.000000 Inf 12314.591815 0.191482 0.049407 0.333557 0.177235 52.942260 -0.918140 25.457757 0.016317 poor
28-May-2016 09:46:59 -56.240900 -26.935300 78.000000 7.200000 106.841230 203.060480 -26.935637 SKS 122.000000 2.974359 -Inf Inf 0.000000 Inf 161893.564546 0.499627 0.182361 0.816892 0.497069 -10.939520 -0.890696 91.077141 0.029184 poor
28-May-2016 09:46:59 -56.240900 -26.935300 78.000000 7.200000 106.841230 203.060480 -26.935637 SKIKS 122.000000 3.076923 -Inf Inf 0.000000 Inf 150947.085819 0.490307 0.131291 0.849323 0.474360 -11.939520 -0.877829 87.446392 0.029080 poor
07-Jun-2016 10:51:37 18.363700 -105.173100 10.000000 6.300000 97.122470 304.589070 -26.935637 SKS 130.000000 4.000000 -Inf Inf 0.000000 Inf 31115.053057 -0.179072 -0.416492 0.058347 0.152516 -1.410930 -1.045029 62.111461 0.022812 poor
07-Jun-2016 19:15:15 1.278900 126.371200 31.000000 6.300000 104.090490 73.759960 -26.935637 SKS 177.000000 1.333333 165.000000 69.000000 0.102564 4.000000 11440.806141 0.534501 0.379656 0.689347 0.526380 31.759960 -0.387771 78.238508 0.036191 poor
25-Jul-2016 17:26:50 -26.106700 -70.511100 72.000000 6.100000 105.285550 248.319730 -26.935637 SKS 163.000000 4.000000 -Inf Inf 0.000000 Inf 63867.698608 0.057749 -0.238491 0.353990 0.063605 33.319730 -1.106589 44.823170 0.022996 null-measurement
29-Jul-2016 21:18:24 18.542900 145.507300 196.000000 7.700000 102.432970 47.680290 -26.935637 SKS 144.000000 3.897436 140.000000 149.000000 1.846154 4.000000 10516.687336 0.161834 -0.100658 0.424326 0.157303 11.680290 -1.021672 86.139535 0.018858 poor
04-Aug-2016 14:15:12 -22.334300 -66.007800 270.000000 6.200000 99.706590 248.210820 -26.935637 SKS 162.000000 2.358974 -Inf Inf 0.000000 Inf 13577.332426 0.169554 0.031194 0.307914 0.172936 27.210820 -0.932949 45.947710 0.008541 poor
21-Aug-2016 03:45:23 -55.313300 -31.750800 12.000000 6.100000 107.477480 205.994820 -26.935637 SKS 123.000000 2.666667 117.000000 23.000000 0.102564 4.000000 18222.097185 0.414787 0.228758 0.600815 0.404494 -13.005180 -0.830553 69.429286 0.027424 poor
20-Nov-2016 20:57:44 -31.622600 -68.625900 108.000000 6.400000 107.763140 242.907390 -26.935637 SKKS 156.000000 4.000000 -Inf Inf 0.000000 Inf 434937.911492 0.081506 -0.184396 0.347409 0.063752 22.907390 -1.027288 30.681430 0.025145 null-measurement
20-Nov-2016 20:57:44 -31.622600 -68.625900 108.000000 6.400000 107.763140 242.907390 -26.935637 SKIKS 156.000000 4.000000 -Inf Inf 0.000000 Inf 523415.569807 0.088091 -0.214389 0.390570 0.063752 22.907390 -1.027288 30.691896 0.025163 null-measurement
10-Jan-2017 06:13:48 4.478200 122.617100 627.170000 7.300000 99.191720 74.322200 -26.935637 SKS 71.000000 3.179487 -Inf Inf 0.000000 Inf 12912.288972 0.211928 0.034447 0.389409 0.194113 26.322200 -0.932540 34.207975 0.014617 poor
18-Feb-2017 12:10:17 -23.861300 -66.659200 222.000000 6.400000 101.200010 247.526850 -26.935637 SKS 162.000000 4.000000 -Inf Inf 0.000000 Inf 22225.719526 0.033137 -0.194187 0.260460 0.039375 31.526850 -1.093668 54.413209 0.007034 null-measurement
21-Feb-2017 14:09:04 -19.281400 -63.904700 595.980000 6.500000 96.160530 248.986840 -26.935637 SKS 168.000000 0.923077 -Inf Inf 0.000000 Inf 14907.279104 0.263137 0.137079 0.389195 0.271861 27.986840 -0.604563 40.401996 0.022014 poor
15-Apr-2017 08:19:43 -23.265300 -67.722500 155.000000 6.300000 101.491700 248.655140 -26.935637 SKS 73.000000 4.000000 -Inf Inf 0.000000 Inf 115571.898380 0.058399 -0.175250 0.292048 0.045383 31.655140 -0.908708 59.891769 0.006345 null-measurement
10-May-2017 23:23:36 -56.414000 -25.743200 15.000000 6.500000 106.663230 202.368190 -26.935637 SKS 109.000000 4.000000 -Inf Inf 0.000000 Inf 42011.400076 -0.228074 -0.459763 0.003616 0.244748 64.368190 -0.931358 11.830973 0.054354 poor
11-Aug-2017 05:28:25 14.006500 120.739100 172.000000 6.200000 90.991020 69.151110 -26.935637 SKS 164.000000 3.897436 -Inf Inf 0.000000 Inf 13678.833009 0.239889 0.029137 0.450640 0.258158 31.151110 -0.984843 58.068874 0.025260 poor
13-Aug-2017 03:08:10 -3.768200 101.622800 31.000000 6.400000 90.196620 95.082890 -26.935637 SKS 80.000000 2.564103 41.000000 90.000000 0.512821 4.000000 1261.742083 0.698582 0.314648 1.082516 0.829702 44.082890 -0.479591 73.671352 0.162222 poor
13-Aug-2017 03:08:10 -3.768200 101.622800 31.000000 6.400000 90.196620 95.082890 -26.935637 SKKS 80.000000 2.564103 43.000000 90.000000 0.615385 4.000000 1201.137571 0.696487 0.314499 1.078475 0.810845 44.082890 -0.486337 74.222843 0.158017 poor
23-Sep-2017 12:53:01 16.625800 -95.077800 10.000000 6.100000 92.251710 296.079630 -26.935637 SKS 50.000000 0.410256 -Inf Inf 0.000000 Inf 4285.753651 0.278279 0.102801 0.453756 0.307963 73.079630 0.193505 18.675714 0.057856 poor
10-Oct-2017 06:32:21 -18.571500 -69.752600 85.000000 6.300000 99.614250 253.426650 -26.935637 SKS 168.000000 4.000000 -Inf Inf 0.000000 Inf 15152.891900 0.203548 -0.019968 0.427064 0.196776 35.426650 -1.007382 67.871455 0.014863 poor
14-Jan-2018 09:18:45 -15.767500 -74.709200 39.000000 7.100000 101.114370 258.814030 -26.935637 SKS 164.000000 4.000000 160.000000 169.000000 0.717949 4.000000 11371.043988 -0.055830 -0.250768 0.139108 0.069174 -63.185970 -1.032351 62.909744 0.009935 null-measurement
21-Jan-2018 01:06:42 -18.880600 -69.444500 116.000000 6.300000 99.617910 252.995740 -26.935637 SKS 148.000000 4.000000 -Inf Inf 0.000000 Inf 16174706.564835 -0.299698 -2.266626 1.667229 0.000000 15.995740 -1.067644 32.504342 0.948937 poor
02-Apr-2018 13:40:34 -20.658800 -63.005800 559.000000 6.800000 96.542010 247.409160 -26.935637 SKS 59.000000 2.153846 -Inf Inf 0.000000 Inf 62143.280168 0.407291 0.094467 0.720116 0.417196 17.409160 -0.734557 29.661538 0.126778 poor
17-Aug-2018 15:35:01 -7.371800 119.801700 529.000000 6.500000 105.663560 84.840530 -26.935637 SKS 73.000000 1.948718 38.000000 80.000000 0.512821 3.897436 12399.898891 0.579339 0.364181 0.794496 0.577430 33.840530 -0.582682 91.492488 0.052825 poor
24-Aug-2018 09:04:08 -11.035500 -70.828400 630.000000 7.100000 95.112350 259.583660 -26.935637 SKS 74.000000 2.051282 -Inf Inf 0.000000 Inf 9818.861903 0.235092 0.114074 0.356110 0.221324 29.583660 -0.881530 64.797854 0.019570 poor
07-Sep-2018 02:12:06 -2.253200 -78.790300 110.500000 6.200000 94.628510 271.410180 -26.935637 SKS 88.000000 2.666667 -Inf Inf 0.000000 Inf 6635.979474 0.145332 0.023195 0.267470 0.136786 41.410180 -0.985925 67.041835 0.009028 null-measurement
28-Sep-2018 10:02:45 -0.255900 119.846200 20.000000 7.500000 100.671540 79.664490 -26.935637 SKS 72.000000 2.769231 -Inf Inf 0.000000 Inf 21080.253765 0.486895 0.230828 0.742961 0.491915 25.664490 -0.863609 79.678831 0.023415 poor
01-Nov-2018 22:19:51 -19.582700 -69.265600 102.000000 6.200000 99.982450 252.365250 -26.935637 SKS 66.000000 2.769231 61.000000 68.000000 1.538462 4.000000 5510.971845 0.236189 0.096656 0.375722 0.232145 19.365250 -0.956192 83.630599 0.017408 poor
11-Dec-2018 02:26:29 -58.544600 -26.385600 133.000000 7.100000 108.688360 201.575520 -26.935637 SKS 8.000000 4.000000 -Inf Inf 0.000000 Inf 127113.406014 -0.082191 -0.956265 0.791883 0.046898 39.575520 -0.714083 69.121399 0.016512 null-measurement
06-Jan-2019 17:27:18 2.258000 126.758000 43.210000 6.600000 103.639360 72.784730 -26.935637 SKS 56.000000 4.000000 39.000000 68.000000 1.435897 4.000000 113108.619259 0.635977 -0.116646 1.388600 0.490547 -2.215270 -1.210590 79.629180 0.029120 average
01-Mar-2019 08:50:42 -14.713100 -70.154600 267.000000 7.000000 97.209670 256.487800 -26.935637 SKS 60.000000 4.000000 -Inf Inf 0.000000 Inf 234582.525058 0.396615 -0.508354 1.301584 0.310161 -0.512200 -1.306162 69.727487 0.017946 poor
15-Mar-2019 05:03:50 -17.874400 -65.907200 359.000000 6.300000 96.511310 251.339070 -26.935637 SKS 57.000000 4.000000 -Inf Inf 0.000000 Inf 145897.761529 0.530329 -0.087964 1.148622 0.621104 1.339070 -1.118256 50.169981 0.138050 poor
31-Mar-2019 07:04:04 -1.944600 -80.810100 18.000000 6.200000 95.851650 273.055200 -26.935637 SKS 76.000000 3.487179 66.000000 84.000000 2.051282 4.000000 46962.816038 0.299252 -0.148168 0.746672 0.228407 16.055200 -1.301217 77.818094 0.022140 average
06-Apr-2019 21:55:01 -6.828500 125.041600 539.000000 6.300000 108.987630 80.605330 -26.935637 SKS 66.000000 4.000000 -Inf Inf 0.000000 Inf 446492.902515 0.548589 -0.288405 1.385584 0.573107 5.605330 -1.251763 56.280413 0.101661 poor
12-Apr-2019 11:40:49 -1.814600 122.579800 15.460000 6.800000 103.698180 78.774060 -26.935637 SKS 61.000000 4.000000 175.000000 78.000000 0.102564 4.000000 199101.599517 0.707464 -0.148600 1.563528 0.598681 -0.225940 -1.269021 85.228642 0.076441 poor
04-Jun-2019 04:39:16 29.066500 139.289000 422.000000 6.400000 90.556500 46.363800 -26.935637 SKS 122.000000 4.000000 111.000000 133.000000 1.538462 4.000000 68753.750160 -0.322189 -0.858720 0.214342 0.258232 64.363800 -1.242994 79.183864 0.035954 average
14-Jun-2019 00:19:12 -30.055700 -72.081900 11.000000 6.400000 108.953230 246.221970 -26.935637 SKS 143.000000 4.000000 131.000000 155.000000 1.333333 4.000000 88920.597168 -0.087297 -0.710735 0.536141 0.068588 86.221970 -1.261846 75.166525 0.008388 null-measurement
28-Jun-2019 15:51:31 19.851500 144.347700 410.000000 6.400000 100.737270 47.866430 -26.935637 SKS 125.000000 4.000000 99.000000 138.000000 0.205128 4.000000 94671.075183 -0.189224 -0.758110 0.379662 0.158867 66.866430 -1.276418 78.551403 0.033558 poor
07-Jul-2019 15:08:40 0.512600 126.189200 35.000000 6.900000 104.523530 74.435300 -26.935637 SKS 59.000000 4.000000 -Inf Inf 0.000000 Inf 193849.488969 0.424237 -0.256835 1.105309 0.342062 -1.564700 -1.301165 74.023693 0.019126 poor
14-Nov-2019 16:17:40 1.621300 126.415600 33.000000 7.100000 103.871140 73.486840 -26.935637 SKS 56.000000 4.000000 37.000000 68.000000 1.230769 4.000000 121409.950059 0.733816 -0.004693 1.472326 0.537909 -6.513160 -1.314716 84.787717 0.030647 average
