date time lat lon depth mag dist baz cordeg phase phi delta err_phi_min err_phi_max err_dt_min err_dt_max confidence_level SplitInt SplitInt_err_min SplitInt_err_max delta_XC phi_XC Qa E_red Eig_ratio category 28-May-2016 09:46:59 -56.240900 -26.935300 78.000000 7.200000 106.615130 202.844160 -12.023055 SKS 110.000000 2.769231 -Inf Inf 0.000000 Inf 5293.737499 -0.104401 -0.205845 -0.002956 0.117098 65.844160 -0.939098 46.111826 0.010033 null-measurement
19-Aug-2016 07:32:22 -55.285200 -31.876600 10.000000 7.400000 107.256320 205.856620 -12.023055 SKS 111.000000 1.435897 -Inf Inf 0.000000 Inf 11413.230118 -0.210943 -0.372392 -0.049493 0.188422 69.856620 -0.783656 19.646409 0.013028 poor
10-Jan-2017 06:13:48 4.478200 122.617100 627.170000 7.300000 99.500230 74.048470 -12.023055 SKS 23.000000 1.025641 170.000000 65.000000 0.307692 2.974359 16936.228287 0.984264 0.769222 1.199307 0.969468 34.048470 0.644246 75.982839 0.080099 average
13-Aug-2017 03:08:10 -3.768200 101.622800 31.000000 6.400000 90.470350 94.802860 -12.023055 SKKS 102.000000 4.000000 -Inf Inf 0.000000 Inf 5300.138424 0.067346 -0.485333 0.620025 0.125159 65.802860 -0.780690 27.819476 0.112411 poor
24-Oct-2017 10:47:47 -7.216800 123.073500 553.810000 6.700000 108.173060 82.093680 -12.023055 SKS 28.000000 0.923077 -Inf Inf 0.000000 Inf 89452.296553 0.694522 0.307125 1.081920 0.000000 70.093680 -0.936492 30.935009 0.204533 poor
24-Aug-2018 09:04:08 -11.035500 -70.828400 630.000000 7.100000 94.809310 259.297190 -12.023055 SKS 167.000000 3.897436 -Inf Inf 0.000000 Inf 7115.849328 0.124151 0.027932 0.220370 0.145970 31.297190 -0.947052 32.353096 0.017621 null-measurement
28-Sep-2018 10:02:45 -0.255900 119.846200 20.000000 7.500000 100.974860 79.397260 -12.023055 SKS 55.000000 1.025641 172.000000 77.000000 0.102564 4.000000 13381.298657 0.731275 0.570487 0.892062 0.726917 36.397260 0.284843 85.591708 0.047686 poor
11-Dec-2018 02:26:29 -58.544600 -26.385600 133.000000 7.100000 108.467870 201.368760 -12.023055 SKS 20.000000 4.000000 -Inf Inf 0.000000 Inf 398687.339334 -0.020893 -0.373212 0.331426 0.023376 62.368760 -0.936399 4.127505 0.023927 null-measurement
01-Mar-2019 08:50:42 -14.713100 -70.154600 267.000000 7.000000 96.903240 256.200720 -12.023055 SKS 19.000000 0.512821 -Inf Inf 0.000000 Inf 9007.120446 0.440663 0.287151 0.594175 0.455056 31.200720 0.584795 49.300132 0.025834 poor
24-Jun-2019 02:53:39 -6.407800 129.169200 212.000000 7.300000 111.881720 76.923110 -12.023055 SKS 38.000000 0.820513 170.000000 73.000000 0.102564 2.461538 25496.332121 0.793881 0.596675 0.991087 0.791011 34.923110 0.890748 78.337080 0.113177 average
07-Jul-2019 15:08:40 0.512600 126.189200 35.000000 6.900000 104.831960 74.165840 -12.023055 SKS 17.000000 0.923077 -Inf Inf 0.000000 Inf 389580.576856 0.780283 0.425723 1.134843 0.775769 31.165840 0.500874 64.268634 0.088529 poor
14-Nov-2019 16:17:40 1.621300 126.415600 33.000000 7.100000 104.180230 73.215600 -12.023055 SKS 30.000000 0.717949 178.000000 59.000000 0.410256 1.538462 6294.697589 0.739329 0.635559 0.843099 0.748119 25.215600 0.839188 86.797051 0.057763 good
