date time lat lon depth mag dist baz cordeg phase phi delta err_phi_min err_phi_max err_dt_min err_dt_max confidence_level SplitInt SplitInt_err_min SplitInt_err_max delta_XC phi_XC Qa E_red Eig_ratio category 29-Jul-2016 21:18:24 18.542900 145.507300 196.000000 7.700000 101.029910 48.104840 1.465940 SKS 110.000000 2.256410 89.000000 124.000000 1.230769 3.487179 29563.166185 -1.729576 -2.071175 -1.387976 2.439888 -63.895160 0.780640 95.491513 0.214287 average
18-Feb-2017 12:10:17 -23.861300 -66.659200 222.000000 6.400000 102.269940 248.331700 1.465940 SKS 114.000000 1.435897 84.000000 143.000000 0.615385 2.358974 46167.867390 -1.370906 -1.653249 -1.088563 1.405081 -75.668300 0.694642 86.162541 0.232177 good
21-Feb-2017 14:09:04 -19.281400 -63.904700 595.980000 6.500000 97.201810 249.690580 1.465940 SKS 117.000000 0.820513 89.000000 143.000000 0.512821 1.435897 7566.001098 -0.846151 -0.943266 -0.749037 0.816805 -67.309420 0.864417 90.610735 0.089231 good
15-Apr-2017 08:19:43 -23.265300 -67.722500 155.000000 6.300000 102.538600 249.470230 1.465940 SKS 95.000000 1.538462 70.000000 159.000000 0.000000 4.000000 51803.169778 -1.123869 -1.365524 -0.882214 1.157792 -69.529770 0.400983 94.497315 0.114158 good
14-Jan-2018 09:18:45 -15.767500 -74.709200 39.000000 7.100000 101.937350 259.651790 1.465940 SKS 109.000000 0.820513 -Inf Inf 0.000000 Inf 35980.924792 -0.674856 -0.834705 -0.515007 0.708888 -59.348210 0.586354 74.044342 0.060568 poor
21-Jan-2018 01:06:42 -18.880600 -69.444500 116.000000 6.300000 100.573220 253.783270 1.465940 SKS 98.000000 1.538462 82.000000 135.000000 0.615385 3.076923 16266.544575 -1.053118 -1.275496 -0.830740 1.042990 -55.216730 0.042958 87.792920 0.115087 average
02-Apr-2018 13:40:34 -20.658800 -63.005800 559.000000 6.800000 97.615310 248.117660 1.465940 SKS 102.000000 1.230769 90.000000 117.000000 0.923077 1.641026 4579.060867 -1.099035 -1.225115 -0.972954 1.235173 -79.882340 0.940629 94.099421 0.119031 good
24-Aug-2018 09:04:08 -11.035500 -70.828400 630.000000 7.100000 95.919070 260.278960 1.465940 SKS 95.000000 1.435897 86.000000 123.000000 0.512821 2.461538 10361.905303 -0.544459 -0.702075 -0.386844 0.538447 -53.721040 -0.321957 87.840528 0.067141 average
07-Sep-2018 02:12:06 -2.253200 -78.790300 110.500000 6.200000 95.141260 272.101310 1.465940 SKS 96.000000 1.641026 92.000000 -1.000000 0.000000 4.000000 2982.036833 -0.152374 -0.214458 -0.090289 0.157303 -39.898690 -0.885700 49.653731 0.007357 poor
28-Sep-2018 10:02:45 -0.255900 119.846200 20.000000 7.500000 99.854760 79.994280 1.465940 SKS 88.000000 1.948718 -Inf Inf 0.000000 Inf 108234.079866 -0.445081 -0.648327 -0.241834 0.462628 -49.005720 -0.728815 82.075880 0.022689 poor
01-Nov-2018 22:19:51 -19.582700 -69.265600 102.000000 6.200000 100.951390 253.159220 1.465940 SKS 101.000000 1.435897 87.000000 125.000000 0.820513 2.358974 11443.652757 -1.119105 -1.321965 -0.916244 1.343625 -76.840780 0.886582 95.251034 0.158130 good
26-May-2019 07:41:15 -5.811900 -75.269700 122.570000 8.000000 95.247710 267.090930 1.465940 SKS 96.000000 1.641026 89.000000 154.000000 0.205128 3.794872 1417.806716 -0.359331 -0.483955 -0.234706 0.365364 -40.909070 -0.744268 67.230942 0.024804 poor
07-Jul-2019 15:08:40 0.512600 126.189200 35.000000 6.900000 103.586670 74.692370 1.465940 SKS 96.000000 0.923077 76.000000 163.000000 0.102564 4.000000 14508.360089 -0.583483 -0.714806 -0.452159 0.569028 -58.307630 0.027285 77.098495 0.043071 poor
29-Sep-2019 15:57:53 -35.475800 -73.163000 11.000000 6.700000 114.312970 243.455330 1.465940 SKS 94.000000 1.230769 68.000000 144.000000 0.307692 3.076923 53534.831289 -0.987682 -1.261347 -0.714016 1.054226 -74.544670 0.586774 64.213337 0.163106 poor
14-Nov-2019 16:17:40 1.621300 126.415600 33.000000 7.100000 102.913770 73.763040 1.465940 SKS 87.000000 1.128205 -Inf Inf 0.000000 Inf 51225.950217 -0.429374 -0.572421 -0.286326 0.410845 -59.236960 -0.390848 79.564745 0.025164 poor
