date time lat lon depth mag dist baz cordeg phase phi delta err_phi_min err_phi_max err_dt_min err_dt_max confidence_level SplitInt SplitInt_err_min SplitInt_err_max delta_XC phi_XC Qa E_red Eig_ratio category 15-Apr-2016 14:11:26 13.400800 -92.367000 22.410000 6.100000 93.357030 292.717730 21.428456 SKS 16.000000 2.153846 115.000000 21.000000 0.000000 4.000000 14009.684744 -0.259106 -0.417188 -0.101023 0.250611 -29.282270 -0.893892 60.772647 0.027027 poor
20-Apr-2016 08:33:47 0.639000 -80.210400 14.000000 6.200000 94.276670 275.200280 21.428456 SKS 0.000000 1.948718 -Inf Inf 0.000000 Inf 9453.127934 -0.254625 -0.388969 -0.120282 0.244504 -44.799720 -0.873992 42.865257 0.027182 poor
22-Apr-2016 03:03:41 -0.292100 -80.503900 10.000000 6.000000 95.143860 274.755410 21.428456 SKS 160.000000 0.923077 95.000000 3.000000 0.000000 4.000000 19050.079142 -0.649154 -0.824396 -0.473912 0.496532 -44.244590 -0.003792 62.455377 0.047332 poor
18-May-2016 16:46:43 0.494700 -79.616000 29.950000 6.900000 93.959890 274.675200 21.428456 SKS 173.000000 1.948718 148.000000 -1.000000 0.615385 3.487179 4962.618541 -0.601149 -0.763046 -0.439253 0.628725 -41.324800 -0.442669 90.128300 0.041917 average
07-Jun-2016 19:15:15 1.278900 126.371200 31.000000 6.300000 103.288270 74.408140 21.428456 SKS 89.000000 1.333333 74.000000 161.000000 0.102564 4.000000 5961.663705 -0.569867 -0.758507 -0.381228 0.595750 -57.591860 -0.309335 59.323701 0.069086 poor
29-Jul-2016 21:18:24 18.542900 145.507300 196.000000 7.700000 101.612680 48.413730 21.428456 SKS 100.000000 0.410256 -Inf Inf 0.000000 Inf 33195.702334 -0.391889 -0.570048 -0.213729 0.428359 -79.586270 0.938838 35.699561 0.035455 poor
04-Aug-2016 14:15:12 -22.334300 -66.007800 270.000000 6.200000 100.526020 248.940710 21.428456 SKS 143.000000 0.923077 -Inf Inf 0.000000 Inf 14752.148506 -0.441461 -0.589751 -0.293171 0.446556 -66.059290 -0.169190 65.267064 0.034240 poor
04-Aug-2016 16:24:33 24.944700 142.014100 510.000000 6.300000 94.503040 47.482680 21.428456 SKS 124.000000 1.641026 116.000000 129.000000 1.025641 2.358974 6178.777191 -0.523069 -0.671756 -0.374382 0.510015 89.482680 -0.458340 92.261422 0.048391 good
19-Aug-2016 07:32:22 -55.285200 -31.876600 10.000000 7.400000 108.202330 206.636240 21.428456 SKS 118.000000 4.000000 -Inf Inf 0.000000 Inf 14473.175929 0.094075 -0.096830 0.284981 0.101930 -17.363760 -0.966511 5.119849 0.026383 null-measurement
21-Aug-2016 03:45:23 -55.313300 -31.750800 12.000000 6.100000 108.185830 206.556780 21.428456 SKS 30.000000 4.000000 -Inf Inf 0.000000 Inf 115867.782155 0.011890 -0.261061 0.284840 0.000000 77.556780 -1.057602 36.842545 0.026960 null-measurement
21-Aug-2016 03:45:23 -55.313300 -31.750800 12.000000 6.100000 108.185830 206.556780 21.428456 SKKS 111.000000 3.076923 -Inf Inf 0.000000 Inf 68433.791779 -0.296792 -0.628273 0.034689 0.135381 65.556780 -0.966588 NaN 0.059273 poor
23-Aug-2016 19:39:44 -7.287200 122.434500 533.000000 6.000000 106.714520 83.462920 21.428456 SKS 162.000000 0.410256 -Inf Inf 0.000000 Inf 13662.124125 -0.142170 -0.273762 -0.010578 0.127211 -52.537080 -0.459478 12.740949 0.025178 null-measurement
15-Apr-2017 08:19:43 -23.265300 -67.722500 155.000000 6.300000 102.309910 249.391260 21.428456 SKS 151.000000 1.948718 72.000000 159.000000 0.102564 4.000000 9505.212483 -0.422051 -0.578420 -0.265682 0.412115 -68.608740 -0.671230 74.219121 0.026275 poor
22-Jun-2017 12:31:03 13.717400 -90.971800 38.120000 6.800000 92.210380 291.923910 21.428456 SKS 18.000000 2.358974 -Inf Inf 0.000000 Inf 3767.869322 -0.222573 -0.325928 -0.119219 0.221397 -27.076090 -0.910229 44.431262 0.012562 poor
