0.500000 65.000000 3 3 4 5 5 6 6 7 8 9 10 10 
0.300000 50.000000 3 5 6 7 8 8 9 10 11 11 11 12 
0.500000 65.000000 2 4 5 6 6 7 8 9 10 10 10 10 
0.300000 46.000000 1 2 2 3 6 7 7 8 8 9 11 11 
0.400000 56.000000 2 2 2 2 2 3 5 6 7 8 9 12 
0.400000 63.000000 3 5 5 6 7 7 8 9 10 10 11 12 
0.300000 46.000000 1 1 3 4 5 8 8 9 10 11 12 12 
0.300000 46.000000 2 3 4 5 5 5 7 8 9 11 11 11 
0.300000 48.000000 1 2 3 4 5 5 5 7 8 8 9 11 
0.500000 56.000000 1 1 1 2 2 3 3 5 5 6 9 10 
0.300000 55.000000 2 3 3 6 7 7 8 8 9 10 10 11 
0.400000 61.000000 3 4 5 6 7 7 8 9 10 10 11 11 
0.300000 46.000000 1 1 1 3 4 6 8 9 10 11 12 12 
0.400000 57.000000 3 3 4 5 6 6 7 9 11 11 11 12 
0.700000 67.000000 2 3 3 3 5 6 6 7 7 9 11 12 
0.400000 59.000000 3 3 3 4 5 5 6 8 9 10 10 11 
0.300000 42.000000 1 1 2 2 2 3 7 7 8 8 9 11 
0.300000 54.000000 3 3 4 4 5 5 6 8 8 9 12 12 
0.300000 56.000000 4 5 5 6 7 8 8 8 8 9 10 12 
0.300000 28.000000 2 3 3 4 5 8 8 8 8 9 11 12 
0.400000 55.000000 1 2 3 5 5 6 9 10 10 11 11 12 
0.300000 55.000000 1 3 5 5 5 7 7 8 8 8 9 12 
0.300000 49.000000 1 4 4 4 6 8 8 8 9 10 10 11 
0.600000 65.000000 1 2 2 4 4 7 9 10 12 12 12 12 
0.400000 59.000000 1 3 3 3 5 5 6 8 9 10 11 12 
0.600000 63.000000 1 4 4 4 5 5 6 9 10 10 11 12 
0.400000 60.000000 2 2 4 4 5 7 7 8 9 10 11 12 
0.300000 46.000000 1 2 4 4 6 7 8 8 9 10 11 11 
0.300000 54.000000 3 5 5 6 6 7 8 8 8 9 11 12 
0.400000 52.000000 1 2 4 4 5 7 9 11 11 11 11 12 
0.300000 48.000000 1 1 1 3 6 7 8 9 11 12 12 12 
0.400000 59.000000 1 2 3 3 3 5 5 7 8 9 11 12 
0.400000 57.000000 1 1 2 3 4 5 5 6 8 9 10 12 
0.400000 53.000000 1 1 1 1 2 2 4 5 5 7 9 10 
0.400000 58.000000 1 2 2 3 3 6 7 8 9 10 11 12 
0.300000 46.000000 1 1 1 2 3 4 7 8 9 10 11 12 
1.200000 70.000000 2 3 4 5 5 5 6 6 7 7 9 10 
0.600000 60.000000 1 1 2 3 5 5 6 6 6 6 6 9 
0.400000 59.000000 1 1 2 3 4 5 7 7 9 10 11 12 
0.400000 61.000000 1 1 2 5 7 8 9 10 10 10 10 12 
0.500000 60.000000 1 2 2 2 3 6 6 7 9 10 11 12 
0.400000 64.000000 3 4 4 5 7 7 7 7 8 8 9 11 
0.400000 61.000000 3 3 4 4 4 5 7 7 8 9 11 12 
0.300000 50.000000 1 3 4 5 6 7 8 8 8 9 11 12 
0.700000 68.000000 4 4 5 6 6 7 7 9 10 11 12 12 
0.500000 61.000000 1 2 4 6 6 9 10 10 11 12 12 12 
0.500000 62.000000 1 1 2 2 3 3 5 5 6 7 7 9 
0.700000 65.000000 1 2 2 3 4 5 6 6 7 9 10 10 
0.500000 62.000000 1 2 4 4 5 5 7 9 10 10 11 12 
0.300000 53.000000 1 3 5 6 7 8 8 9 10 11 12 12 
0.300000 45.000000 1 2 2 3 5 6 6 8 9 11 12 12 
0.300000 51.000000 2 3 4 5 6 7 8 9 10 11 11 12 
0.400000 59.000000 1 1 2 2 3 3 5 7 7 8 9 12 
0.300000 52.000000 1 2 4 6 6 8 8 9 10 10 12 12 
0.700000 70.000000 3 3 5 6 7 7 7 7 8 9 10 12 
0.500000 59.000000 1 1 3 3 4 4 4 6 9 10 11 12 
0.500000 64.000000 3 3 4 5 6 6 8 9 10 10 10 12 
0.300000 49.000000 1 1 4 5 5 7 8 9 10 10 11 11 
0.400000 54.000000 1 2 3 4 4 5 6 8 9 10 11 11 
0.400000 61.000000 4 5 7 8 9 10 10 10 11 11 12 12 
0.300000 50.000000 1 3 3 6 6 7 7 8 9 11 11 11 
0.400000 57.000000 1 1 2 3 3 3 4 8 9 10 10 12 
0.400000 56.000000 1 2 4 5 5 6 6 6 8 9 10 11 
0.300000 51.000000 1 1 4 6 7 7 8 9 10 11 11 12 
0.400000 53.000000 1 1 2 2 4 4 6 7 9 10 11 11 
0.400000 60.000000 2 3 5 6 8 9 10 10 11 12 12 12 
0.500000 62.000000 1 1 1 2 3 3 3 5 6 7 7 9 
0.300000 50.000000 2 3 3 4 7 8 9 10 10 11 11 11 
0.400000 56.000000 1 2 4 5 5 6 6 6 8 9 10 11 
0.500000 62.000000 1 3 3 4 6 6 6 7 7 9 11 11 
0.400000 59.000000 1 2 3 5 5 6 6 8 9 10 10 12 
0.300000 52.000000 1 2 3 3 4 4 6 7 8 8 9 10 
0.400000 48.000000 1 1 2 3 4 4 6 9 10 11 11 11 
0.700000 67.000000 2 2 3 4 6 7 7 9 10 10 11 12 
0.300000 42.000000 1 2 2 3 5 8 8 9 10 11 12 12 
0.300000 45.000000 1 2 2 3 5 6 7 8 8 9 11 12 
0.400000 57.000000 1 2 3 4 5 5 6 8 9 10 11 12 
1.100000 65.000000 2 2 3 3 3 4 4 6 6 6 9 12 
0.500000 61.000000 1 1 1 3 3 4 5 5 7 9 10 10 
0.700000 66.000000 3 4 4 4 7 9 10 10 10 11 12 12 
0.400000 57.000000 4 4 5 5 5 6 6 7 9 11 11 11 
0.400000 64.000000 3 3 6 6 7 7 8 8 9 10 12 12 
0.300000 51.000000 1 2 3 4 4 6 6 8 8 9 10 10 
0.500000 64.000000 1 3 4 6 6 7 7 9 11 12 12 12 
0.700000 66.000000 1 2 3 4 5 5 7 9 10 10 12 12 
0.400000 65.000000 5 6 7 7 7 7 8 8 9 10 12 12 
0.500000 62.000000 2 4 5 5 6 7 9 10 10 11 11 12 
0.900000 66.000000 1 3 5 5 6 6 6 9 10 10 10 10 
0.300000 32.000000 1 1 2 2 5 6 8 8 8 9 10 12 
0.400000 59.000000 1 1 1 4 5 7 9 10 10 12 12 12 
0.400000 63.000000 2 2 3 4 7 7 7 7 8 8 9 10 
0.700000 67.000000 2 3 5 5 5 7 9 10 10 11 12 12 
0.300000 53.000000 1 1 3 5 8 8 9 10 10 10 12 12 
0.800000 68.000000 5 5 5 6 6 6 7 9 10 10 11 12 
0.500000 63.000000 2 3 4 4 6 6 8 9 10 10 10 12 
0.300000 26.000000 2 4 7 8 8 8 8 9 10 11 11 11 
0.800000 67.000000 3 3 4 5 5 6 6 7 9 10 10 11 
0.300000 45.000000 1 1 2 3 4 4 5 8 8 9 12 12 
0.300000 50.000000 1 2 2 5 5 6 7 8 8 9 10 12 
0.400000 60.000000 1 2 2 3 4 7 7 8 9 10 11 12 
0.500000 62.000000 2 3 4 4 5 5 7 9 10 11 11 12 
0.300000 46.000000 1 1 1 1 3 3 6 6 7 8 9 11 
0.400000 58.000000 1 4 5 7 9 10 10 11 11 11 12 12 
0.700000 68.000000 3 3 4 6 6 7 7 9 11 12 12 12 
0.400000 55.000000 1 1 2 3 4 5 5 6 6 6 8 9 
0.400000 53.000000 1 1 1 2 2 4 5 6 7 9 10 11 
0.500000 59.000000 1 2 2 2 4 5 5 5 6 7 9 11 
0.400000 56.000000 1 1 3 3 3 4 5 7 9 10 11 11 
0.700000 65.000000 2 3 5 5 5 6 6 9 10 11 12 12 
0.300000 34.000000 1 1 2 2 2 6 8 8 9 12 12 12 
0.600000 66.000000 1 5 6 6 6 6 7 7 9 10 10 11 
0.300000 47.000000 1 2 3 5 6 7 8 9 11 11 12 12 
0.300000 40.000000 1 1 3 4 5 6 8 9 11 11 11 12 
0.400000 61.000000 1 1 5 6 6 7 7 8 9 10 10 11 
0.400000 60.000000 1 2 5 6 6 8 9 10 10 10 12 12 
0.600000 62.000000 2 2 3 4 4 5 6 9 10 11 12 12 
0.500000 64.000000 1 1 4 5 6 7 7 9 10 10 11 12 
0.500000 65.000000 3 4 4 5 6 6 6 7 8 9 12 12 
0.400000 64.000000 3 5 5 5 6 7 8 8 9 10 12 12 
0.700000 66.000000 1 3 4 5 6 9 10 10 12 12 12 12 
0.300000 51.000000 1 2 4 4 5 6 8 8 9 10 10 12 
1.000000 69.000000 2 3 4 4 6 7 9 10 12 12 12 12 
0.400000 57.000000 1 1 2 3 5 5 5 6 7 9 11 12 
0.300000 45.000000 1 2 5 5 5 5 8 9 10 10 11 11 
0.400000 61.000000 3 3 6 7 7 8 9 10 10 11 11 11 
0.400000 58.000000 3 4 5 6 6 7 9 10 11 11 11 12 
0.300000 53.000000 1 3 5 7 8 8 8 8 9 10 10 11 
0.400000 59.000000 1 2 2 3 4 6 7 8 9 10 10 10 
0.400000 54.000000 1 3 3 5 5 6 9 10 11 11 11 12 
0.400000 57.000000 1 1 2 3 3 4 5 7 9 11 12 12 
0.400000 45.000000 1 1 1 2 2 4 5 9 10 11 11 12 
0.300000 50.000000 1 2 2 3 3 5 8 8 9 10 10 12 
0.400000 62.000000 3 3 4 5 7 7 8 9 11 12 12 12 
0.300000 43.000000 1 3 4 5 5 6 8 8 9 11 11 12 
0.300000 50.000000 2 3 3 4 5 8 8 8 8 9 12 12 
0.300000 49.000000 1 1 3 3 4 5 6 8 9 10 11 12 
0.300000 43.000000 2 2 2 4 5 6 6 8 8 8 9 10 
0.300000 39.000000 2 2 4 5 6 6 6 8 8 9 11 11 
0.300000 48.000000 3 3 3 3 5 7 8 9 11 11 11 11 
0.400000 52.000000 1 1 3 5 5 6 6 6 9 11 11 12 
0.300000 48.000000 1 1 1 1 3 4 6 6 7 8 9 12 
0.500000 65.000000 2 3 5 5 6 7 8 9 10 10 12 12 
0.700000 65.000000 1 2 2 4 4 5 6 6 7 9 10 10 
0.400000 63.000000 1 3 3 7 7 7 7 8 9 10 11 12 
0.600000 63.000000 1 2 3 3 3 4 5 7 9 10 10 11 
0.300000 47.000000 1 4 5 7 7 8 8 9 11 11 11 12 
0.300000 51.000000 2 2 3 3 4 7 8 8 9 10 10 11 
0.300000 49.000000 3 3 5 5 6 6 6 8 8 9 11 11 
0.300000 42.000000 1 1 1 1 2 4 4 5 6 8 9 12 
0.700000 65.000000 1 2 3 3 3 5 6 6 7 9 10 12 
0.300000 50.000000 1 3 4 4 5 6 6 7 8 9 11 11 
0.600000 63.000000 1 1 2 4 4 4 6 7 9 10 10 10 
0.400000 61.000000 3 4 4 5 6 7 8 9 10 10 11 12 
0.300000 55.000000 3 4 5 6 7 8 8 8 9 10 10 11 
0.400000 62.000000 1 3 4 5 7 7 7 8 9 10 11 12 
0.400000 55.000000 1 2 2 2 3 4 5 6 8 9 10 10 
0.400000 62.000000 2 3 3 5 6 6 7 7 7 8 9 11 
0.300000 54.000000 5 6 6 7 7 8 8 9 10 11 11 12 
0.300000 48.000000 1 2 2 4 4 5 6 8 8 9 10 10 
0.400000 59.000000 1 2 3 4 5 6 6 7 8 9 10 11 
0.300000 47.000000 1 1 2 2 5 6 7 8 9 10 10 11 
0.300000 56.000000 3 4 5 5 6 7 8 8 8 9 12 12 
0.400000 58.000000 1 1 1 2 4 7 9 10 10 12 12 12 
0.600000 64.000000 1 1 2 3 3 5 7 9 10 10 10 12 
0.300000 48.000000 1 1 2 5 5 5 6 7 8 8 9 12 
0.400000 54.000000 1 1 1 1 2 3 3 3 5 6 7 9 
0.300000 54.000000 1 3 3 4 4 8 8 9 10 10 10 12 
0.300000 44.000000 2 3 4 5 6 6 6 8 9 11 11 11 
0.600000 67.000000 1 4 5 7 7 7 9 10 10 10 11 12 
0.500000 63.000000 1 2 4 5 5 6 7 7 9 10 11 12 
0.300000 54.000000 1 3 4 4 5 6 7 8 8 9 12 12 
0.300000 56.000000 6 6 6 7 7 8 8 9 10 11 12 12 
0.300000 36.000000 1 2 3 3 4 6 8 8 8 9 11 11 
0.700000 66.000000 1 3 5 6 6 6 6 9 10 12 12 12 
0.400000 54.000000 1 1 1 2 4 4 4 5 6 7 9 11 
0.300000 34.000000 2 2 3 5 6 6 8 8 8 9 11 12 
0.300000 46.000000 2 3 5 5 5 8 9 11 11 12 12 12 
0.300000 53.000000 1 3 4 5 7 8 9 10 11 12 12 12 
0.300000 48.000000 1 1 2 3 4 4 4 7 8 9 11 12 
0.400000 58.000000 1 2 2 3 3 3 5 7 8 9 10 11 
0.700000 67.000000 3 3 3 5 7 9 10 10 11 12 12 12 
0.400000 57.000000 1 1 2 2 3 4 6 6 7 7 9 11 
0.400000 56.000000 1 3 3 4 4 7 9 10 11 11 11 12 
0.500000 64.000000 1 4 4 5 7 9 10 11 12 12 12 12 
0.400000 59.000000 1 2 4 4 5 6 8 9 10 12 12 12 
0.300000 48.000000 2 3 3 3 5 6 8 8 9 10 11 11 
0.400000 58.000000 1 2 3 4 4 6 6 6 8 9 10 12 
0.300000 55.000000 1 3 5 5 5 7 8 8 9 10 10 12 
0.500000 65.000000 3 4 5 5 5 5 6 7 8 9 10 12 
0.300000 53.000000 3 4 5 6 6 8 8 9 10 11 12 12 
0.300000 55.000000 3 5 5 6 6 7 8 8 9 10 10 11 
0.500000 63.000000 2 2 3 4 5 6 6 6 6 7 8 9 
0.400000 55.000000 1 2 4 4 4 5 6 6 7 9 11 11 
0.300000 45.000000 1 2 2 4 4 8 8 9 10 10 11 12 
0.300000 41.000000 1 2 2 4 4 5 8 8 8 9 10 12 
0.400000 55.000000 1 2 2 3 3 5 6 7 9 10 11 11 
0.400000 55.000000 1 2 2 3 3 4 5 8 9 10 11 12 
0.400000 48.000000 1 1 2 2 2 4 4 5 8 9 10 11 
0.300000 45.000000 1 2 3 3 3 8 8 9 10 11 11 12 
0.300000 49.000000 1 1 3 3 3 4 4 7 8 8 9 11 
0.400000 61.000000 2 2 4 5 7 8 9 10 10 12 12 12 
0.500000 63.000000 2 2 3 4 5 5 6 6 6 7 8 9 
0.300000 56.000000 1 3 5 7 7 8 8 9 10 12 12 12 
0.300000 30.000000 2 2 3 3 8 8 8 9 11 11 11 12 
0.300000 51.000000 1 4 5 6 6 6 7 8 9 10 11 11 
0.400000 61.000000 1 3 3 4 5 5 6 7 8 9 10 12 
0.300000 56.000000 2 5 5 6 7 7 8 8 9 10 12 12 
0.400000 61.000000 1 1 1 3 4 5 6 7 7 7 8 9 
0.300000 49.000000 1 1 3 5 5 6 6 8 9 10 11 12 
0.300000 44.000000 1 1 1 2 2 3 4 7 8 9 10 11 
0.300000 45.000000 1 1 2 2 2 3 3 7 8 9 10 11 
0.300000 51.000000 1 1 2 4 6 6 7 7 8 9 10 11 
0.300000 38.000000 1 1 2 4 6 6 8 8 9 10 11 11 
0.500000 64.000000 1 4 5 5 5 7 9 10 10 11 12 12 
0.500000 56.000000 1 2 2 3 3 4 6 9 10 11 11 12 
0.300000 45.000000 1 1 2 3 5 5 6 7 8 8 9 11 
0.600000 62.000000 2 2 2 3 3 4 5 5 6 7 9 11 
0.300000 54.000000 2 3 4 4 7 7 7 8 8 9 11 12 
0.300000 43.000000 2 2 3 6 6 8 8 8 9 10 11 12 
0.400000 61.000000 1 1 3 4 5 6 7 7 8 9 10 12 
0.400000 57.000000 1 1 2 4 5 5 5 6 7 9 10 11 
0.400000 60.000000 1 4 4 4 6 6 8 9 10 12 12 12 
0.300000 55.000000 1 3 5 6 6 7 8 8 9 10 12 12 
0.400000 59.000000 1 2 3 4 5 7 8 9 10 10 11 12 
0.500000 58.000000 1 1 2 4 6 6 6 6 9 10 11 12 
0.300000 44.000000 1 2 2 4 4 5 5 6 8 8 9 12 
0.400000 44.000000 1 1 1 1 4 4 5 6 6 9 11 11 
0.300000 53.000000 2 3 4 4 4 5 7 8 8 9 12 12 
0.400000 60.000000 1 1 4 5 7 7 9 10 10 11 12 12 
1.100000 66.000000 2 2 2 2 3 6 9 10 10 10 10 12 
0.400000 50.000000 1 1 1 2 2 3 5 6 9 10 10 11 
0.300000 47.000000 1 1 2 3 3 3 5 6 6 8 8 9 
0.400000 63.000000 5 6 7 8 9 10 10 11 12 12 12 12 
0.500000 59.000000 1 2 2 2 2 3 3 7 9 10 11 12 
0.400000 55.000000 1 2 2 4 4 5 6 8 9 10 10 11 
0.400000 61.000000 3 4 5 5 7 8 9 10 10 11 11 12 
0.300000 46.000000 1 2 2 3 4 5 7 8 9 10 11 11 
0.500000 56.000000 1 1 2 3 6 6 6 9 10 10 11 11 
0.800000 68.000000 3 4 5 6 7 7 9 10 10 10 11 12 
0.400000 58.000000 1 1 2 3 4 8 9 10 10 12 12 12 
0.500000 60.000000 1 2 4 4 6 6 6 7 9 10 11 11 
0.400000 56.000000 2 4 5 5 5 6 6 7 9 11 11 11 
0.700000 64.000000 2 3 4 4 5 5 6 6 9 10 11 12 
0.300000 38.000000 1 1 2 4 6 6 8 8 9 10 11 11 
0.300000 51.000000 1 1 1 2 5 5 6 7 7 8 9 10 
0.300000 54.000000 2 3 6 6 7 8 8 8 9 12 12 12 
1.200000 71.000000 2 3 4 5 6 6 7 7 7 9 12 12 
0.400000 59.000000 1 2 3 5 6 6 7 8 9 10 10 11 
0.300000 49.000000 1 1 1 1 3 4 5 8 9 10 10 10 
0.700000 66.000000 2 3 3 3 4 4 5 5 7 7 9 11 
0.300000 49.000000 2 2 3 5 6 8 8 9 10 10 11 12 
0.300000 52.000000 2 2 2 3 4 7 7 8 8 9 10 12 
0.600000 64.000000 1 1 3 3 3 4 4 5 5 7 9 10 
0.500000 66.000000 4 4 5 7 8 9 10 10 10 10 12 12 
0.300000 56.000000 1 1 5 7 7 7 7 8 8 9 10 10 
0.500000 62.000000 1 1 1 3 4 4 5 5 7 9 10 12 
0.600000 64.000000 2 3 3 4 5 6 9 11 12 12 12 12 
0.300000 50.000000 1 1 1 2 4 6 7 8 9 10 10 12 
0.300000 48.000000 3 5 6 6 6 6 8 9 10 11 11 11 
0.300000 50.000000 1 2 2 4 4 6 7 8 8 9 10 12 
0.300000 50.000000 1 1 1 3 4 7 8 8 8 9 10 10 
0.400000 61.000000 3 4 4 5 5 5 7 8 9 10 11 12 
0.300000 45.000000 1 2 2 2 3 3 5 6 8 8 9 10 
0.500000 59.000000 2 2 3 5 5 6 9 10 11 11 12 12 
0.400000 57.000000 1 2 3 4 6 6 6 8 9 10 11 12 
0.300000 54.000000 1 5 7 7 7 8 9 10 11 11 12 12 
0.500000 64.000000 2 3 4 4 4 5 5 7 8 9 10 10 
0.600000 63.000000 2 2 3 4 4 4 4 7 9 11 12 12 
0.300000 50.000000 1 1 2 3 3 4 6 8 8 9 10 10 
0.400000 58.000000 2 2 3 4 6 8 9 10 10 10 11 12 
0.300000 31.000000 3 5 6 6 8 8 8 9 11 11 11 12 
0.400000 62.000000 1 2 3 5 7 7 8 9 10 10 10 12 
0.400000 60.000000 1 1 4 4 6 7 7 9 10 11 12 12 
0.300000 28.000000 2 2 3 5 5 8 8 8 9 11 12 12 
0.500000 61.000000 1 4 4 4 4 5 6 7 9 10 11 11 
0.300000 27.000000 1 2 2 4 6 7 8 8 8 8 9 11 
0.400000 54.000000 1 1 3 4 6 6 9 10 10 11 11 12 
0.300000 49.000000 1 1 2 4 7 7 8 8 9 11 12 12 
0.400000 57.000000 1 2 3 3 5 5 6 8 9 10 11 12 
0.400000 55.000000 1 2 2 2 3 3 3 4 8 9 10 12 
0.500000 64.000000 3 4 4 4 5 5 5 6 7 8 9 10 
0.400000 60.000000 2 4 4 5 5 5 8 9 12 12 12 12 
0.700000 64.000000 2 2 3 4 4 6 9 10 10 11 12 12 
0.300000 38.000000 2 2 2 3 4 5 8 9 11 11 11 12 
0.800000 68.000000 3 4 4 4 5 6 7 7 9 10 10 11 
0.600000 68.000000 3 3 6 7 7 8 9 10 10 10 10 12 
0.400000 59.000000 1 1 2 4 5 7 7 9 10 10 11 12 
0.300000 46.000000 1 1 2 2 3 3 5 6 7 8 9 11 
0.400000 59.000000 1 3 3 4 4 6 7 7 9 11 11 12 
0.600000 68.000000 3 4 4 6 6 7 7 7 8 9 10 12 
0.700000 70.000000 3 3 5 6 6 7 7 7 7 8 9 10 
0.300000 56.000000 3 4 6 7 7 7 8 8 9 10 11 12 
0.400000 60.000000 2 4 6 8 9 10 10 11 12 12 12 12 
1.000000 70.000000 2 2 2 6 6 7 7 9 12 12 12 12 
0.500000 60.000000 2 3 4 5 5 5 9 10 11 11 12 12 
0.300000 51.000000 1 2 4 4 4 5 7 8 8 9 12 12 
0.300000 56.000000 3 4 5 6 6 7 8 8 9 12 12 12 
0.300000 51.000000 1 3 6 8 8 8 9 10 10 11 12 12 
0.500000 60.000000 1 2 2 3 4 5 6 6 7 9 10 11 
0.700000 66.000000 1 3 4 4 5 5 6 6 7 9 10 12 
0.300000 51.000000 2 2 4 5 5 7 7 7 8 9 11 11 
0.500000 62.000000 1 2 3 4 5 5 6 7 9 11 12 12 
0.700000 67.000000 3 4 4 4 5 5 5 7 7 9 11 12 
0.300000 51.000000 2 2 3 4 4 6 8 8 9 10 10 12 
0.400000 54.000000 1 2 2 3 3 3 3 3 6 8 9 11 
0.400000 60.000000 1 1 3 4 4 5 5 7 8 9 10 12 
0.300000 41.000000 1 1 1 1 2 2 3 3 5 8 9 12 
0.300000 48.000000 1 2 2 7 7 7 8 8 9 11 11 12 
0.400000 57.000000 1 2 2 3 4 4 5 8 9 10 10 12 
0.300000 50.000000 1 1 2 3 4 8 8 9 10 10 10 12 
0.500000 64.000000 1 2 3 5 5 6 7 7 7 9 11 12 
0.500000 64.000000 2 2 3 4 4 4 7 7 8 9 10 10 
1.200000 71.000000 2 4 4 4 6 7 7 7 9 12 12 12 
0.700000 62.000000 1 2 2 2 3 3 4 4 9 10 10 12 
0.400000 57.000000 4 4 5 5 6 6 6 6 8 9 11 11 
0.400000 60.000000 1 3 3 4 5 6 6 6 8 9 10 12 
0.300000 48.000000 1 1 2 3 3 4 6 7 8 8 8 9 
0.600000 66.000000 3 3 3 3 6 7 9 11 12 12 12 12 
0.300000 52.000000 2 3 4 5 6 7 7 8 9 11 11 12 
0.400000 62.000000 2 4 4 5 6 6 7 7 7 8 9 11 
0.400000 62.000000 3 3 5 6 7 7 7 8 9 10 11 11 
0.400000 55.000000 1 1 2 2 3 4 6 7 9 10 11 12 
0.300000 55.000000 4 4 5 6 6 7 7 8 8 9 11 12 
0.300000 38.000000 1 1 3 3 4 5 5 8 8 8 9 11 
0.300000 50.000000 1 2 3 3 4 8 8 9 10 10 10 11 
0.400000 61.000000 2 2 3 5 7 7 8 9 10 11 12 12 
0.300000 39.000000 1 1 1 2 3 5 5 7 8 8 9 11 
0.500000 66.000000 2 4 4 6 7 7 8 9 12 12 12 12 
0.400000 61.000000 1 5 5 5 6 6 6 7 8 9 11 12 
0.500000 65.000000 4 5 5 6 6 6 8 9 10 12 12 12 
0.300000 53.000000 4 4 4 4 6 7 8 8 9 10 11 12 
0.800000 66.000000 1 3 3 3 5 5 5 6 9 10 10 12 
0.300000 48.000000 1 2 2 3 7 7 8 9 11 11 12 12 
0.500000 63.000000 1 1 2 3 3 4 5 7 7 9 10 12 
0.400000 53.000000 2 2 2 2 4 5 5 7 9 11 11 12 
0.600000 63.000000 3 3 3 5 6 9 10 10 10 10 11 11 
0.400000 58.000000 1 1 2 2 3 4 7 8 9 10 10 12 
0.300000 52.000000 4 4 4 5 5 6 7 8 8 8 9 11 
0.300000 52.000000 2 2 4 4 4 5 6 7 8 8 9 10 
0.400000 56.000000 1 1 1 3 4 4 5 6 8 9 10 10 
0.400000 60.000000 2 3 3 4 6 6 6 7 8 9 11 12 
0.400000 58.000000 1 4 4 5 6 6 6 8 9 10 10 11 
0.300000 49.000000 1 1 6 7 8 8 9 11 12 12 12 12 
0.300000 51.000000 1 2 3 3 5 6 7 8 8 9 10 11 
0.300000 42.000000 1 1 2 2 3 8 9 10 10 11 11 12 
0.400000 61.000000 1 4 5 5 5 6 6 6 7 8 9 10 
0.400000 61.000000 1 2 2 4 4 7 7 7 8 9 10 12 
0.800000 64.000000 2 3 3 4 5 6 9 10 10 10 10 11 
0.300000 56.000000 3 4 4 5 8 8 9 10 10 10 12 12 
0.300000 46.000000 2 2 2 5 5 5 8 8 9 10 12 12 
1.300000 71.000000 2 4 4 5 6 6 7 7 7 9 10 10 
0.400000 61.000000 1 2 2 3 4 7 7 8 9 10 12 12 
0.400000 57.000000 1 1 3 3 3 5 5 7 9 10 11 11 
0.300000 43.000000 1 1 3 5 6 7 8 9 11 11 11 12 
0.400000 58.000000 2 3 4 5 5 6 6 8 9 10 11 12 
0.300000 55.000000 2 4 4 7 7 8 8 8 8 8 9 10 
0.500000 61.000000 1 2 2 3 3 4 6 7 9 11 12 12 
0.400000 54.000000 1 1 1 1 4 4 5 6 9 10 10 12 
0.300000 34.000000 1 2 2 5 5 8 8 9 10 11 11 12 
0.500000 61.000000 1 2 2 4 4 4 6 7 9 11 12 12 
0.300000 53.000000 1 1 2 3 4 5 7 7 7 8 8 9 
0.300000 52.000000 1 2 4 6 7 8 8 9 10 10 10 11 
0.400000 57.000000 1 3 3 4 4 4 5 6 8 9 11 12 
0.300000 54.000000 1 3 3 3 4 8 8 8 9 10 10 10 
0.500000 62.000000 1 1 1 3 5 5 6 6 6 7 9 12 
0.400000 60.000000 1 2 2 3 3 5 7 8 9 10 12 12 
0.400000 58.000000 1 2 3 3 4 4 6 6 8 9 10 10 
0.400000 54.000000 1 1 3 4 4 6 9 10 10 11 11 12 
1.000000 69.000000 2 2 3 5 5 7 9 10 10 12 12 12 
0.700000 67.000000 1 2 3 3 3 6 6 7 7 9 12 12 
0.300000 46.000000 1 2 2 6 7 8 9 10 11 11 12 12 
0.300000 47.000000 1 4 4 7 8 8 9 10 10 11 11 11 
0.400000 56.000000 1 2 2 3 3 3 4 5 6 8 9 12 
0.400000 55.000000 1 3 3 3 4 6 6 6 8 9 11 11 
0.300000 39.000000 2 2 3 4 5 6 8 8 9 11 11 12 
0.500000 64.000000 2 3 3 5 6 6 8 9 10 12 12 12 
0.500000 62.000000 1 1 2 3 3 3 6 7 7 9 10 11 
0.600000 64.000000 2 2 2 3 4 7 9 10 10 11 12 12 
0.400000 58.000000 1 3 4 5 6 6 7 7 9 11 11 11 
0.400000 57.000000 1 2 3 3 3 3 4 4 4 8 9 12 
0.400000 53.000000 1 2 2 2 3 3 6 6 8 9 10 11 
0.600000 65.000000 1 2 2 4 6 7 9 10 10 12 12 12 
0.400000 58.000000 2 4 7 7 9 10 11 11 11 11 12 12 
0.400000 57.000000 1 3 4 4 5 6 6 6 8 9 11 12 
0.500000 64.000000 3 3 4 6 7 7 9 10 11 11 12 12 
0.400000 60.000000 1 3 3 3 5 6 6 6 8 9 12 12 
0.400000 57.000000 1 1 3 5 5 6 9 10 11 12 12 12 
0.600000 67.000000 1 3 6 7 7 7 7 9 10 10 11 12 
0.500000 61.000000 1 1 2 2 4 4 6 6 7 9 10 12 
0.400000 62.000000 1 3 3 6 7 7 8 9 10 11 12 12 
0.300000 48.000000 1 2 4 4 5 5 8 9 10 11 12 12 
0.400000 60.000000 1 1 2 3 5 5 6 6 7 7 8 9 
0.600000 63.000000 2 2 4 5 6 6 9 10 11 12 12 12 
0.300000 51.000000 1 2 2 2 3 5 7 7 7 8 8 9 
0.300000 52.000000 1 3 3 3 4 5 5 8 8 9 12 12 
0.300000 54.000000 1 5 6 6 7 7 8 8 9 10 11 12 
0.500000 62.000000 1 3 4 4 5 5 6 7 9 10 11 12 
0.300000 44.000000 2 2 3 4 5 5 7 8 8 9 11 11 
0.300000 45.000000 1 2 2 3 4 5 5 6 8 8 9 12 
0.400000 62.000000 1 3 3 4 4 6 7 7 8 8 9 10 
0.400000 60.000000 1 2 2 6 6 7 8 9 10 12 12 12 
0.300000 51.000000 1 1 2 5 5 7 7 8 9 10 10 11 
0.400000 59.000000 1 1 1 2 4 5 5 7 7 7 9 11 
0.300000 44.000000 1 1 5 5 7 8 8 9 10 11 11 12 
0.300000 23.000000 2 3 5 8 8 8 8 9 11 12 12 12 
0.400000 45.000000 1 1 2 3 5 5 6 6 9 11 11 11 
0.400000 58.000000 1 1 3 3 4 4 5 6 7 8 9 11 
0.400000 55.000000 1 1 1 2 3 3 4 4 8 9 10 12 
0.400000 60.000000 1 5 5 6 7 7 7 9 11 11 11 12 
0.400000 58.000000 2 2 3 4 4 4 5 8 9 12 12 12 
0.300000 48.000000 1 1 3 4 4 7 8 9 10 11 11 12 
0.300000 47.000000 1 1 2 2 3 4 7 8 9 10 11 12 
0.500000 65.000000 2 3 3 4 6 7 7 8 9 10 10 12 
0.700000 65.000000 2 3 3 4 4 4 4 6 7 9 11 12 
0.300000 52.000000 1 3 3 4 5 6 6 7 8 8 9 11 
0.300000 53.000000 1 1 4 5 5 7 8 8 9 10 10 12 
0.400000 61.000000 1 2 3 4 5 5 7 7 8 9 10 10 
0.300000 48.000000 1 2 3 3 5 6 7 8 9 11 11 12 
0.400000 63.000000 3 3 3 5 6 6 6 6 7 8 8 9 
0.300000 45.000000 1 1 2 3 4 4 7 8 9 11 11 12 
0.300000 54.000000 1 3 3 4 4 5 7 8 8 8 9 10 
1.300000 71.000000 2 3 4 5 7 7 7 9 10 10 10 12 
0.300000 49.000000 1 1 3 4 6 8 9 10 11 12 12 12 
0.500000 64.000000 2 3 3 4 6 6 6 7 8 9 10 12 
0.400000 60.000000 1 2 2 3 3 5 7 7 7 8 9 11 
0.300000 43.000000 1 1 2 2 2 3 3 4 8 8 9 10 
0.300000 31.000000 1 2 4 5 6 7 8 8 8 9 11 11 
0.500000 57.000000 1 1 1 2 3 4 4 5 5 5 9 10 
0.300000 39.000000 1 2 4 4 5 5 5 8 9 11 11 11 
0.400000 57.000000 1 4 5 5 7 9 10 10 11 11 11 12 
0.500000 65.000000 2 4 5 6 7 8 9 10 10 10 12 12 
0.400000 54.000000 1 2 2 4 4 5 6 7 9 11 11 12 
0.800000 68.000000 2 4 4 6 7 7 9 10 10 10 10 11 
0.300000 48.000000 1 1 6 6 7 8 8 9 10 10 11 11 
0.400000 58.000000 2 2 2 3 4 6 7 8 9 10 11 12 
0.400000 55.000000 1 1 4 5 6 7 9 10 10 11 11 11 
0.400000 57.000000 1 1 1 3 3 3 4 8 9 10 12 12 
0.300000 52.000000 2 2 3 5 7 8 8 8 9 10 12 12 
0.300000 49.000000 1 2 5 6 6 6 6 8 8 9 12 12 
0.400000 58.000000 2 2 2 3 5 6 6 8 9 10 10 12 
0.500000 58.000000 2 2 3 3 3 5 6 9 10 11 11 12 
0.400000 53.000000 1 1 4 5 5 5 6 6 9 10 11 11 
0.400000 59.000000 1 2 3 5 6 6 7 8 9 10 10 11 
0.400000 59.000000 1 2 2 4 4 6 6 7 8 9 10 12 
0.500000 62.000000 1 2 3 4 4 5 5 7 9 11 12 12 
0.300000 54.000000 3 6 7 7 7 8 9 10 11 11 11 12 
0.300000 50.000000 1 1 2 3 4 4 7 8 8 9 10 12 
0.600000 67.000000 1 2 4 6 6 7 7 7 7 9 11 12 
0.300000 51.000000 2 3 3 3 4 6 7 8 8 8 9 11 
0.400000 58.000000 1 1 2 4 4 5 5 7 7 9 10 11 
0.300000 47.000000 1 2 3 3 4 8 9 10 11 11 12 12 
0.700000 62.000000 2 2 2 3 3 4 4 4 9 10 11 12 
0.300000 54.000000 2 2 3 5 6 6 7 7 8 8 9 12 
0.300000 53.000000 1 3 4 5 7 7 7 8 9 11 11 12 
0.400000 58.000000 1 1 2 4 7 9 10 10 10 11 12 12 
0.500000 60.000000 1 2 3 3 4 5 6 9 10 11 12 12 
0.400000 57.000000 1 2 4 5 5 5 7 9 10 10 11 11 
0.400000 59.000000 1 2 3 3 4 5 6 8 9 10 10 12 
0.300000 32.000000 1 3 7 8 8 8 9 10 11 11 11 12 
0.300000 55.000000 1 3 6 8 8 8 9 10 10 10 12 12 
0.300000 52.000000 1 2 4 5 6 7 7 8 9 11 12 12 
0.600000 66.000000 3 3 5 5 6 6 7 7 9 10 11 11 
0.400000 63.000000 1 4 5 7 7 8 9 10 10 10 12 12 
0.300000 41.000000 1 1 2 2 3 8 8 8 9 10 10 12 
0.400000 58.000000 1 3 4 5 5 6 6 8 9 10 11 12 
0.500000 61.000000 2 2 3 3 3 3 4 5 6 8 9 10 
0.600000 69.000000 3 6 7 7 7 8 9 10 12 12 12 12 
0.400000 60.000000 2 4 5 6 7 8 9 10 10 10 11 11 
0.700000 65.000000 1 2 3 4 4 4 5 5 6 7 9 10 
0.300000 41.000000 2 2 2 2 2 4 4 5 8 8 9 10 
0.400000 47.000000 1 1 1 1 2 3 3 5 5 6 9 11 
0.500000 62.000000 2 2 3 3 3 4 6 8 9 10 10 12 
0.300000 44.000000 1 1 1 3 4 6 8 9 11 12 12 12 
0.300000 51.000000 1 3 3 5 8 9 10 10 10 11 11 12 
0.500000 61.000000 1 2 2 2 2 4 7 7 9 10 10 11 
0.500000 61.000000 1 2 3 4 5 7 9 10 10 10 11 11 
0.400000 57.000000 1 2 2 4 4 4 7 7 9 10 11 11 
0.800000 66.000000 1 3 3 3 5 6 6 7 9 10 10 10 
0.500000 61.000000 1 2 2 3 3 4 5 7 9 10 10 11 
0.300000 45.000000 1 2 2 3 5 6 7 8 9 11 11 12 
0.300000 46.000000 1 5 5 5 6 6 6 8 9 11 11 12 
0.300000 47.000000 1 2 2 3 4 6 8 8 8 9 10 10 
0.300000 54.000000 1 3 4 6 6 7 7 8 8 9 10 11 
0.300000 47.000000 1 3 3 4 4 5 6 8 9 11 11 12 
0.300000 44.000000 2 2 3 4 4 7 8 9 11 11 11 12 
0.300000 54.000000 1 2 5 6 6 6 7 7 8 8 9 10 
0.400000 61.000000 4 5 5 6 6 7 7 8 9 10 11 11 
0.300000 39.000000 1 1 1 2 2 3 4 4 8 8 9 12 
0.300000 49.000000 1 2 2 3 5 6 7 7 8 8 9 11 
0.500000 59.000000 1 3 3 4 4 5 5 9 10 11 11 12 
0.300000 50.000000 2 2 2 3 4 5 6 7 8 8 9 10 
0.700000 67.000000 1 2 2 5 6 6 7 7 9 10 10 12 
0.700000 67.000000 1 2 4 5 5 6 7 9 10 10 12 12 
0.700000 68.000000 1 2 3 3 5 6 7 7 7 9 10 12 
0.400000 50.000000 1 3 3 4 6 9 11 11 11 11 12 12 
0.800000 65.000000 3 3 3 4 5 6 6 6 9 10 11 12 
0.300000 52.000000 1 3 4 5 7 8 8 8 9 10 11 12 
0.600000 67.000000 1 3 3 6 7 7 7 9 11 12 12 12 
0.300000 45.000000 1 1 1 1 2 2 3 3 3 7 8 9 
0.500000 58.000000 1 1 2 2 3 3 3 4 5 9 12 12 
0.300000 48.000000 1 2 3 3 4 4 7 8 9 11 11 12 
0.400000 61.000000 1 3 5 5 5 6 8 9 12 12 12 12 
0.300000 56.000000 3 4 5 7 7 7 8 8 8 8 9 11 
0.400000 49.000000 1 1 2 2 2 2 3 3 4 5 8 9 
0.400000 46.000000 1 1 1 2 2 2 5 6 6 9 10 11 
0.300000 48.000000 3 3 3 5 8 9 11 11 11 12 12 12 
0.500000 65.000000 2 2 3 3 5 5 7 7 8 9 10 12 
0.300000 56.000000 1 3 4 7 7 7 8 8 8 9 12 12 
0.500000 63.000000 1 3 3 4 5 5 7 7 9 10 11 11 
0.700000 66.000000 2 3 3 3 3 5 5 7 9 10 11 12 
0.300000 48.000000 2 3 3 5 6 7 8 9 11 11 11 12 
0.500000 59.000000 1 2 2 2 2 3 5 7 9 10 11 12 
0.300000 48.000000 1 1 2 2 7 8 9 10 10 11 12 12 
1.000000 67.000000 2 2 3 3 4 5 6 6 6 7 9 12 
0.300000 53.000000 4 6 7 7 8 8 8 9 11 11 12 12 
0.400000 60.000000 1 1 2 3 3 6 7 8 9 10 10 12 
0.300000 50.000000 1 1 1 2 5 6 6 7 7 8 9 12 
0.600000 61.000000 1 1 2 3 4 4 5 5 6 6 9 10 
0.600000 62.000000 2 2 2 3 3 4 4 5 6 7 9 11 
0.400000 55.000000 1 1 2 3 3 3 5 7 9 11 11 12 
0.500000 58.000000 1 1 2 3 4 4 5 6 9 10 11 12 
0.300000 47.000000 1 2 5 5 7 8 8 8 9 10 11 12 
0.700000 61.000000 2 2 2 2 4 4 5 5 6 9 10 11 
0.300000 50.000000 1 2 4 5 7 8 8 9 10 11 12 12 
0.300000 52.000000 2 4 5 5 5 8 8 8 9 10 12 12 
0.800000 69.000000 1 3 6 6 6 7 7 9 10 10 12 12 
0.400000 57.000000 1 4 5 5 5 7 9 11 11 11 12 12 
0.400000 61.000000 3 3 3 4 4 7 8 9 10 10 11 12 
0.400000 57.000000 1 1 2 4 4 6 7 9 10 11 12 12 
0.400000 60.000000 1 1 1 3 3 4 6 7 7 8 9 10 
0.700000 64.000000 2 3 3 3 5 5 6 9 10 11 12 12 
0.400000 58.000000 1 3 4 4 5 6 6 8 9 10 11 12 
1.300000 71.000000 2 3 5 6 6 6 7 7 7 9 10 12 
0.300000 45.000000 1 2 4 4 6 8 8 8 9 12 12 12 
0.300000 47.000000 1 1 2 5 6 7 8 9 10 10 11 11 
0.600000 68.000000 3 4 5 5 5 5 7 7 7 8 9 10 
0.300000 40.000000 1 2 2 4 8 9 10 10 11 11 11 12 
0.500000 61.000000 2 2 3 3 3 3 6 6 8 9 10 10 
0.300000 49.000000 1 2 4 7 7 8 8 9 10 11 11 12 
0.400000 59.000000 1 2 2 2 3 4 6 7 7 8 9 12 
0.400000 46.000000 1 1 1 2 3 4 4 5 5 9 11 11 
0.300000 40.000000 1 2 2 2 4 5 5 7 8 9 11 11 
0.300000 48.000000 1 2 4 5 6 8 9 10 11 12 12 12 
0.600000 63.000000 1 2 2 2 3 4 5 6 6 7 9 12 
0.300000 44.000000 1 1 3 4 4 7 8 8 9 11 11 12 
0.500000 65.000000 3 4 5 7 8 9 10 10 10 10 10 12 
0.400000 60.000000 1 2 3 3 3 4 4 6 7 7 8 9 
0.400000 59.000000 1 1 2 2 3 4 5 6 7 7 8 9 
0.500000 61.000000 1 3 4 4 4 5 9 10 11 12 12 12 
0.400000 59.000000 1 1 1 3 6 7 7 9 10 11 12 12 
0.300000 51.000000 4 5 6 6 7 7 8 9 11 11 11 12 
0.600000 66.000000 1 3 3 4 5 6 7 7 9 10 11 12 
0.300000 46.000000 1 1 2 3 4 6 6 8 8 9 12 12 
0.400000 56.000000 2 2 3 3 4 5 5 5 8 9 10 11 
0.400000 57.000000 2 2 3 5 5 5 6 6 8 9 10 11 
0.400000 62.000000 1 2 3 5 5 5 7 7 7 8 9 12 
0.300000 51.000000 2 4 4 6 6 7 8 8 9 11 12 12 
1.000000 68.000000 2 2 4 4 5 6 6 7 9 10 12 12 
0.400000 62.000000 1 1 2 3 6 7 7 7 7 8 9 12 
0.300000 43.000000 1 2 2 4 4 6 6 8 8 9 10 11 
1.400000 72.000000 2 3 5 6 6 7 7 7 9 10 12 12 
0.300000 48.000000 1 3 4 4 5 5 5 6 8 8 9 11 
0.300000 35.000000 2 5 5 5 5 8 8 9 10 11 11 11 
0.300000 50.000000 1 2 5 5 7 8 8 9 10 11 12 12 
0.400000 60.000000 1 2 2 4 5 7 8 9 10 10 10 12 
0.300000 51.000000 1 2 3 3 5 5 5 8 8 9 10 12 
0.400000 58.000000 1 1 2 5 6 7 9 10 11 12 12 12 
0.300000 36.000000 1 1 2 4 4 6 8 8 8 9 10 11 
0.600000 64.000000 2 3 4 4 5 6 6 7 9 11 12 12 
0.400000 61.000000 2 3 4 6 7 8 9 10 11 12 12 12 
0.300000 51.000000 1 1 3 5 6 7 8 9 10 11 12 12 
0.400000 57.000000 2 2 3 4 4 5 6 8 9 10 10 11 
0.500000 58.000000 3 3 4 5 6 6 6 9 10 11 11 11 
0.500000 66.000000 3 4 4 6 7 7 8 9 10 10 12 12 
0.300000 50.000000 1 5 7 8 9 10 10 10 11 11 11 12 
0.400000 62.000000 2 3 4 7 7 7 8 9 10 11 12 12 
0.300000 48.000000 1 1 2 3 3 4 7 8 9 11 12 12 
0.600000 64.000000 1 2 3 4 5 7 9 10 10 10 10 11 
0.300000 35.000000 1 2 2 3 3 4 8 8 8 9 11 12 
0.600000 64.000000 3 4 4 5 6 6 7 9 10 10 11 11 
0.400000 61.000000 1 4 5 6 7 8 9 10 10 11 12 12 
0.600000 62.000000 1 2 2 4 4 5 5 6 9 10 12 12 
0.300000 47.000000 1 2 3 3 6 6 6 8 8 9 11 12 
0.400000 57.000000 1 2 3 3 3 4 4 4 7 8 9 11 
0.300000 51.000000 3 5 5 5 6 8 8 8 8 9 10 11 
0.300000 46.000000 1 2 4 7 7 7 8 9 11 11 11 11 
0.300000 49.000000 1 2 3 3 3 4 7 8 9 10 11 11 
0.300000 56.000000 2 6 7 7 8 8 9 10 10 10 10 11 
0.400000 55.000000 1 2 3 3 4 6 9 10 11 11 12 12 
1.200000 70.000000 2 2 3 5 6 6 7 7 9 10 10 12 
0.400000 18.000000 1 1 1 2 2 5 6 8 8 8 8 9 
0.600000 66.000000 1 3 3 5 6 6 7 7 9 10 11 12 
0.500000 60.000000 1 2 2 2 3 4 5 6 7 9 11 12 
0.400000 61.000000 1 2 3 5 6 6 7 7 8 9 10 11 
0.400000 53.000000 1 4 4 4 6 6 9 10 11 11 11 12 
0.300000 41.000000 1 2 2 3 6 6 7 8 8 9 11 11 
0.300000 54.000000 1 2 6 6 7 7 8 8 8 9 12 12 
0.400000 54.000000 1 2 3 3 5 5 6 9 10 11 11 12 
0.900000 70.000000 5 5 6 6 7 7 7 9 10 10 11 12 
0.500000 63.000000 1 3 3 4 5 5 6 7 9 11 12 12 
0.400000 51.000000 1 1 2 3 4 6 6 9 11 11 12 12 
0.400000 50.000000 1 1 1 4 5 9 10 10 10 11 11 11 
0.500000 59.000000 2 2 2 2 3 9 10 11 12 12 12 12 
0.400000 61.000000 2 3 5 5 5 6 7 7 8 9 10 11 
0.400000 58.000000 1 1 2 3 3 3 5 8 9 10 12 12 
0.300000 44.000000 1 1 3 5 5 5 8 9 10 11 11 12 
0.300000 47.000000 1 2 3 6 6 8 8 8 9 10 10 11 
0.400000 62.000000 1 2 3 5 6 7 7 7 8 9 10 12 
0.300000 55.000000 1 3 3 3 4 4 5 7 7 8 8 9 
0.500000 66.000000 3 3 4 7 7 7 8 9 10 11 12 12 
0.400000 47.000000 1 2 3 3 3 5 6 9 11 11 11 11 
0.300000 37.000000 2 2 2 2 4 4 6 8 8 9 11 12 
0.300000 51.000000 1 2 2 5 6 7 8 8 9 10 10 12 
0.300000 53.000000 3 4 6 7 8 8 9 10 10 11 11 12 
0.300000 50.000000 2 2 3 3 3 4 5 7 8 8 9 11 
0.300000 52.000000 1 3 5 6 7 8 8 8 9 10 11 12 
0.500000 64.000000 2 3 3 5 6 6 6 6 7 8 9 10 
0.300000 53.000000 2 5 6 6 7 8 8 8 9 10 10 11 
0.700000 66.000000 1 2 3 4 5 5 7 9 10 10 12 12 
0.400000 60.000000 1 2 5 6 6 6 7 8 9 10 11 12 
0.500000 61.000000 2 3 3 3 4 5 7 9 10 11 11 12 
0.400000 61.000000 1 1 3 5 6 6 7 8 9 10 12 12 
0.300000 51.000000 4 4 4 4 7 8 9 11 11 12 12 12 
0.300000 48.000000 1 1 3 3 3 5 6 8 8 9 10 11 
0.400000 58.000000 1 2 4 6 6 8 9 10 10 11 12 12 
0.300000 52.000000 3 3 4 5 7 8 8 9 10 11 11 12 
0.400000 54.000000 1 2 2 3 3 4 5 6 8 9 11 12 
0.500000 65.000000 1 3 6 6 7 8 9 10 10 10 10 12 
0.500000 62.000000 1 2 3 3 5 5 7 9 10 10 11 12 
0.400000 57.000000 2 4 5 6 7 9 10 10 11 11 11 12 
0.400000 59.000000 1 1 1 4 4 4 4 7 7 9 12 12 
0.400000 61.000000 3 3 4 5 5 7 7 8 9 10 11 11 
0.700000 65.000000 1 2 3 4 5 6 6 6 7 9 10 10 
0.400000 60.000000 1 2 3 5 5 5 7 8 9 10 10 11 
0.500000 54.000000 1 2 2 2 3 3 6 6 9 10 11 11 
0.300000 53.000000 1 2 5 6 7 7 8 9 10 11 12 12 
0.400000 60.000000 2 3 3 4 4 7 8 9 10 10 11 12 
0.300000 49.000000 1 1 2 3 4 5 7 7 8 8 9 11 
0.300000 25.000000 1 5 6 7 8 8 8 8 9 11 11 12 
0.400000 57.000000 1 1 3 3 4 4 4 5 5 8 9 12 
0.300000 47.000000 1 2 5 5 6 7 8 8 8 9 10 11 
0.300000 46.000000 1 1 1 1 3 3 4 8 8 9 10 10 
0.300000 49.000000 1 1 2 4 5 7 8 9 10 10 11 12 
0.300000 29.000000 1 2 4 5 8 8 8 8 9 10 10 11 
0.400000 60.000000 1 2 3 3 5 8 9 10 10 10 10 12 
0.400000 59.000000 2 2 3 3 4 4 5 5 7 8 9 12 
0.400000 58.000000 1 2 4 6 6 8 9 10 10 10 11 12 
1.000000 68.000000 2 2 3 5 5 5 9 10 10 12 12 12 
0.300000 55.000000 4 5 5 6 8 8 9 10 10 10 10 11 
0.500000 55.000000 1 1 1 2 2 3 3 3 5 6 6 9 
0.300000 42.000000 1 2 3 4 6 8 8 8 9 10 11 12 
0.400000 52.000000 1 1 2 4 4 4 5 5 6 8 9 11 
0.600000 64.000000 1 1 2 3 3 5 7 9 10 10 10 12 
0.300000 51.000000 1 1 2 3 6 7 7 8 9 10 11 12 
0.300000 54.000000 1 1 3 4 6 6 7 7 8 8 9 12 
0.400000 57.000000 2 3 3 3 6 6 8 9 11 11 12 12 
0.300000 53.000000 3 3 4 6 6 6 8 8 9 10 11 12 
0.500000 59.000000 1 1 2 3 3 4 6 6 6 9 12 12 
0.400000 58.000000 1 1 2 2 5 5 6 7 8 9 10 10 
0.400000 57.000000 1 2 2 2 2 4 4 7 8 9 10 10 
0.300000 47.000000 1 2 2 5 7 8 9 10 10 11 11 12 
0.400000 38.000000 1 2 3 5 6 6 8 9 11 11 11 11 
0.300000 56.000000 1 3 5 5 8 8 9 10 10 10 10 10 
0.300000 39.000000 1 2 2 4 5 6 6 8 8 9 11 12 
0.300000 52.000000 3 3 4 6 6 7 8 8 9 11 11 12 
0.500000 61.000000 1 2 2 4 5 6 7 9 10 10 10 11 
0.400000 57.000000 3 4 5 5 6 6 6 7 9 11 11 11 
0.300000 57.000000 3 5 6 6 7 7 8 8 8 8 8 9 
0.300000 49.000000 1 2 5 6 7 7 7 8 9 11 11 11 
0.500000 65.000000 3 4 5 5 6 6 6 7 8 9 10 10 
0.400000 56.000000 2 3 4 5 6 6 6 7 9 11 11 11 
0.500000 63.000000 2 2 3 3 4 4 4 5 7 8 9 10 
0.300000 48.000000 1 1 2 2 6 6 7 8 8 9 10 12 
0.300000 52.000000 1 1 3 3 3 5 6 7 8 8 8 9 
0.300000 51.000000 5 7 7 7 8 9 11 11 11 11 12 12 
0.300000 47.000000 1 1 2 3 4 4 7 8 8 8 9 12 
0.300000 53.000000 3 3 4 5 5 6 6 8 8 9 10 11 
1.300000 71.000000 2 4 4 5 6 7 7 7 9 10 10 12 
0.400000 54.000000 2 2 3 5 5 6 6 7 9 11 11 11 
0.500000 62.000000 2 4 4 4 4 4 5 5 8 9 10 10 
0.700000 70.000000 2 5 6 6 7 7 7 7 7 8 9 10 
0.300000 50.000000 1 2 3 5 5 6 6 7 8 9 11 12 
0.300000 48.000000 1 2 5 6 7 8 9 10 11 11 12 12 
0.300000 52.000000 1 1 3 4 6 8 9 10 12 12 12 12 
0.300000 53.000000 1 4 5 5 7 7 8 9 10 10 11 11 
0.300000 47.000000 1 1 1 2 7 7 8 8 9 10 11 12 
0.400000 51.000000 1 1 1 4 4 6 9 10 11 11 12 12 
0.300000 53.000000 2 3 3 3 5 5 6 8 8 9 10 12 
0.400000 58.000000 1 2 5 5 6 8 9 10 10 10 11 12 
0.400000 63.000000 1 3 5 5 5 6 7 7 8 9 10 12 
0.300000 45.000000 1 3 4 4 5 8 9 10 11 11 11 12 
0.500000 59.000000 1 1 2 3 4 5 5 9 10 10 11 12 
0.500000 64.000000 3 3 5 5 7 7 9 10 11 11 12 12 
0.300000 56.000000 3 5 7 7 7 8 8 9 10 11 12 12 
0.300000 49.000000 1 1 1 2 3 5 6 7 8 9 10 12 
0.300000 55.000000 2 3 5 5 6 7 7 8 8 9 12 12 
0.300000 42.000000 1 2 3 3 4 6 8 9 11 11 11 12 
0.500000 65.000000 1 5 5 5 6 7 7 9 10 11 12 12 
0.500000 65.000000 2 2 4 6 7 7 7 7 9 11 11 12 
0.400000 63.000000 1 3 5 7 7 7 7 7 8 9 11 12 
0.300000 45.000000 1 1 2 3 5 6 6 8 9 11 12 12 
0.400000 57.000000 1 2 3 4 4 5 5 5 6 6 8 9 
0.400000 59.000000 3 3 3 4 5 6 6 8 9 11 12 12 
0.600000 68.000000 3 5 6 7 7 8 9 10 10 10 10 12 
0.400000 57.000000 1 1 1 2 3 6 6 7 9 12 12 12 
0.400000 62.000000 1 3 4 5 5 6 7 7 7 8 9 11 
0.400000 61.000000 1 2 3 4 5 6 6 7 7 8 9 12 
0.500000 58.000000 1 1 1 2 3 4 4 5 9 10 10 12 
0.300000 39.000000 1 1 1 1 1 4 8 9 10 11 12 12 
0.300000 49.000000 1 3 3 5 5 6 6 8 8 9 11 12 
0.600000 64.000000 2 2 2 5 5 6 6 7 9 10 11 12 
0.300000 47.000000 1 2 3 4 5 6 7 8 9 11 11 12 
0.300000 46.000000 1 1 2 3 5 6 8 9 10 11 12 12 
0.400000 57.000000 1 2 4 4 6 7 7 9 10 11 11 11 
0.300000 51.000000 2 3 3 4 6 6 7 8 8 8 9 11 
0.500000 64.000000 3 3 4 5 5 6 7 7 9 11 11 12 
0.400000 54.000000 1 1 1 2 6 6 7 9 10 10 11 11 
0.300000 42.000000 1 2 2 3 3 5 5 8 9 11 11 12 
0.400000 63.000000 3 4 4 5 6 7 7 8 8 9 10 12 
0.400000 56.000000 1 4 4 5 6 6 7 9 11 11 11 12 
0.300000 49.000000 1 2 3 4 4 6 6 8 8 9 12 12 
0.300000 51.000000 1 2 3 3 7 7 8 9 10 11 11 12 
0.300000 43.000000 4 4 5 5 8 8 9 10 11 11 11 12 
1.000000 69.000000 2 2 3 4 5 5 5 7 9 12 12 12 
0.400000 59.000000 3 3 5 5 5 6 8 9 10 11 11 12 
0.400000 61.000000 1 3 4 5 5 5 6 6 7 8 9 12 
0.400000 52.000000 1 1 1 2 2 3 4 6 6 8 9 10 
0.400000 61.000000 1 1 2 2 4 6 7 7 7 8 9 12 
0.500000 66.000000 4 4 6 6 7 7 7 8 9 10 10 11 
0.300000 52.000000 1 2 2 3 6 7 7 8 8 9 12 12 
0.300000 42.000000 1 1 2 3 5 8 9 10 11 11 12 12 
0.300000 40.000000 1 1 2 4 5 5 5 8 8 9 10 11 
0.400000 61.000000 3 4 5 6 7 7 8 9 10 11 11 12 
0.300000 52.000000 2 2 3 4 6 7 7 8 8 9 10 11 
0.800000 69.000000 2 4 5 6 6 7 7 7 9 10 11 12 
0.600000 64.000000 1 2 2 2 4 6 6 7 9 10 12 12 
0.500000 64.000000 1 1 2 4 4 5 7 7 7 9 10 12 
0.700000 67.000000 1 2 3 4 5 5 6 7 7 9 10 10 
0.300000 49.000000 1 2 5 5 5 7 7 8 9 11 11 12 
0.400000 53.000000 1 2 2 2 4 4 5 7 9 11 11 12 
0.500000 60.000000 1 2 3 4 4 6 7 9 10 10 11 11 
0.300000 37.000000 1 1 1 5 6 6 7 8 8 9 11 11 
0.400000 51.000000 1 1 3 5 6 9 10 11 11 11 12 12 
0.300000 50.000000 1 1 1 2 4 5 6 7 8 9 10 10 
0.300000 54.000000 2 3 5 6 7 7 8 8 9 10 11 12 
0.900000 68.000000 2 3 4 6 6 9 10 12 12 12 12 12 
0.400000 55.000000 2 2 4 5 6 6 8 9 10 10 11 11 
0.300000 48.000000 1 1 3 5 5 6 7 8 9 10 11 11 
0.400000 60.000000 1 2 3 4 4 5 7 8 9 10 10 12 
0.400000 62.000000 4 4 5 6 7 7 8 9 10 11 12 12 
0.700000 66.000000 1 2 3 3 3 4 4 6 7 7 9 10 
0.400000 59.000000 2 3 3 5 5 6 8 9 10 11 12 12 
0.300000 55.000000 1 3 4 6 7 7 7 8 8 9 11 12 
0.300000 47.000000 1 1 2 3 4 5 7 7 8 9 11 11 
0.400000 61.000000 1 4 6 6 7 8 9 10 10 10 11 12 
0.400000 59.000000 1 2 2 6 6 7 8 9 10 10 10 11 
0.500000 63.000000 2 2 3 3 5 8 9 10 10 10 10 10 
0.300000 35.000000 2 3 5 5 8 9 11 11 11 11 11 12 
0.400000 61.000000 1 3 4 5 5 5 5 7 8 9 10 12 
0.500000 66.000000 2 3 5 7 8 9 10 10 12 12 12 12 
0.300000 46.000000 1 1 3 4 6 6 6 8 9 10 11 11 
0.300000 49.000000 1 1 4 5 5 5 6 7 8 9 11 12 
0.400000 55.000000 1 2 2 5 5 5 6 9 11 12 12 12 
0.400000 57.000000 1 1 2 2 2 2 7 7 9 10 12 12 
0.400000 54.000000 1 1 1 2 4 4 5 5 6 7 9 11 
0.400000 59.000000 1 2 3 3 3 3 7 8 9 11 12 12 
0.300000 53.000000 1 3 3 5 6 7 8 8 9 10 11 12 
0.400000 52.000000 1 2 3 4 4 6 6 6 8 9 11 11 
0.400000 60.000000 2 3 3 5 5 5 6 7 8 9 10 11 
0.300000 43.000000 1 1 5 5 5 7 8 9 10 11 11 11 
0.300000 49.000000 1 3 3 4 4 5 8 8 9 11 12 12 
0.500000 64.000000 1 1 3 4 5 7 9 12 12 12 12 12 
0.500000 63.000000 2 3 3 4 4 5 7 7 7 9 11 11 
0.400000 53.000000 1 1 1 3 3 4 5 6 6 9 11 12 
0.300000 28.000000 1 2 2 5 7 8 8 8 9 11 11 11 
0.400000 57.000000 1 1 2 2 3 4 6 7 7 9 11 12 
0.500000 61.000000 1 2 4 5 6 9 10 11 12 12 12 12 
0.300000 53.000000 1 3 4 5 6 7 7 8 8 8 9 11 
0.700000 65.000000 3 3 5 5 6 6 6 6 9 10 11 12 
0.700000 70.000000 4 4 7 7 7 7 8 9 10 10 12 12 
0.400000 61.000000 1 1 3 4 5 6 6 7 7 8 9 12 
0.300000 39.000000 1 1 1 2 4 4 6 8 8 9 10 11 
0.600000 62.000000 2 2 3 3 4 5 6 6 9 11 12 12 
0.300000 54.000000 1 3 3 5 5 6 7 7 8 8 9 11 
0.300000 54.000000 1 3 4 4 6 6 7 8 8 9 12 12 
0.300000 50.000000 2 5 5 5 6 7 8 9 10 11 11 12 
1.000000 69.000000 2 2 3 5 6 7 9 10 10 12 12 12 
1.000000 69.000000 2 2 3 3 4 4 6 7 7 7 9 12 
0.400000 58.000000 2 2 3 4 5 8 9 10 10 11 12 12 
0.300000 49.000000 1 5 7 8 9 10 10 11 11 11 12 12 
0.500000 63.000000 1 1 3 3 4 4 5 5 5 7 7 9 
0.400000 49.000000 1 1 1 2 3 3 4 7 9 11 11 11 
0.400000 57.000000 1 3 4 4 4 5 6 6 8 9 10 11 
0.300000 35.000000 2 2 2 2 3 5 8 8 9 10 11 11 
0.700000 66.000000 1 2 3 4 6 6 6 7 9 10 12 12 
0.300000 48.000000 1 3 4 4 4 5 6 6 8 8 9 11 
0.500000 57.000000 1 2 2 3 3 4 4 5 6 9 11 12 
0.500000 61.000000 2 3 3 4 5 5 6 7 9 11 11 12 
0.400000 61.000000 3 4 5 5 5 6 6 7 8 9 11 12 
0.400000 63.000000 2 2 3 4 5 7 7 7 8 8 9 10 
0.300000 53.000000 1 2 4 5 6 7 8 8 9 10 10 12 
0.300000 49.000000 1 4 4 5 5 8 9 11 12 12 12 12 
0.400000 61.000000 1 1 2 7 7 7 7 9 10 11 11 12 
0.300000 45.000000 1 2 2 3 4 6 8 8 8 9 10 12 
0.500000 63.000000 1 1 2 2 4 7 7 9 10 10 10 12 
0.600000 64.000000 1 2 2 3 3 4 5 5 7 9 12 12 
0.300000 56.000000 1 3 3 5 6 7 7 8 8 9 10 12 
0.300000 39.000000 1 1 1 2 4 5 5 8 9 11 12 12 
0.500000 65.000000 2 3 7 7 7 9 10 11 11 12 12 12 
0.400000 63.000000 2 5 6 7 7 7 8 9 11 12 12 12 
0.400000 55.000000 1 1 1 2 3 4 5 6 7 9 11 12 
0.500000 64.000000 2 2 3 3 5 6 6 7 8 9 10 12 
0.300000 51.000000 1 1 1 2 7 7 8 8 9 10 10 12 
0.500000 65.000000 2 4 5 6 6 7 8 9 10 10 10 12 
0.300000 50.000000 1 2 6 7 8 8 9 10 11 12 12 12 
0.300000 54.000000 1 2 3 7 7 8 8 9 10 12 12 12 
0.300000 49.000000 2 4 5 5 6 7 8 9 11 11 12 12 
0.600000 66.000000 1 4 5 6 6 7 7 9 10 10 11 12 
0.300000 54.000000 1 4 5 5 6 7 7 8 8 9 10 11 
0.700000 66.000000 3 3 4 4 5 5 6 6 7 9 11 12 
0.600000 65.000000 1 4 5 5 6 7 9 10 10 10 11 12 
0.300000 45.000000 1 1 4 4 4 4 6 8 9 10 11 11 
0.400000 60.000000 1 1 3 3 4 5 6 6 7 8 9 12 
0.400000 60.000000 1 3 4 4 7 8 9 10 10 10 11 12 
0.400000 59.000000 1 2 2 2 4 4 4 7 7 8 9 10 
0.300000 52.000000 1 3 4 5 6 6 7 7 8 9 11 11 
0.500000 59.000000 1 1 3 4 4 6 6 6 9 10 11 12 
0.500000 63.000000 1 4 4 4 4 4 5 6 7 7 9 11 
0.300000 51.000000 1 2 4 5 6 7 8 8 9 10 10 11 
0.400000 55.000000 1 1 1 1 3 5 6 7 9 10 11 12 
0.300000 42.000000 1 1 2 5 7 8 9 11 11 12 12 12 
0.700000 66.000000 4 5 6 6 6 9 10 10 11 12 12 12 
0.400000 55.000000 1 2 2 4 4 5 5 7 9 10 11 11 
0.500000 63.000000 2 3 3 6 6 7 7 9 11 11 12 12 
0.800000 65.000000 1 3 3 4 4 5 5 6 9 10 10 12 
0.400000 55.000000 1 2 2 2 4 4 5 6 8 9 10 12 
0.800000 69.000000 2 4 4 5 6 7 7 7 9 10 10 11 
0.300000 47.000000 1 2 2 3 5 5 8 8 9 10 12 12 
0.400000 59.000000 1 1 1 2 4 4 6 7 7 9 10 12 
0.300000 52.000000 2 5 5 7 8 9 10 10 10 11 11 12 
0.400000 53.000000 1 1 1 1 2 3 3 4 7 9 10 11 
0.300000 44.000000 1 2 4 6 8 8 9 10 10 11 11 12 
0.300000 42.000000 2 2 2 2 5 5 8 9 10 11 12 12 
0.400000 56.000000 1 2 5 5 7 9 10 10 11 11 11 12 
0.300000 44.000000 1 3 4 4 6 8 8 9 11 11 12 12 
0.400000 60.000000 2 2 3 4 5 6 7 7 8 9 10 11 
0.400000 49.000000 1 2 2 2 2 3 6 6 8 9 11 12 
0.300000 51.000000 1 2 4 4 4 6 6 7 8 8 9 12 
0.300000 36.000000 1 2 3 4 5 6 8 8 9 11 11 11 
0.300000 51.000000 1 2 3 4 6 8 8 9 10 12 12 12 
0.400000 55.000000 1 1 2 2 3 4 5 6 8 9 10 10 
0.500000 62.000000 3 4 5 5 5 6 6 7 9 10 11 11 
0.400000 60.000000 1 2 4 4 6 7 7 8 9 10 11 12 
0.400000 56.000000 1 1 2 3 4 4 6 6 8 9 10 12 
1.200000 70.000000 3 4 4 5 5 5 7 9 10 10 12 12 
0.400000 56.000000 1 2 4 4 4 4 5 8 9 10 11 12 
0.400000 56.000000 1 2 2 3 3 5 8 9 10 10 11 12 
0.400000 62.000000 3 4 4 7 7 8 9 10 11 12 12 12 
0.500000 62.000000 2 4 5 6 6 7 9 10 10 11 11 12 
0.300000 51.000000 2 2 3 4 5 7 7 8 8 9 11 12 
0.300000 45.000000 1 2 4 5 5 5 5 5 8 9 11 12 
0.400000 60.000000 2 3 4 4 5 6 7 8 9 10 11 12 
0.400000 60.000000 1 2 2 6 7 8 9 10 10 10 10 12 
0.300000 45.000000 1 1 2 2 4 4 5 5 7 8 8 9 
1.300000 71.000000 2 4 5 5 5 6 6 7 7 7 9 10 
0.300000 54.000000 2 3 3 5 5 5 6 8 8 9 10 10 
0.500000 63.000000 2 3 4 4 6 7 7 9 10 10 11 11 
0.400000 62.000000 2 4 4 4 7 7 7 8 9 10 11 12 
0.300000 50.000000 1 3 3 3 5 6 6 6 8 8 9 11 
0.400000 56.000000 1 3 3 4 5 6 9 11 11 12 12 12 
0.300000 49.000000 3 3 5 6 6 8 8 8 9 10 11 11 
0.300000 49.000000 1 2 3 5 6 6 7 8 8 9 11 12 
0.400000 60.000000 1 2 2 4 4 6 7 7 7 8 9 11 
0.400000 54.000000 1 1 2 2 3 4 5 5 6 8 9 10 
0.400000 55.000000 1 1 1 2 7 9 10 10 11 11 12 12 
0.400000 57.000000 2 3 3 5 6 7 9 10 11 11 11 12 
0.400000 57.000000 1 1 2 3 3 5 6 7 7 9 11 11 
0.300000 43.000000 1 2 2 3 4 7 8 9 10 11 11 11 
0.300000 40.000000 1 1 1 2 4 4 5 5 8 9 11 12 
0.600000 64.000000 1 2 2 2 5 5 5 7 9 10 10 12 
0.500000 62.000000 1 3 3 5 6 6 6 6 7 9 11 12 
0.500000 66.000000 2 4 6 6 6 7 7 7 8 9 12 12 
0.300000 34.000000 1 1 2 2 6 7 8 8 9 11 11 12 
0.400000 58.000000 1 2 4 6 8 9 10 10 10 11 12 12 
0.500000 59.000000 2 3 3 5 6 6 6 9 10 11 11 12 
0.400000 59.000000 2 3 3 4 6 8 9 10 10 10 11 12 
0.400000 60.000000 2 2 6 6 6 6 7 7 8 9 11 12 
0.400000 55.000000 2 2 4 4 5 5 7 9 10 11 11 11 
0.400000 60.000000 1 2 3 5 6 7 8 9 10 10 11 12 
0.500000 62.000000 1 2 3 5 6 6 6 7 9 11 12 12 
1.100000 68.000000 2 2 3 3 4 5 5 5 5 7 9 10 
0.400000 62.000000 3 5 5 5 6 7 7 8 9 10 11 11 
0.300000 51.000000 1 1 4 5 6 6 6 8 8 9 10 10 
0.600000 62.000000 1 2 2 3 3 4 5 5 9 10 12 12 
0.500000 65.000000 2 2 4 5 5 6 7 7 8 9 10 10 
0.400000 60.000000 1 3 5 6 6 8 9 10 10 11 12 12 
0.600000 65.000000 3 3 5 6 6 7 9 10 10 11 11 12 
0.400000 59.000000 1 3 4 5 5 7 9 10 10 11 11 12 
0.300000 44.000000 1 2 2 5 6 8 8 9 10 10 11 12 
0.300000 41.000000 1 4 4 4 6 8 8 9 10 11 11 11 
0.300000 52.000000 1 1 1 3 6 6 7 8 9 10 12 12 
0.400000 61.000000 3 4 4 4 5 5 6 7 7 8 9 11 
0.300000 34.000000 1 2 4 8 8 9 10 11 11 11 12 12 
0.400000 53.000000 1 2 2 4 5 5 6 6 6 8 9 11 
0.400000 59.000000 1 2 3 3 3 4 4 5 6 7 8 9 
0.400000 55.000000 1 1 1 2 2 2 6 7 9 10 12 12 
0.400000 59.000000 1 4 5 6 6 6 8 9 10 11 12 12 
0.500000 45.000000 1 1 1 2 2 2 2 4 9 10 11 11 
0.500000 63.000000 1 1 2 3 4 5 5 6 7 7 9 10 
0.500000 63.000000 2 3 5 5 6 7 9 10 11 11 12 12 
0.700000 66.000000 1 2 3 4 4 6 6 7 7 9 10 10 
0.400000 61.000000 4 5 5 7 8 9 10 10 10 11 11 12 
0.600000 61.000000 1 2 3 3 3 4 4 5 5 9 10 11 
0.400000 57.000000 1 1 2 3 4 4 7 9 10 11 12 12 
1.000000 72.000000 1 5 5 5 6 7 7 7 7 9 12 12 
0.400000 57.000000 2 3 3 3 6 8 9 10 10 11 11 12 
0.400000 51.000000 1 3 5 6 9 10 11 11 11 11 12 12 
0.400000 57.000000 2 2 2 2 4 4 5 6 7 8 9 10 
0.300000 50.000000 2 3 6 6 6 7 8 9 11 11 12 12 
0.600000 67.000000 1 1 2 3 4 5 7 7 7 7 9 12 
0.500000 62.000000 2 4 4 4 4 6 6 6 8 9 10 10 
0.300000 49.000000 1 3 3 4 6 8 9 10 11 11 12 12 
0.700000 67.000000 2 3 4 5 7 7 9 10 10 11 12 12 
0.300000 52.000000 5 5 7 8 9 10 10 10 11 11 11 12 
0.500000 66.000000 1 3 3 5 5 7 7 8 9 10 10 10 
0.300000 51.000000 2 3 3 3 4 6 7 8 8 8 9 11 
0.700000 68.000000 1 4 4 5 5 6 6 7 7 9 12 12 
0.400000 51.000000 1 1 2 2 2 3 4 8 9 10 10 11 
0.400000 62.000000 1 1 3 6 6 6 7 7 8 9 10 10 
0.400000 59.000000 4 5 7 9 10 10 10 11 11 11 12 12 
0.400000 61.000000 1 3 3 5 5 5 7 8 9 10 11 12 
0.700000 66.000000 2 2 5 6 6 6 7 9 10 10 11 12 
0.400000 55.000000 1 1 1 5 5 6 6 9 10 10 11 12 
0.500000 65.000000 1 2 3 4 4 7 7 7 8 9 10 10 
0.300000 43.000000 1 2 4 5 8 8 9 10 10 11 11 12 
0.500000 64.000000 2 3 5 6 7 7 9 10 11 11 12 12 
0.300000 44.000000 1 2 2 2 4 4 7 8 8 8 9 10 
0.500000 65.000000 2 2 3 5 5 6 6 7 7 8 9 10 
0.400000 60.000000 1 1 3 3 4 4 5 5 7 8 9 10 
0.700000 62.000000 1 1 3 3 3 3 3 4 4 4 9 10 
0.400000 57.000000 1 2 4 5 6 7 9 11 11 12 12 12 
0.400000 57.000000 1 1 3 5 6 7 9 11 11 12 12 12 
0.400000 57.000000 1 2 2 3 3 3 4 5 8 9 10 12 
0.500000 56.000000 1 1 1 2 2 4 5 6 6 9 10 10 
0.300000 42.000000 1 1 1 2 3 4 4 5 5 8 9 11 
0.300000 54.000000 1 3 3 6 6 6 7 7 8 8 9 11 
0.500000 62.000000 1 3 5 5 6 6 6 7 9 10 11 11 
0.300000 46.000000 1 1 2 5 6 7 8 8 9 10 11 12 
0.500000 59.000000 1 1 2 2 2 3 4 5 6 7 9 10 
0.300000 51.000000 1 1 3 5 5 7 8 9 10 11 12 12 
0.300000 41.000000 1 1 2 2 4 5 8 9 10 10 11 11 
0.500000 62.000000 1 2 3 3 6 6 7 9 10 11 12 12 
0.400000 56.000000 1 1 1 2 3 4 4 5 5 5 7 9 
0.500000 61.000000 1 1 2 2 4 4 5 6 7 9 10 12 
0.300000 48.000000 1 3 4 4 6 8 9 10 11 11 12 12 
0.500000 53.000000 1 2 2 2 2 3 3 3 9 10 11 11 
0.400000 47.000000 1 1 3 4 4 5 9 10 11 11 11 11 
0.300000 52.000000 2 4 4 6 7 7 8 8 8 9 11 12 
0.300000 48.000000 3 3 4 4 5 5 8 8 9 11 11 12 
0.400000 57.000000 1 1 2 2 3 4 5 6 7 8 9 10 
0.300000 50.000000 1 3 4 7 8 8 9 10 11 11 12 12 
0.600000 63.000000 3 3 3 4 5 6 6 6 7 9 11 11 
0.400000 60.000000 1 3 3 4 6 7 8 9 10 11 12 12 
1.100000 68.000000 2 3 3 4 5 6 6 6 7 9 10 12 
0.800000 64.000000 2 2 3 3 3 4 9 10 10 10 11 12 
0.400000 59.000000 2 2 2 3 4 5 5 5 7 8 9 12 
0.300000 51.000000 1 3 3 3 3 4 8 8 8 8 9 12 
0.400000 64.000000 4 6 6 7 7 7 8 8 9 10 12 12 
0.400000 58.000000 1 1 2 3 5 6 7 9 10 11 12 12 
0.500000 65.000000 3 3 4 6 6 6 6 7 8 9 12 12 
0.300000 48.000000 1 1 5 6 7 8 9 10 11 11 12 12 
0.400000 56.000000 1 2 4 4 4 4 5 8 9 10 10 11 
0.400000 55.000000 1 1 2 2 2 4 4 5 6 7 8 9 
0.400000 60.000000 2 3 3 3 5 6 7 8 9 11 12 12 
0.300000 48.000000 1 2 3 3 5 5 6 7 8 9 11 11 
0.400000 59.000000 2 3 3 3 5 5 6 8 9 10 11 12 
0.300000 51.000000 1 2 5 7 7 8 9 10 10 11 11 12 
0.300000 37.000000 1 2 2 5 8 8 9 10 10 11 11 12 
0.300000 50.000000 1 2 3 3 4 5 8 8 9 12 12 12 
0.500000 56.000000 1 1 2 3 3 3 3 9 10 10 11 11 
0.600000 60.000000 1 2 2 3 3 3 4 6 9 10 11 12 
0.400000 58.000000 1 1 1 1 2 5 7 7 9 10 10 10 
0.400000 62.000000 1 2 3 5 6 7 7 7 8 9 10 12 
0.700000 63.000000 1 2 2 2 3 4 6 9 10 10 10 12 
0.400000 59.000000 1 2 2 3 4 5 6 6 7 8 9 10 
0.500000 60.000000 1 2 3 4 5 6 6 7 9 10 11 11 
0.400000 55.000000 1 1 1 1 1 3 3 3 6 7 9 12 
0.400000 60.000000 1 2 2 2 3 5 7 7 8 9 12 12 
0.300000 49.000000 2 2 3 4 4 5 7 8 8 9 11 12 
0.300000 49.000000 1 2 2 7 7 7 9 11 11 11 12 12 
0.300000 46.000000 1 2 4 6 7 8 8 9 10 11 11 12 
0.300000 45.000000 1 1 1 2 2 4 4 4 7 8 9 12 
0.800000 69.000000 3 3 4 5 5 6 7 7 7 9 11 12 
0.300000 47.000000 2 2 2 3 3 7 8 9 10 11 11 12 
1.200000 68.000000 4 4 6 6 6 9 10 10 10 10 12 12 
0.400000 59.000000 1 2 2 2 5 7 8 9 10 10 10 12 
0.300000 49.000000 2 2 2 4 5 7 8 9 10 11 12 12 
0.400000 57.000000 1 2 3 4 4 5 6 6 6 8 9 12 
0.300000 32.000000 1 2 3 5 5 8 8 8 9 10 11 11 
