0.400000 33.000000 1 1 1 2 3 3 3 4 4 6 7 7 7 7 8 12 15 17 17 17 21 
0.500000 36.000000 2 3 4 5 5 5 6 7 7 8 11 12 14 16 16 17 18 18 19 21 21 
0.500000 35.000000 3 4 4 4 6 6 9 9 10 11 13 13 13 14 16 16 16 18 19 20 21 
0.400000 43.000000 1 2 3 4 5 6 6 7 7 8 9 12 12 12 12 13 13 13 15 17 21 
0.400000 44.000000 2 2 3 4 6 6 8 8 10 11 12 14 15 15 15 16 16 17 17 19 19 
0.600000 27.000000 1 2 2 4 4 5 6 6 7 7 7 10 11 12 18 18 19 21 21 21 21 
0.500000 32.000000 1 4 4 5 8 8 9 10 10 10 11 12 12 13 13 15 16 16 18 20 21 
0.500000 37.000000 3 4 5 5 5 7 7 8 10 11 11 12 13 15 15 16 17 18 18 20 21 
0.500000 26.000000 1 2 4 5 7 8 8 10 10 11 12 12 13 14 14 15 16 16 17 18 18 
0.600000 47.000000 2 2 2 2 3 3 3 3 4 4 4 6 6 6 11 12 12 13 13 16 18 
0.400000 30.000000 4 4 4 6 8 8 9 10 10 10 14 14 15 17 18 20 21 21 21 21 21 
0.500000 29.000000 1 3 3 4 5 8 10 10 10 11 11 12 13 14 14 14 18 18 20 20 21 
0.400000 38.000000 1 3 3 4 4 7 8 8 8 8 9 10 12 15 16 17 17 17 21 21 21 
0.400000 39.000000 1 1 2 3 4 8 8 9 11 11 13 14 15 15 16 16 17 17 19 19 20 
0.500000 36.000000 1 1 1 2 3 3 4 5 5 6 7 10 12 14 15 16 17 17 18 20 21 
0.400000 30.000000 2 3 4 5 7 8 8 9 10 10 11 13 14 14 15 16 17 18 20 20 20 
0.400000 34.000000 1 1 3 3 4 4 6 6 7 8 8 10 10 11 14 16 19 19 20 20 21 
0.500000 34.000000 1 2 3 4 5 5 6 7 7 7 9 11 11 12 12 16 16 17 18 19 21 
0.500000 53.000000 1 1 1 2 4 5 5 5 6 6 8 9 12 12 12 13 14 15 17 17 21 
0.500000 27.000000 1 2 2 2 7 8 9 9 9 10 12 13 14 15 16 17 18 18 20 20 21 
0.400000 22.000000 1 2 2 4 5 7 7 8 9 11 13 14 14 15 16 16 17 19 19 20 20 
0.500000 43.000000 2 2 3 3 5 6 8 9 11 11 11 12 13 14 16 17 17 19 19 20 21 
0.600000 15.000000 1 1 2 2 4 7 7 7 8 9 11 12 12 13 14 14 14 15 17 18 18 
0.500000 32.000000 1 1 2 3 4 4 5 5 7 8 10 10 12 13 14 15 16 17 18 18 21 
0.500000 32.000000 1 1 1 3 6 6 7 8 9 10 10 11 11 12 15 17 17 18 18 19 21 
0.500000 23.000000 1 6 6 7 8 9 12 14 14 14 15 15 15 16 17 17 18 18 20 21 21 
0.400000 36.000000 1 1 1 1 2 3 3 5 6 7 8 12 12 12 13 14 14 15 18 19 20 
0.600000 43.000000 1 1 3 3 5 5 5 6 7 8 11 11 12 12 13 16 18 18 20 20 21 
0.500000 40.000000 1 2 2 3 4 4 5 5 5 6 7 7 8 10 11 12 12 12 16 18 21 
0.500000 39.000000 1 1 3 4 5 6 6 6 7 11 12 12 13 13 14 16 16 17 18 19 21 
0.500000 33.000000 1 3 3 6 6 7 7 8 10 12 13 13 14 16 17 18 18 19 20 21 21 
0.400000 38.000000 1 3 3 4 4 4 4 6 8 9 9 9 10 11 14 15 16 16 20 20 21 
0.500000 29.000000 2 3 4 7 9 9 10 12 13 14 15 16 16 17 20 20 20 21 21 21 21 
0.700000 14.000000 1 2 5 7 7 9 11 11 11 11 12 13 14 14 16 16 17 18 18 19 19 
0.400000 34.000000 1 1 2 3 6 6 10 10 12 13 14 15 15 16 19 19 20 20 20 21 21 
0.400000 35.000000 1 2 2 2 3 4 6 7 8 11 12 13 14 14 15 16 17 18 20 20 21 
0.500000 41.000000 3 4 5 6 7 7 8 9 9 9 11 12 12 12 12 13 13 13 15 16 18 
0.400000 27.000000 1 2 8 8 9 9 10 10 10 12 14 14 15 15 16 16 17 17 19 20 20 
0.400000 20.000000 4 4 6 6 7 7 7 9 11 12 13 14 14 14 14 15 16 16 19 20 20 
0.500000 32.000000 3 4 5 7 8 10 10 10 11 12 12 13 13 15 16 17 18 20 21 21 21 
0.500000 42.000000 2 3 3 3 4 4 8 8 9 10 11 11 12 12 13 13 13 16 17 17 21 
0.500000 37.000000 2 2 3 4 5 5 5 6 7 11 13 14 16 17 17 18 18 19 21 21 21 
0.500000 47.000000 3 4 5 5 6 7 8 9 11 11 12 13 13 15 15 16 19 20 20 20 21 
0.400000 38.000000 1 1 2 3 3 3 6 7 11 12 13 14 15 15 15 17 17 19 19 20 21 
0.400000 32.000000 1 2 4 5 8 8 9 10 12 12 14 14 14 15 15 16 16 16 18 19 19 
0.500000 27.000000 1 2 3 8 8 9 10 13 13 14 14 14 16 18 18 18 19 20 20 21 21 
0.500000 30.000000 5 6 6 7 8 9 9 10 10 11 12 13 14 15 15 17 18 18 19 20 21 
0.400000 35.000000 2 3 3 7 7 8 9 11 12 12 12 13 13 14 14 15 15 18 20 20 21 
0.500000 38.000000 2 2 2 3 6 7 8 9 14 15 15 16 16 17 18 18 19 19 19 21 21 
0.500000 43.000000 2 2 3 5 6 6 9 9 9 10 11 11 11 12 12 12 12 13 16 17 20 
0.400000 25.000000 2 2 4 6 7 7 7 8 12 12 12 12 13 13 13 14 14 14 16 16 17 
0.500000 43.000000 2 2 5 7 8 8 9 11 12 12 13 13 14 15 15 15 18 18 18 19 21 
0.500000 39.000000 1 3 3 3 4 5 8 8 11 12 13 13 13 14 14 16 16 17 18 18 20 
0.400000 45.000000 1 3 4 4 4 5 5 5 8 8 11 12 13 14 14 15 17 20 21 21 21 
0.500000 34.000000 1 1 2 3 3 4 4 5 8 9 9 9 10 10 10 11 12 17 20 20 21 
0.400000 34.000000 1 2 2 3 4 5 6 8 9 9 10 10 11 13 14 15 18 19 19 19 20 
0.500000 38.000000 1 3 4 6 6 7 7 8 8 9 9 9 11 12 12 16 16 16 17 17 20 
0.500000 22.000000 1 1 2 4 6 6 7 7 7 9 10 12 14 15 16 17 19 19 20 21 21 
0.400000 33.000000 1 3 5 5 5 7 7 10 10 11 12 13 15 15 15 16 17 18 19 19 19 
0.500000 41.000000 1 1 1 1 2 4 4 5 6 6 9 10 11 12 15 15 16 18 19 20 21 
0.400000 42.000000 2 2 2 3 4 5 5 7 8 13 14 15 15 15 16 16 17 17 19 19 20 
0.500000 24.000000 1 1 1 4 5 5 6 7 7 8 10 11 12 13 13 14 16 17 17 18 20 
0.500000 32.000000 1 2 7 8 9 13 13 13 13 15 15 16 16 16 17 18 18 19 20 20 21 
0.400000 34.000000 1 2 3 5 6 6 6 7 7 7 11 12 13 13 16 16 17 19 19 19 19 
0.400000 33.000000 3 5 5 6 8 10 10 10 11 11 12 12 13 14 14 15 16 17 17 19 20 
0.400000 41.000000 1 1 2 2 3 4 4 5 7 8 8 8 12 14 15 15 16 17 18 19 21 
0.700000 45.000000 2 3 3 3 3 5 6 9 9 11 12 13 16 16 17 19 19 19 19 21 21 
0.500000 27.000000 1 2 4 4 4 6 6 6 7 7 7 9 11 12 12 14 16 16 16 16 18 
0.400000 38.000000 1 1 3 6 7 7 8 8 9 9 12 13 13 15 15 15 17 17 19 20 20 
0.400000 28.000000 1 2 3 5 7 8 8 9 10 13 13 13 14 14 14 17 17 18 19 20 20 
0.500000 23.000000 1 2 7 8 8 8 9 9 10 12 13 14 14 15 17 17 17 17 18 21 21 
0.400000 24.000000 1 3 4 5 7 8 10 10 10 11 13 13 14 14 14 14 17 17 19 20 20 
0.600000 18.000000 4 6 7 7 8 9 9 10 11 11 13 14 14 16 16 17 17 17 18 20 21 
0.400000 33.000000 1 2 2 3 6 7 8 9 9 10 10 12 12 12 13 13 14 16 17 20 20 
0.500000 32.000000 1 1 1 2 2 3 7 9 9 10 11 12 12 12 15 18 19 20 21 21 21 
0.500000 34.000000 2 3 3 4 5 7 7 7 8 9 9 10 12 15 15 16 16 17 18 18 20 
0.500000 36.000000 3 5 5 6 8 10 11 11 12 13 14 15 16 16 16 17 18 18 18 19 21 
0.500000 40.000000 2 2 3 3 3 3 6 6 8 9 10 10 12 15 16 17 18 19 20 20 21 
0.600000 38.000000 1 2 3 3 3 4 6 8 9 9 10 10 12 12 16 16 16 18 19 20 21 
0.500000 41.000000 1 3 5 5 7 7 8 9 11 12 12 12 13 13 15 15 16 17 18 20 21 
0.500000 34.000000 1 4 4 4 6 9 9 9 11 11 12 13 13 13 14 15 16 16 17 18 21 
0.600000 48.000000 2 3 3 3 6 6 6 11 11 11 12 13 13 13 13 15 17 17 17 19 20 
0.500000 49.000000 2 2 3 4 5 5 6 9 9 9 12 12 12 12 13 13 13 13 14 15 19 
0.500000 37.000000 1 2 3 4 5 6 6 7 8 9 10 11 12 12 13 14 16 17 18 19 21 
0.500000 37.000000 3 5 5 6 7 8 11 11 13 13 13 14 15 16 16 17 18 18 18 19 20 
0.400000 37.000000 1 3 4 5 5 6 8 8 10 10 10 12 12 13 14 15 16 17 19 19 21 
0.500000 35.000000 1 3 5 7 8 9 9 10 11 11 12 12 13 13 13 15 17 18 18 19 21 
0.400000 36.000000 2 2 2 2 3 3 7 7 8 12 13 14 15 15 17 18 19 20 20 21 21 
0.400000 28.000000 1 3 5 6 7 10 11 12 13 14 14 14 14 15 15 17 17 18 19 20 21 
0.500000 21.000000 1 2 4 4 5 7 9 9 10 12 13 13 14 14 14 15 16 17 18 19 21 
0.500000 30.000000 1 1 2 2 3 6 9 11 12 13 14 14 16 16 16 17 17 17 18 18 21 
0.300000 35.000000 2 3 3 4 4 4 4 5 7 8 9 10 10 10 11 12 14 15 15 16 20 
0.400000 37.000000 3 3 4 4 5 5 5 6 8 10 11 12 13 14 14 14 16 16 18 19 20 
0.500000 41.000000 1 2 3 3 4 5 8 8 9 9 11 12 14 15 16 17 17 17 18 21 21 
0.500000 51.000000 1 4 4 5 5 6 6 6 7 9 12 13 13 15 15 16 16 19 20 20 21 
0.400000 37.000000 1 2 3 3 4 4 4 5 6 7 10 11 12 13 13 13 14 16 19 19 21 
0.400000 35.000000 1 2 6 6 6 7 8 9 9 10 10 11 11 12 12 13 13 19 19 19 19 
0.500000 44.000000 2 3 3 6 6 6 6 8 8 9 9 9 11 12 12 14 17 18 19 20 21 
0.500000 34.000000 1 3 3 3 4 4 5 7 7 9 10 11 13 16 16 17 17 17 19 21 21 
0.700000 18.000000 1 1 1 4 7 7 9 10 10 11 12 13 13 13 14 17 18 19 20 21 21 
0.400000 31.000000 1 1 3 6 6 7 8 9 10 10 11 12 12 12 12 14 14 14 15 17 20 
0.400000 40.000000 2 3 3 4 5 6 6 7 8 9 11 12 13 14 15 16 17 17 20 20 21 
0.400000 23.000000 1 1 2 4 7 7 8 8 10 12 12 13 14 14 14 15 15 17 17 19 21 
0.600000 24.000000 1 2 6 7 8 9 11 11 11 11 12 13 14 17 18 18 19 20 21 21 21 
0.500000 37.000000 1 1 1 1 2 3 3 5 7 8 9 11 12 12 13 18 19 19 20 21 21 
0.500000 39.000000 1 2 2 3 3 3 4 4 5 5 6 7 7 7 8 9 13 17 18 20 20 
0.600000 23.000000 1 3 5 5 7 7 7 8 9 10 13 14 14 16 17 18 18 18 19 19 21 
0.500000 37.000000 2 2 3 7 7 8 9 11 11 11 12 13 15 16 17 17 19 20 20 21 21 
0.400000 39.000000 1 4 5 5 6 6 6 7 8 11 11 12 13 14 14 14 15 18 19 20 20 
0.500000 29.000000 1 3 4 4 6 6 6 7 9 10 10 10 10 11 12 14 16 18 20 20 21 
0.400000 31.000000 2 3 5 7 7 8 10 12 12 13 13 13 14 14 15 15 17 20 20 20 21 
0.600000 36.000000 3 4 6 6 6 9 9 12 14 16 16 16 17 18 18 19 21 21 21 21 21 
0.600000 26.000000 1 1 5 5 5 6 7 7 9 10 11 16 16 16 17 17 18 18 19 19 21 
0.400000 37.000000 3 3 3 4 6 6 7 8 8 8 9 9 9 10 12 13 14 17 18 19 19 
0.500000 41.000000 2 2 3 4 5 5 5 6 6 7 7 9 12 14 15 15 17 18 18 20 21 
0.500000 28.000000 1 1 2 5 6 7 8 9 9 9 9 11 12 12 14 16 17 19 19 20 21 
0.500000 40.000000 1 2 2 2 4 5 6 6 6 7 7 9 11 13 13 17 18 19 20 20 21 
0.500000 38.000000 1 2 3 3 8 9 9 10 11 11 12 12 14 15 15 16 17 17 18 20 21 
0.400000 28.000000 1 3 4 4 6 6 7 7 7 8 8 11 14 14 16 19 20 20 20 21 21 
0.500000 28.000000 1 1 1 1 1 3 6 9 10 10 10 12 13 14 15 15 17 17 18 19 20 
0.400000 41.000000 1 3 5 5 6 7 8 11 11 12 12 13 13 14 15 15 15 18 19 20 20 
0.500000 24.000000 1 1 1 3 4 5 6 7 7 7 10 12 14 14 15 16 16 17 17 18 20 
0.500000 46.000000 1 1 2 2 2 4 5 5 5 5 8 10 12 15 15 17 18 20 20 21 21 
0.500000 34.000000 1 1 2 3 3 4 5 6 7 9 12 12 13 14 14 16 17 18 19 21 21 
0.500000 35.000000 1 1 1 2 2 3 4 4 5 7 8 10 12 13 15 16 16 17 18 18 21 
0.400000 42.000000 2 2 3 4 6 6 8 8 8 8 9 10 10 12 12 14 16 16 19 20 20 
0.400000 41.000000 1 3 3 3 4 4 5 6 6 11 12 12 13 13 14 14 15 17 20 21 21 
0.500000 32.000000 3 3 4 6 7 7 7 8 9 13 13 14 15 16 16 16 17 18 18 19 20 
0.500000 33.000000 1 2 3 3 4 4 6 8 9 10 10 10 13 13 13 13 14 18 18 18 20 
0.600000 17.000000 1 1 5 7 9 10 11 11 13 13 14 14 15 16 17 18 19 19 20 20 21 
0.500000 39.000000 2 2 2 4 5 9 9 10 12 12 13 13 14 15 15 16 18 19 20 21 21 
0.500000 28.000000 2 2 7 7 8 8 9 10 10 10 11 11 12 12 13 13 15 18 19 20 20 
0.400000 37.000000 1 2 3 4 4 6 8 9 10 12 14 14 15 15 16 19 20 20 21 21 21 
0.600000 46.000000 2 2 2 2 3 4 5 6 6 11 14 15 16 17 18 18 19 20 21 21 21 
0.400000 37.000000 1 3 4 4 4 5 5 8 10 10 11 14 14 15 15 15 15 16 18 19 20 
0.500000 29.000000 2 3 4 5 6 7 7 7 8 8 9 10 13 14 16 17 17 18 18 19 21 
0.400000 42.000000 1 2 3 4 4 5 6 6 8 9 10 11 12 13 13 14 15 17 20 20 21 
0.600000 42.000000 1 2 3 3 3 3 6 6 9 11 12 13 14 15 16 17 18 18 19 20 21 
0.500000 29.000000 1 1 3 4 4 4 5 6 7 7 9 10 11 13 14 15 16 16 18 18 19 
0.700000 53.000000 2 2 2 2 2 3 5 8 8 8 9 11 11 12 13 17 18 19 20 20 21 
0.500000 43.000000 1 1 2 3 3 4 5 6 6 7 8 8 11 15 16 16 17 18 19 20 20 
0.400000 43.000000 2 3 4 6 7 7 8 8 8 8 11 13 15 15 16 17 17 17 20 20 21 
0.500000 40.000000 2 2 3 3 3 4 4 5 9 10 11 11 11 12 19 20 20 21 21 21 21 
0.500000 30.000000 2 2 5 5 6 7 8 9 10 11 14 16 16 16 16 17 18 18 19 20 20 
0.500000 28.000000 4 5 7 9 10 10 11 11 11 12 12 13 15 16 16 16 17 19 20 21 21 
0.500000 35.000000 1 3 5 5 8 9 9 10 10 13 15 15 16 16 16 18 19 20 20 20 20 
0.500000 35.000000 1 1 3 4 5 5 7 9 10 11 11 15 15 15 17 18 18 19 20 21 21 
0.300000 31.000000 1 3 3 5 7 7 8 8 8 8 14 14 15 15 16 17 17 17 19 20 20 
0.400000 50.000000 1 2 4 4 5 5 5 6 6 6 7 8 8 8 9 10 12 12 12 13 20 
0.400000 33.000000 1 2 2 2 2 4 4 5 6 6 7 10 11 11 12 14 14 17 18 20 21 
0.500000 39.000000 1 2 3 3 4 4 5 6 7 8 8 8 10 10 12 16 16 18 20 20 21 
0.400000 32.000000 1 2 2 4 4 7 8 9 11 12 13 13 14 15 16 16 16 19 20 20 21 
0.500000 36.000000 1 1 2 2 3 4 4 5 7 8 9 10 11 13 13 15 17 18 18 20 21 
0.400000 37.000000 1 1 1 3 3 4 5 5 5 6 9 10 12 13 14 15 17 17 17 17 21 
0.400000 29.000000 2 3 7 10 10 12 13 14 14 15 15 15 16 16 16 16 17 18 19 19 20 
0.400000 27.000000 1 1 1 2 3 5 6 7 9 11 13 13 14 14 16 17 17 19 19 19 20 
0.500000 19.000000 2 2 2 4 7 7 7 10 11 13 14 15 16 16 16 17 17 17 17 20 21 
0.500000 41.000000 1 1 2 3 4 5 6 8 8 10 11 11 11 12 12 13 14 18 19 20 21 
0.400000 27.000000 1 1 5 5 6 7 9 10 10 13 14 15 15 16 16 17 17 17 19 19 19 
0.500000 39.000000 1 2 2 3 4 4 5 5 7 8 9 9 10 12 13 15 16 18 20 20 21 
0.500000 37.000000 1 3 4 5 5 6 7 7 12 13 13 15 16 16 16 16 18 19 20 20 21 
0.500000 34.000000 1 3 4 5 6 7 8 9 10 11 11 13 17 17 17 18 19 21 21 21 21 
0.500000 40.000000 1 2 2 2 3 3 3 3 4 4 4 5 5 6 9 10 11 14 18 18 20 
0.500000 36.000000 3 5 7 8 8 10 11 11 12 13 13 14 15 15 17 17 17 18 18 21 21 
0.500000 40.000000 1 1 1 2 3 3 3 4 6 8 9 9 12 14 20 20 20 20 21 21 21 
0.300000 34.000000 1 2 3 4 4 5 6 7 10 13 14 14 15 15 15 15 16 17 19 20 20 
0.400000 39.000000 1 2 3 6 6 6 8 8 9 10 10 11 11 12 12 12 14 15 18 19 19 
0.500000 27.000000 1 2 4 5 5 7 7 8 8 8 9 9 10 13 14 16 17 18 18 20 20 
0.400000 39.000000 1 1 2 3 4 5 6 6 7 7 12 13 13 13 13 15 17 20 20 20 21 
0.400000 34.000000 1 3 3 3 4 4 4 5 6 6 7 7 8 12 14 14 14 16 16 18 18 
0.600000 43.000000 1 3 3 3 5 5 6 8 10 11 11 11 12 12 13 16 16 18 19 19 19 
0.500000 25.000000 1 2 2 2 4 4 7 7 10 10 11 11 11 12 12 14 15 16 18 19 21 
0.500000 46.000000 1 2 3 4 5 6 6 8 11 13 14 14 15 15 15 18 18 19 20 20 21 
0.400000 44.000000 1 1 2 2 3 3 4 6 6 9 11 12 12 13 14 15 15 15 19 19 20 
0.500000 27.000000 2 5 5 5 9 9 10 11 12 13 13 14 14 16 17 17 18 19 20 21 21 
0.600000 45.000000 2 3 3 5 6 6 7 8 8 11 12 12 12 13 16 16 18 18 19 21 21 
0.600000 54.000000 1 4 4 5 5 5 6 6 6 7 11 12 13 15 15 15 16 17 18 19 21 
0.600000 23.000000 1 1 2 10 11 11 11 11 11 12 12 12 13 13 14 16 18 19 19 21 21 
0.500000 45.000000 1 1 5 6 8 8 8 8 11 11 13 14 16 17 17 17 18 19 20 21 21 
0.500000 40.000000 1 2 3 6 6 8 9 9 10 11 12 12 13 13 14 15 18 19 19 19 21 
0.400000 36.000000 1 3 3 4 4 5 6 8 8 11 14 14 14 15 16 18 18 20 20 21 21 
0.500000 33.000000 1 5 6 6 7 8 8 8 10 11 11 11 14 16 16 18 18 19 19 19 20 
0.600000 21.000000 1 1 2 4 7 9 9 10 11 11 12 12 13 14 15 17 18 19 21 21 21 
0.500000 34.000000 1 3 6 9 9 10 11 11 11 12 12 14 15 16 19 19 20 20 21 21 21 
0.400000 30.000000 1 2 2 5 6 6 7 7 8 9 10 11 11 16 16 17 19 19 19 20 20 
0.400000 35.000000 1 2 2 3 4 5 8 8 9 9 11 11 13 14 14 16 17 18 20 20 20 
0.500000 36.000000 1 2 2 3 3 3 4 8 9 9 10 10 10 11 11 12 12 15 18 18 19 
0.500000 35.000000 2 3 5 7 7 8 8 9 9 12 13 13 16 16 17 18 19 20 20 21 21 
0.500000 39.000000 3 3 4 4 5 8 8 9 9 10 12 13 14 15 16 16 17 18 19 21 21 
0.400000 35.000000 1 2 3 3 6 8 8 9 10 11 11 12 14 14 16 16 17 17 17 19 19 
0.400000 29.000000 1 2 3 4 4 5 7 8 9 10 11 11 12 14 14 14 15 17 17 20 21 
0.500000 34.000000 1 2 3 5 5 7 8 8 8 10 10 13 13 16 16 18 18 18 20 20 20 
0.500000 40.000000 1 2 3 3 5 6 8 11 11 12 13 13 14 14 15 16 17 18 18 20 20 
0.600000 47.000000 1 2 3 3 4 6 8 8 9 11 12 13 13 13 15 15 16 18 18 18 20 
0.500000 40.000000 3 3 4 7 8 9 11 11 11 11 12 13 13 13 15 17 18 20 20 21 21 
0.400000 30.000000 1 2 4 7 8 9 11 11 13 14 15 15 15 16 17 17 19 19 20 21 21 
0.400000 26.000000 1 1 2 4 8 8 8 9 10 10 10 13 14 14 17 17 17 19 19 21 21 
0.600000 21.000000 1 1 5 7 8 9 10 11 11 11 12 13 14 16 16 17 18 19 19 20 21 
0.600000 17.000000 1 6 7 7 8 9 9 9 12 12 13 13 13 13 14 14 16 17 18 20 20 
0.400000 28.000000 1 1 2 5 7 7 8 11 12 15 15 16 16 16 17 17 17 17 20 21 21 
0.500000 41.000000 1 2 3 3 4 4 6 6 8 8 8 8 10 10 10 11 12 15 17 18 18 
0.500000 33.000000 2 2 3 3 4 4 5 7 10 11 11 11 12 13 14 14 16 18 18 19 21 
0.400000 25.000000 1 2 4 4 5 6 7 7 9 9 12 14 14 15 15 16 16 17 17 19 21 
0.500000 31.000000 1 1 2 3 4 7 9 9 10 11 11 12 12 13 14 15 15 17 18 20 21 
0.500000 38.000000 1 3 3 4 6 6 9 10 11 12 13 14 14 15 15 15 16 17 17 18 18 
0.500000 37.000000 3 3 6 6 7 8 8 10 11 11 12 13 14 16 17 18 19 20 20 21 21 
0.500000 25.000000 1 5 7 8 9 10 10 11 12 14 15 15 16 16 16 18 19 20 20 20 21 
0.400000 39.000000 2 3 4 5 5 8 9 11 11 13 14 14 15 15 15 17 17 18 19 20 21 
0.400000 28.000000 2 4 4 7 8 10 11 11 11 12 13 13 14 14 14 15 15 18 19 19 21 
0.500000 28.000000 1 2 4 4 5 5 10 10 10 11 11 13 13 14 15 18 18 19 20 21 21 
0.400000 27.000000 1 2 4 4 4 5 6 7 7 10 10 13 14 15 16 17 19 20 21 21 21 
0.600000 47.000000 2 2 3 3 5 6 8 8 8 8 9 9 11 12 16 18 18 19 19 19 21 
0.500000 20.000000 1 9 10 11 11 11 12 12 14 14 14 14 15 15 16 18 19 20 20 21 21 
0.500000 29.000000 1 1 1 3 5 8 10 10 10 11 12 12 13 14 17 18 19 20 21 21 21 
0.600000 20.000000 1 1 7 9 9 9 10 10 10 10 14 14 15 15 15 17 18 18 19 19 19 
0.500000 35.000000 1 2 4 4 5 5 7 8 9 9 10 11 15 15 16 16 16 17 18 20 20 
0.500000 31.000000 2 3 4 4 7 8 10 10 12 12 13 13 14 15 16 16 16 16 17 18 21 
0.400000 38.000000 4 6 6 8 8 10 10 11 12 14 15 15 15 16 16 16 18 19 19 20 21 
0.500000 47.000000 3 6 6 6 6 8 8 9 10 11 11 11 12 12 12 13 13 16 17 19 20 
0.700000 15.000000 1 1 2 4 7 7 7 7 7 9 10 11 11 12 13 13 14 17 17 18 20 
0.400000 32.000000 1 1 3 3 4 5 6 7 8 10 11 13 14 14 16 16 18 19 19 19 20 
0.400000 31.000000 1 1 3 4 6 7 8 9 10 11 13 13 13 14 15 17 17 18 19 19 21 
0.400000 24.000000 1 1 2 4 4 6 6 6 7 7 7 9 9 11 14 15 16 17 19 20 20 
0.400000 34.000000 3 4 5 5 5 6 7 7 8 9 9 9 12 14 16 17 17 19 20 21 21 
0.500000 42.000000 2 4 5 5 5 8 8 8 9 9 10 10 11 12 15 16 17 18 20 20 21 
0.500000 28.000000 1 1 2 4 4 5 5 10 10 11 11 11 11 14 15 16 17 17 18 19 21 
0.500000 37.000000 1 5 5 6 6 9 10 11 11 11 12 13 13 16 16 17 17 18 20 20 21 
0.400000 36.000000 1 1 3 3 3 4 4 5 8 8 11 11 11 12 14 14 14 18 18 20 21 
0.400000 33.000000 1 2 2 2 3 4 4 5 5 7 10 11 11 11 12 13 14 14 17 17 20 
0.500000 39.000000 2 3 3 3 3 5 5 5 7 11 13 14 16 17 17 18 19 20 20 21 21 
0.500000 36.000000 1 1 3 3 3 6 9 9 9 10 11 11 12 13 14 15 17 17 18 19 19 
0.400000 40.000000 1 3 4 6 6 6 8 8 10 11 13 14 15 16 16 17 17 19 19 19 21 
0.500000 28.000000 3 3 6 7 7 9 10 11 13 13 14 14 15 16 17 17 17 18 20 20 21 
0.700000 16.000000 1 1 2 7 8 9 9 10 13 13 14 14 16 18 18 19 19 20 20 21 21 
0.600000 39.000000 3 5 5 5 6 8 8 9 10 10 11 11 13 16 16 17 18 18 18 19 19 
0.500000 40.000000 1 1 3 3 3 4 6 6 9 10 12 14 15 15 15 16 17 17 18 19 21 
0.400000 26.000000 1 2 4 4 4 6 7 7 8 11 12 13 14 14 14 15 16 16 16 18 20 
0.400000 38.000000 2 3 3 4 5 5 7 8 8 8 9 10 11 11 12 12 14 14 17 17 20 
0.500000 44.000000 1 1 1 5 6 6 7 8 8 8 9 12 13 16 17 17 17 17 19 21 21 
0.500000 36.000000 2 2 2 3 4 5 6 7 8 10 10 12 13 13 15 16 16 18 18 18 20 
0.400000 27.000000 1 3 3 4 5 5 7 7 9 12 12 12 14 14 14 14 14 14 14 18 18 
0.600000 27.000000 4 5 6 6 9 10 10 11 13 13 14 16 16 16 17 18 18 19 20 21 21 
0.400000 36.000000 1 1 4 4 5 5 6 6 8 8 8 9 10 10 10 10 11 12 17 19 20 
0.400000 36.000000 1 2 3 5 5 8 8 8 9 10 11 12 13 14 14 16 17 17 17 19 19 
0.500000 24.000000 1 4 5 6 7 9 10 10 10 12 12 13 13 14 14 14 15 15 18 18 19 
0.500000 31.000000 1 3 4 6 7 9 10 11 11 12 14 15 15 16 16 17 18 20 20 21 21 
0.400000 38.000000 1 3 5 5 7 8 8 8 10 11 12 12 13 14 15 15 17 17 18 19 21 
0.600000 44.000000 3 3 4 5 5 5 5 6 6 7 11 11 13 16 17 18 18 19 20 21 21 
0.400000 36.000000 1 2 4 5 5 6 6 6 10 10 10 11 11 12 12 13 14 15 18 19 19 
0.500000 27.000000 1 1 1 3 4 7 7 8 9 12 13 14 15 16 16 16 18 19 20 20 21 
0.500000 32.000000 3 3 5 9 10 11 11 11 11 12 12 14 14 16 16 17 17 18 20 21 21 
0.500000 33.000000 1 2 3 3 4 6 9 10 11 12 13 14 14 16 16 18 19 19 20 21 21 
0.400000 33.000000 1 1 2 3 3 3 4 6 10 12 13 14 14 14 14 15 16 17 19 20 20 
0.400000 35.000000 2 3 3 5 5 6 6 7 7 7 8 8 10 10 12 12 12 16 17 18 20 
0.500000 40.000000 3 4 6 7 8 9 9 10 11 12 12 13 15 15 15 16 17 18 19 21 21 
0.600000 43.000000 3 3 3 6 6 8 8 10 12 15 16 16 16 16 17 18 20 20 20 21 21 
0.400000 35.000000 1 1 2 3 3 4 4 5 6 6 7 9 10 10 13 13 13 17 17 17 19 
0.600000 42.000000 1 3 4 5 6 8 9 11 11 11 13 15 16 16 18 18 18 19 20 21 21 
0.400000 31.000000 2 2 4 4 8 9 9 9 10 10 12 12 14 14 15 15 16 19 20 21 21 
0.400000 36.000000 4 6 6 6 7 8 10 10 10 11 12 13 15 15 15 16 18 19 20 20 21 
0.500000 34.000000 1 2 3 4 5 6 6 8 10 10 10 11 12 12 13 14 16 17 18 19 21 
0.500000 33.000000 1 2 3 3 6 6 7 8 9 9 12 14 14 16 16 16 18 18 18 19 20 
0.500000 40.000000 1 3 5 8 8 10 11 11 11 12 12 13 13 13 14 15 16 17 17 18 19 
0.400000 31.000000 1 1 1 1 2 2 4 4 10 13 13 14 15 15 15 16 18 19 19 20 21 
0.400000 31.000000 1 2 2 3 4 4 5 7 7 8 10 10 12 13 13 14 15 16 17 18 19 
0.500000 36.000000 1 5 6 7 8 8 9 10 11 11 13 15 15 16 17 18 18 19 19 19 21 
0.400000 30.000000 1 1 2 4 4 6 7 7 8 9 11 11 12 14 15 15 16 16 17 18 20 
0.500000 40.000000 2 2 4 4 6 6 6 6 10 10 11 13 13 15 15 18 18 18 19 21 21 
0.500000 33.000000 2 3 6 6 7 8 9 9 10 11 11 11 12 14 17 17 18 18 19 21 21 
0.500000 42.000000 1 2 3 3 4 5 5 6 6 7 9 10 11 11 11 12 12 13 19 19 20 
0.500000 20.000000 1 2 4 4 7 7 9 9 10 11 11 13 14 15 16 17 17 20 20 21 21 
0.400000 35.000000 1 1 3 3 4 4 6 7 7 8 9 11 11 12 12 13 13 14 17 19 21 
0.500000 36.000000 1 2 4 4 5 5 5 8 9 10 10 15 15 16 16 16 18 18 19 20 21 
0.400000 32.000000 1 1 3 4 4 6 9 11 12 13 13 14 14 16 16 16 17 19 19 21 21 
0.700000 55.000000 5 5 5 5 6 6 7 8 11 11 11 11 12 12 12 15 16 16 18 19 20 
0.500000 33.000000 1 1 3 3 5 7 8 9 10 12 13 14 15 16 16 17 17 18 18 20 21 
0.500000 47.000000 2 2 4 4 4 5 5 6 8 9 9 11 13 14 14 15 15 17 18 18 21 
0.300000 32.000000 2 4 5 7 8 8 9 11 13 13 14 14 15 15 15 16 17 17 19 20 20 
0.500000 28.000000 3 6 8 9 9 9 13 14 14 14 15 16 16 18 18 19 20 20 20 21 21 
0.500000 32.000000 2 4 6 6 6 7 8 10 11 12 13 14 16 16 16 16 17 18 18 20 21 
0.600000 33.000000 1 4 4 5 5 5 6 7 9 10 11 11 11 11 12 16 18 18 20 21 21 
0.600000 41.000000 1 1 2 2 5 5 6 6 8 9 10 15 17 18 18 18 19 20 21 21 21 
0.400000 36.000000 1 2 4 5 6 6 6 7 8 9 12 12 14 14 16 16 16 18 19 20 21 
0.600000 27.000000 2 4 5 5 6 6 7 7 9 9 11 12 13 14 16 16 18 18 18 20 21 
0.700000 12.000000 1 1 4 7 7 7 9 9 11 12 13 13 14 14 14 15 16 17 17 18 19 
0.400000 47.000000 1 1 3 5 6 6 6 6 8 8 9 12 13 14 15 15 17 17 19 20 20 
0.400000 42.000000 2 3 3 6 6 6 6 6 7 8 10 11 12 12 13 14 15 17 19 19 20 
0.400000 38.000000 1 3 4 5 7 8 8 8 9 11 14 15 15 15 16 17 17 18 20 20 21 
0.400000 37.000000 3 3 3 4 4 5 5 5 6 7 7 8 9 10 11 13 16 17 20 20 20 
0.500000 42.000000 2 3 4 6 6 7 7 11 11 12 12 15 15 16 16 16 16 17 17 20 21 
0.400000 37.000000 4 4 4 6 6 7 8 8 9 10 10 11 11 11 12 13 14 15 16 19 19 
0.400000 38.000000 1 1 3 4 4 5 6 6 7 8 9 9 11 12 14 14 15 15 18 19 20 
0.300000 38.000000 1 4 4 5 5 5 8 8 9 10 10 11 12 12 14 14 14 15 15 19 20 
0.400000 43.000000 1 2 4 5 5 7 8 8 8 9 11 12 13 14 15 16 17 19 19 20 21 
0.500000 37.000000 3 3 3 3 6 6 6 6 7 7 7 9 10 10 12 12 12 16 18 19 20 
0.500000 28.000000 1 2 5 6 7 8 8 10 11 13 14 16 17 17 17 18 19 20 21 21 21 
0.400000 37.000000 3 3 4 5 6 6 10 11 11 12 13 14 14 15 16 16 17 17 19 20 21 
0.400000 29.000000 2 6 6 7 7 7 8 8 9 9 10 12 12 12 14 14 15 18 19 20 21 
0.600000 50.000000 2 3 3 4 5 5 6 8 8 11 11 12 12 13 13 13 15 17 18 19 21 
0.400000 36.000000 3 4 5 8 10 11 11 11 12 13 13 14 14 15 15 16 17 17 17 19 21 
0.500000 29.000000 1 2 3 4 7 7 8 10 11 13 14 15 15 16 17 18 18 19 19 21 21 
0.500000 42.000000 1 2 2 3 4 4 4 5 6 10 11 12 12 13 13 14 15 16 16 18 21 
0.500000 36.000000 3 4 7 8 8 9 9 10 11 12 13 13 13 15 18 20 20 20 21 21 21 
0.400000 37.000000 1 2 3 4 5 6 6 6 7 7 8 9 14 15 15 17 18 19 19 20 21 
0.600000 57.000000 4 4 5 5 5 6 7 8 9 11 12 12 12 13 13 13 13 15 15 20 21 
0.500000 48.000000 1 2 2 2 2 4 7 8 9 9 11 12 12 12 12 13 15 19 21 21 21 
0.500000 28.000000 1 1 1 4 6 9 9 10 10 11 12 13 13 15 15 16 16 17 17 19 20 
0.500000 37.000000 1 2 2 5 7 8 9 10 12 15 15 15 16 16 17 18 19 19 20 21 21 
0.500000 30.000000 4 5 5 5 5 6 6 9 10 10 11 11 14 14 16 16 18 18 18 18 19 
0.500000 30.000000 1 2 2 4 5 7 8 8 8 10 12 14 14 15 15 16 18 18 18 19 21 
0.600000 16.000000 1 1 4 4 4 7 9 9 13 13 13 14 14 15 16 17 18 19 21 21 21 
0.500000 29.000000 1 1 2 3 4 5 7 8 9 10 10 10 10 12 12 16 17 18 20 21 21 
0.600000 46.000000 1 1 1 2 3 3 5 5 6 8 11 12 12 12 16 16 19 20 20 21 21 
0.400000 36.000000 1 1 2 3 4 4 4 5 5 6 6 6 9 10 10 10 10 13 19 19 20 
0.500000 31.000000 1 3 3 4 7 9 9 9 9 10 11 11 11 14 15 17 17 19 19 20 21 
0.500000 25.000000 1 5 5 5 6 7 8 8 10 14 14 14 16 17 18 18 19 19 20 21 21 
0.400000 36.000000 1 2 3 4 5 7 9 10 11 13 15 15 15 15 16 16 17 19 20 20 20 
0.500000 40.000000 1 2 3 6 7 8 9 9 9 11 12 12 12 13 13 15 18 19 19 21 21 
0.400000 32.000000 3 4 6 8 9 9 10 10 11 11 13 14 14 15 15 16 17 18 20 20 20 
0.400000 41.000000 1 2 2 3 3 4 4 6 7 8 8 8 9 10 11 12 13 13 19 19 20 
0.500000 35.000000 2 2 3 6 9 9 11 11 12 13 14 14 16 19 19 19 20 20 21 21 21 
0.400000 32.000000 2 2 3 3 4 4 5 9 9 9 10 10 11 11 14 14 17 19 19 20 21 
0.500000 23.000000 1 1 1 5 5 7 8 10 11 12 12 12 13 14 14 16 16 19 19 20 21 
0.600000 41.000000 1 2 3 3 3 5 7 9 11 12 12 13 13 16 16 16 16 17 19 20 20 
0.500000 34.000000 1 2 2 3 3 4 5 8 9 10 10 10 11 13 13 17 17 18 18 19 21 
0.400000 37.000000 1 3 3 4 4 4 5 6 7 8 8 10 10 11 12 13 14 15 15 18 18 
0.500000 44.000000 2 2 3 4 5 5 6 7 8 9 12 14 15 15 16 16 18 19 19 20 21 
0.500000 36.000000 1 1 1 3 4 5 6 7 8 10 11 11 12 12 15 16 16 18 19 19 21 
0.500000 30.000000 1 2 3 4 4 6 7 7 8 9 9 10 11 11 14 15 17 18 18 18 21 
0.400000 32.000000 1 1 1 2 3 4 5 7 7 8 9 11 12 12 13 14 15 17 18 20 21 
0.400000 37.000000 2 2 3 4 4 5 5 9 10 13 13 13 14 15 16 17 19 20 20 21 21 
0.400000 30.000000 1 1 1 2 2 2 4 5 8 9 9 10 14 15 16 16 17 19 19 19 20 
0.500000 29.000000 1 4 4 5 5 7 8 9 9 10 10 10 11 12 13 15 16 18 19 20 21 
0.400000 37.000000 1 2 2 3 3 4 4 4 6 6 7 8 9 10 10 11 17 20 20 21 21 
0.600000 28.000000 2 4 5 6 7 7 9 9 9 9 11 15 16 18 19 20 20 20 21 21 21 
0.500000 29.000000 2 4 5 6 6 7 9 9 10 10 10 11 11 15 16 16 17 18 19 20 20 
0.500000 36.000000 1 3 3 4 5 5 7 8 8 9 10 16 16 16 16 16 18 19 19 19 20 
0.500000 34.000000 1 3 6 7 8 8 9 11 13 14 15 16 16 17 17 17 18 18 20 21 21 
0.400000 34.000000 1 4 5 6 6 7 8 9 10 12 12 14 15 16 16 16 17 19 20 21 21 
0.600000 26.000000 4 4 5 5 8 9 10 10 11 13 13 14 16 16 16 17 18 18 20 21 21 
0.400000 30.000000 3 3 5 7 7 9 9 9 12 13 14 14 15 16 17 19 19 20 20 21 21 
0.700000 51.000000 4 4 5 5 6 8 8 9 11 13 13 15 16 16 16 18 18 18 19 21 21 
0.500000 45.000000 2 2 3 3 4 4 5 6 7 7 8 11 13 15 15 15 17 18 19 19 21 
0.400000 39.000000 1 2 2 3 4 4 4 5 7 7 8 9 11 12 12 13 14 15 20 21 21 
0.400000 27.000000 1 2 2 4 4 5 7 7 7 8 10 10 12 13 13 15 16 17 17 17 21 
0.400000 38.000000 2 2 3 4 6 6 6 6 7 8 8 10 10 12 14 16 18 19 19 20 21 
0.500000 43.000000 1 3 5 6 6 8 9 9 11 13 14 15 15 16 17 17 18 19 20 20 21 
0.500000 36.000000 1 2 2 3 4 6 7 7 8 10 11 11 12 12 15 15 16 16 17 18 18 
0.500000 33.000000 1 2 4 4 5 6 6 6 7 7 8 10 10 11 13 15 16 17 17 18 18 
0.400000 36.000000 3 3 4 5 6 6 8 9 10 13 13 14 14 15 15 16 17 17 18 18 20 
0.600000 17.000000 1 2 5 7 7 8 9 9 10 13 13 14 14 14 16 18 18 19 19 20 20 
0.600000 19.000000 1 1 2 4 6 7 7 7 8 9 10 11 11 14 16 16 18 19 19 19 20 
0.500000 42.000000 2 2 2 3 3 4 5 5 6 7 8 8 9 10 11 12 17 18 20 20 21 
0.500000 45.000000 1 1 2 2 3 4 5 5 6 7 9 11 12 12 12 13 14 15 15 17 18 
0.400000 36.000000 1 1 1 3 4 5 6 7 8 11 11 12 12 13 14 16 19 20 20 21 21 
0.500000 27.000000 4 6 7 7 7 7 8 8 9 11 11 12 12 13 13 15 18 19 19 21 21 
0.400000 28.000000 2 5 6 6 6 7 7 7 8 11 11 13 14 16 17 17 19 19 20 20 21 
0.500000 40.000000 2 3 3 4 5 5 6 6 7 7 9 13 15 16 16 16 18 19 19 20 20 
0.400000 33.000000 1 1 1 3 3 4 4 5 5 6 8 9 10 11 14 14 14 17 17 20 20 
0.600000 40.000000 1 2 4 5 6 6 8 8 10 11 13 16 16 18 18 18 20 20 21 21 21 
0.400000 30.000000 1 1 1 2 2 3 3 4 6 7 7 12 12 13 14 14 14 16 17 18 19 
0.500000 30.000000 1 5 8 8 8 9 10 10 11 11 12 13 13 14 16 17 18 19 19 19 21 
0.600000 20.000000 1 1 7 7 7 8 9 9 11 12 12 13 15 16 16 16 16 17 18 19 20 
0.500000 26.000000 1 1 2 3 5 5 11 11 13 13 14 14 14 16 16 17 17 18 19 20 20 
0.500000 50.000000 2 2 2 4 5 5 6 8 8 9 10 11 12 12 12 13 15 15 18 20 21 
0.500000 26.000000 1 4 4 5 5 7 9 9 10 10 10 12 12 13 14 15 16 16 19 19 21 
0.500000 35.000000 2 6 6 8 9 9 10 11 14 15 15 15 16 17 18 18 18 19 19 21 21 
0.400000 30.000000 4 4 5 6 7 7 8 8 8 9 9 11 14 14 15 17 18 19 20 21 21 
0.400000 42.000000 3 3 4 4 5 5 5 7 8 8 9 12 12 14 14 15 15 15 16 17 18 
0.500000 28.000000 1 2 2 4 4 4 6 7 7 8 9 10 10 13 15 16 16 18 18 19 21 
0.400000 39.000000 5 6 6 7 8 8 9 9 9 10 11 12 12 14 15 15 16 17 19 19 20 
0.400000 35.000000 1 3 3 4 4 6 6 7 7 8 10 11 11 11 12 14 15 17 17 20 21 
0.400000 31.000000 1 6 6 7 9 9 11 11 11 12 12 13 14 14 15 15 17 18 19 20 21 
0.500000 48.000000 2 3 4 6 6 8 8 11 11 13 13 14 15 15 17 17 18 19 20 21 21 
0.400000 31.000000 2 2 4 4 4 5 5 6 7 8 9 9 10 10 13 14 14 15 17 18 19 
0.400000 40.000000 1 1 1 2 3 6 7 7 8 8 9 9 12 12 12 15 15 15 17 19 20 
0.400000 36.000000 1 2 2 3 4 4 4 6 7 8 8 9 10 11 12 13 14 14 15 17 18 
0.500000 20.000000 1 1 6 6 6 9 12 13 14 14 14 14 15 16 17 17 17 18 20 21 21 
0.400000 27.000000 1 1 3 4 7 7 8 8 9 9 9 10 13 13 14 16 17 19 19 19 20 
0.500000 37.000000 1 2 3 4 6 6 8 9 9 9 10 10 11 12 12 15 16 17 18 19 21 
0.400000 33.000000 3 3 3 3 4 5 5 5 5 7 7 9 14 14 14 17 17 17 18 20 21 
0.500000 46.000000 1 1 2 3 3 3 4 4 5 5 8 12 12 13 15 15 16 17 17 21 21 
0.500000 38.000000 1 2 3 3 4 6 7 9 9 9 12 13 14 15 15 16 16 17 18 19 19 
0.400000 34.000000 1 2 3 4 4 4 6 6 7 7 8 9 11 11 11 11 14 16 18 19 20 
0.400000 30.000000 1 3 4 4 6 7 9 11 13 13 13 13 14 14 15 17 17 19 19 21 21 
0.400000 27.000000 1 1 2 2 4 7 7 7 8 8 8 9 10 11 12 14 15 17 18 19 19 
0.500000 35.000000 1 2 2 3 4 7 7 9 13 13 15 15 15 16 16 17 18 18 20 20 21 
0.500000 36.000000 3 4 5 5 6 7 8 9 9 9 10 12 13 13 16 16 17 18 19 20 21 
0.500000 35.000000 1 3 5 5 9 9 10 11 11 13 13 15 16 16 17 17 17 18 19 20 21 
0.500000 40.000000 1 2 2 3 3 9 12 12 12 13 13 14 14 15 15 18 20 20 21 21 21 
0.600000 17.000000 1 1 2 4 7 9 9 9 10 11 12 12 12 13 14 14 14 16 16 20 20 
0.500000 47.000000 1 1 2 3 4 5 6 6 8 8 14 15 15 16 17 18 19 20 20 21 21 
0.500000 41.000000 1 3 3 3 6 6 7 8 11 12 12 13 13 14 15 15 17 18 18 19 21 
0.500000 39.000000 1 1 2 2 3 4 5 8 10 11 12 12 13 13 13 17 18 20 21 21 21 
0.500000 32.000000 1 2 2 3 4 5 6 9 10 10 10 11 12 13 14 15 16 18 18 18 19 
0.400000 36.000000 3 3 5 7 8 8 9 10 10 11 12 12 13 14 15 15 17 17 19 19 21 
0.500000 24.000000 1 2 3 4 5 6 7 7 7 9 10 10 11 12 12 14 14 14 17 18 20 
0.400000 36.000000 2 3 3 4 4 4 5 7 8 8 10 10 11 13 13 16 16 17 20 20 21 
0.600000 30.000000 1 1 2 5 5 8 9 9 9 9 9 10 12 16 16 17 18 19 19 20 21 
0.500000 33.000000 3 3 4 6 6 7 8 9 10 10 11 13 13 14 17 18 18 18 20 21 21 
0.400000 34.000000 1 2 2 4 5 5 7 8 10 10 13 13 13 15 15 15 17 18 18 19 19 
0.600000 41.000000 1 1 1 3 5 6 6 6 7 8 9 12 12 12 16 16 17 18 18 21 21 
0.500000 31.000000 1 5 5 6 6 7 7 11 11 11 12 13 14 15 16 18 18 19 19 20 21 
0.400000 23.000000 1 2 2 2 4 4 7 8 10 11 14 14 14 15 15 17 20 20 20 21 21 
0.400000 30.000000 1 3 4 6 7 7 8 8 9 10 10 12 14 15 16 17 19 20 20 21 21 
0.500000 40.000000 1 2 3 3 4 5 6 6 7 8 8 9 12 13 14 16 16 18 18 19 20 
0.400000 32.000000 1 6 6 6 7 8 8 9 9 9 10 10 12 12 13 14 16 17 19 19 20 
0.400000 33.000000 1 3 6 7 8 8 9 11 11 12 13 13 14 14 15 17 17 18 19 19 21 
0.400000 48.000000 1 1 1 4 4 4 6 6 6 8 9 10 12 14 15 15 15 16 19 20 21 
0.500000 23.000000 4 5 5 7 9 9 9 9 9 11 11 12 12 13 14 14 16 17 20 20 21 
0.500000 45.000000 1 2 4 5 5 6 6 9 9 11 11 12 13 13 14 15 15 17 18 18 20 
0.400000 28.000000 1 1 1 1 2 2 5 6 7 8 10 11 11 12 13 14 17 17 19 20 20 
0.400000 33.000000 3 4 4 6 7 10 13 13 13 14 15 15 16 17 19 19 19 21 21 21 21 
0.400000 41.000000 2 2 2 3 3 3 5 6 7 8 11 11 12 12 12 14 15 16 19 19 20 
0.400000 41.000000 1 3 4 4 5 5 6 7 8 8 9 9 13 15 16 16 17 19 20 20 21 
0.500000 37.000000 2 3 4 6 7 8 9 10 11 13 13 13 15 18 19 19 19 20 21 21 21 
0.500000 32.000000 3 3 5 5 7 7 10 11 13 13 13 13 13 14 18 19 20 20 20 20 21 
0.600000 44.000000 1 1 2 3 3 4 5 5 5 6 7 8 9 11 12 16 17 18 19 20 21 
0.500000 40.000000 1 2 4 5 5 7 8 11 11 14 15 15 15 16 17 17 18 18 20 21 21 
0.600000 45.000000 1 2 3 3 3 5 6 6 7 8 9 12 13 15 15 17 18 18 19 20 21 
0.600000 43.000000 1 1 1 1 2 3 3 3 4 6 6 8 11 12 12 12 16 18 18 21 21 
0.500000 25.000000 2 4 5 5 5 6 7 7 8 10 10 11 13 13 14 14 18 18 19 20 20 
0.400000 29.000000 4 4 4 5 5 5 7 8 9 9 10 10 13 13 14 14 15 16 19 19 19 
0.400000 40.000000 1 1 1 1 2 2 3 3 4 5 6 7 8 8 11 12 16 20 20 20 20 
0.400000 31.000000 2 3 5 5 6 6 7 7 7 8 10 10 13 13 17 17 17 20 20 20 21 
0.500000 42.000000 1 2 3 4 5 5 6 6 9 9 9 9 10 11 11 12 12 13 17 19 20 
0.500000 29.000000 3 5 6 7 8 10 10 11 13 14 14 15 15 16 17 18 18 19 20 20 21 
0.400000 41.000000 3 4 5 5 6 6 6 7 8 9 10 11 12 15 16 17 19 20 20 21 21 
0.400000 28.000000 1 4 4 5 5 5 6 7 7 8 8 9 9 11 14 14 17 19 20 20 21 
0.500000 38.000000 2 2 5 6 7 8 8 9 9 10 11 11 12 13 13 16 17 18 19 20 20 
0.500000 38.000000 3 3 3 5 6 6 9 10 11 12 13 13 14 15 16 17 17 18 18 20 21 
0.500000 32.000000 1 1 2 5 6 7 7 8 9 11 11 15 15 16 16 18 18 19 20 20 20 
0.400000 42.000000 1 1 1 2 4 6 6 7 8 8 9 10 12 12 13 15 15 16 17 19 19 
0.400000 38.000000 1 3 3 3 4 5 5 7 8 8 9 10 11 15 15 16 17 17 17 19 19 
0.500000 23.000000 1 1 1 2 6 6 7 8 9 11 11 13 14 14 15 17 17 18 18 19 20 
0.400000 32.000000 2 4 5 6 6 7 9 9 10 10 12 12 12 13 14 14 15 16 19 20 21 
0.600000 49.000000 3 3 4 6 6 8 8 8 9 11 12 12 13 13 16 16 16 17 19 20 21 
0.500000 43.000000 1 1 1 2 3 3 4 5 7 11 12 12 13 13 15 15 15 16 17 18 19 
0.500000 45.000000 2 3 4 5 5 6 6 8 9 10 11 12 13 15 15 17 18 19 20 21 21 
0.500000 41.000000 2 2 3 3 4 4 5 5 6 10 13 13 13 17 18 19 20 21 21 21 21 
0.400000 37.000000 1 2 3 3 4 4 5 6 9 10 11 11 11 12 12 13 13 14 14 17 20 
0.500000 27.000000 1 3 6 6 7 7 9 11 11 11 14 14 15 16 18 18 19 19 20 20 21 
0.500000 35.000000 1 3 6 7 8 9 10 11 13 13 15 15 16 18 18 19 20 20 20 21 21 
0.400000 33.000000 3 3 3 7 8 8 10 10 11 12 13 13 14 14 16 19 19 19 20 20 21 
0.400000 38.000000 2 3 5 5 6 8 8 8 10 10 11 11 12 14 15 17 17 18 19 20 21 
0.400000 31.000000 2 3 4 9 12 13 13 13 14 14 14 14 15 15 15 17 17 18 20 21 21 
0.400000 38.000000 1 1 2 2 3 4 4 4 7 8 9 9 9 12 13 13 15 16 16 19 20 
0.400000 45.000000 2 2 3 4 5 6 6 7 8 8 11 12 14 15 15 17 17 17 20 21 21 
0.400000 29.000000 4 4 5 6 6 7 9 9 9 11 12 12 13 14 14 14 14 15 18 19 21 
0.500000 27.000000 4 4 5 5 6 7 9 10 10 10 11 12 13 13 13 14 17 18 20 21 21 
0.400000 35.000000 1 1 1 3 4 6 6 6 7 7 8 9 9 12 13 13 16 17 20 20 20 
0.500000 23.000000 2 2 3 4 4 7 7 8 9 9 10 11 11 14 14 14 16 17 18 19 20 
0.500000 31.000000 1 1 2 3 3 5 6 7 7 7 9 10 10 12 12 15 17 17 18 19 21 
0.500000 43.000000 1 1 5 5 5 6 7 8 8 8 8 10 11 12 16 17 18 19 20 20 21 
0.400000 37.000000 1 3 3 4 4 5 6 9 9 9 12 13 13 13 14 14 15 18 19 20 21 
0.400000 27.000000 1 1 3 4 5 5 7 10 10 13 13 14 14 14 15 15 17 18 19 20 20 
0.500000 33.000000 1 1 2 3 4 4 7 8 9 13 13 14 15 15 18 18 18 19 21 21 21 
0.500000 42.000000 1 1 1 5 6 6 6 6 8 8 10 11 11 12 12 16 17 18 18 19 21 
0.500000 27.000000 1 2 2 2 4 4 5 7 9 10 11 13 14 15 16 18 19 20 20 21 21 
0.500000 27.000000 1 2 2 2 3 7 9 10 10 11 11 13 13 14 16 17 17 19 20 20 20 
0.400000 31.000000 2 4 4 4 6 6 6 8 10 10 10 10 10 12 13 13 14 14 18 19 21 
0.400000 38.000000 5 6 7 8 8 11 11 13 14 15 15 15 16 17 17 18 19 20 20 21 21 
0.600000 23.000000 4 5 7 7 7 9 9 9 10 11 11 12 13 15 16 17 18 19 20 21 21 
0.400000 32.000000 1 1 2 2 5 5 6 8 8 9 9 10 10 13 14 17 18 19 19 20 20 
0.600000 49.000000 5 6 7 8 8 11 11 12 15 15 15 16 16 16 18 18 19 19 20 21 21 
0.600000 29.000000 3 4 5 6 9 10 10 10 11 12 14 16 16 16 17 18 19 20 21 21 21 
0.400000 34.000000 1 2 2 3 4 4 4 4 5 7 7 8 8 9 10 10 10 11 12 12 13 
0.500000 30.000000 1 1 2 5 5 6 7 10 10 11 15 15 16 17 17 17 18 19 20 21 21 
0.700000 52.000000 1 2 2 5 6 6 8 8 9 9 11 12 13 13 15 15 18 18 18 18 18 
0.500000 32.000000 1 3 3 6 9 9 10 12 13 14 14 15 16 16 17 18 18 19 20 21 21 
0.400000 29.000000 1 2 2 3 4 4 7 7 8 8 9 10 10 14 16 17 19 19 20 21 21 
0.500000 36.000000 1 2 2 5 6 6 8 8 9 10 10 11 12 13 14 15 17 17 17 18 18 
0.500000 23.000000 1 1 2 2 4 7 9 9 10 11 13 14 15 15 17 17 18 19 20 21 21 
0.400000 39.000000 1 2 3 4 5 6 6 6 8 9 9 10 11 12 14 16 17 19 20 20 21 
0.500000 41.000000 1 1 2 2 3 3 4 6 8 9 10 12 12 15 15 16 16 18 19 19 21 
0.400000 27.000000 1 1 4 4 7 7 8 8 10 10 11 12 12 14 14 15 15 16 18 19 21 
0.400000 37.000000 1 1 1 3 4 6 6 6 6 6 7 9 11 12 14 14 15 17 18 19 20 
0.600000 30.000000 2 2 4 5 5 6 7 9 10 10 11 11 11 12 13 13 18 18 18 18 21 
0.500000 39.000000 1 2 2 4 5 6 8 8 9 9 10 10 11 12 12 13 13 13 17 17 18 
0.400000 29.000000 1 3 3 7 8 10 10 10 11 12 13 14 14 15 16 16 17 19 19 19 20 
0.700000 54.000000 1 2 4 5 6 6 8 9 11 11 11 12 13 13 13 16 18 19 19 20 21 
0.400000 40.000000 1 1 3 3 4 5 8 8 8 8 9 9 10 12 15 16 17 17 19 19 21 
0.500000 40.000000 1 3 5 6 7 8 9 9 12 12 15 15 16 16 16 16 17 18 19 19 21 
0.600000 24.000000 1 1 4 4 5 7 9 9 9 9 10 11 11 11 13 13 17 18 20 20 21 
0.600000 46.000000 1 2 2 3 5 6 6 7 8 8 9 9 12 13 15 16 17 18 18 19 20 
0.400000 36.000000 1 1 2 3 4 5 5 6 7 13 13 14 15 15 16 17 17 18 19 20 21 
0.400000 31.000000 1 1 2 3 4 4 5 5 7 7 7 8 11 12 14 15 16 19 19 20 21 
0.500000 23.000000 1 2 4 4 7 8 8 8 9 9 10 12 14 14 14 16 18 18 19 21 21 
0.500000 23.000000 1 4 5 5 5 7 7 7 9 9 10 10 10 11 12 12 13 14 17 20 20 
0.700000 16.000000 1 2 4 5 6 7 7 9 9 9 11 14 14 16 16 16 17 18 18 19 20 
0.600000 20.000000 2 2 7 7 7 7 8 9 9 9 10 11 12 12 14 16 16 17 18 19 20 
0.400000 33.000000 1 2 2 3 4 4 5 8 9 9 10 10 11 11 13 14 15 17 17 18 19 
0.500000 41.000000 2 3 3 3 3 4 5 5 5 8 8 9 10 11 12 14 15 17 18 18 19 
0.500000 38.000000 2 2 3 3 4 6 6 7 9 10 12 13 13 14 15 16 17 18 19 20 21 
0.500000 38.000000 1 3 3 4 5 6 7 11 11 12 13 14 15 16 16 16 17 18 20 20 21 
0.400000 42.000000 2 2 2 3 5 6 8 10 12 12 12 13 13 13 14 15 16 17 20 20 21 
0.400000 40.000000 1 4 5 7 8 8 8 9 9 10 11 12 12 12 13 13 15 15 16 18 20 
0.300000 36.000000 1 1 2 3 4 4 4 5 6 7 8 8 9 10 13 14 15 15 17 17 20 
0.500000 42.000000 1 1 3 3 4 4 5 5 5 5 9 9 10 11 12 15 15 18 19 19 21 
0.400000 41.000000 1 2 4 5 5 5 5 7 8 8 9 10 12 12 13 15 16 17 19 19 21 
0.400000 39.000000 1 3 4 4 4 6 6 6 9 10 10 11 11 11 15 15 17 17 20 21 21 
0.400000 33.000000 1 1 2 3 4 5 5 7 9 10 11 11 13 15 16 17 19 20 20 20 21 
0.500000 27.000000 1 2 2 3 5 7 7 9 9 10 13 14 16 16 17 19 19 19 19 19 21 
0.500000 43.000000 1 1 2 2 3 4 4 5 5 5 5 6 9 9 9 10 12 12 16 19 20 
0.400000 30.000000 2 3 4 5 7 7 10 11 14 14 15 15 15 15 16 18 18 19 20 20 21 
0.400000 34.000000 2 3 3 6 8 8 9 9 10 14 14 15 16 16 17 17 18 19 19 20 21 
0.400000 39.000000 2 2 3 3 6 8 10 12 13 13 14 15 15 16 16 17 19 20 20 20 21 
0.600000 15.000000 1 4 7 7 8 8 11 12 13 14 14 14 16 16 16 17 17 18 20 21 21 
0.400000 50.000000 1 1 2 4 6 6 8 8 8 9 11 13 14 15 15 16 19 20 20 20 20 
0.600000 23.000000 1 7 7 7 8 8 10 11 11 12 13 13 13 16 18 18 18 19 20 21 21 
0.500000 44.000000 1 3 4 4 5 6 7 8 8 9 11 11 15 15 15 15 16 18 18 18 19 
0.500000 42.000000 3 4 4 5 5 6 6 7 7 7 8 8 8 13 15 17 18 18 19 21 21 
0.500000 22.000000 1 1 4 5 7 8 8 9 10 11 14 14 15 16 16 17 18 19 20 20 21 
0.600000 22.000000 1 2 2 2 4 7 8 9 10 10 10 10 12 13 14 14 17 18 18 20 21 
0.500000 35.000000 5 5 5 5 6 6 7 9 9 10 11 12 13 14 15 17 17 18 18 19 21 
0.500000 39.000000 1 4 5 6 6 7 9 9 11 12 13 13 13 13 13 15 17 18 18 19 21 
0.400000 36.000000 1 1 3 3 3 4 4 5 6 7 9 10 10 11 12 14 15 15 19 19 20 
0.400000 33.000000 1 2 2 2 3 4 9 10 10 11 11 12 13 14 15 15 17 17 17 19 21 
0.400000 38.000000 3 3 3 4 5 5 5 5 6 8 9 10 10 11 14 15 17 18 19 19 20 
0.500000 35.000000 1 2 3 5 5 6 7 8 9 9 12 13 14 16 17 17 18 18 20 21 21 
0.500000 33.000000 2 2 3 4 4 6 7 9 9 10 11 11 13 14 15 16 17 18 19 20 21 
0.500000 31.000000 1 5 6 7 8 9 9 10 11 12 15 16 16 16 17 17 19 19 20 21 21 
0.500000 28.000000 1 1 1 2 4 5 5 5 6 7 7 8 9 9 12 13 14 17 17 17 18 
0.600000 45.000000 1 2 2 3 3 4 4 5 5 8 8 9 12 13 13 16 16 17 18 18 21 
0.400000 37.000000 1 2 3 5 6 7 8 8 10 11 12 13 14 15 15 18 19 20 20 20 21 
0.500000 29.000000 1 2 2 3 4 4 6 6 7 9 10 10 14 14 15 16 17 17 18 18 21 
0.400000 34.000000 2 4 4 4 6 7 7 8 9 10 10 11 12 13 13 13 15 15 17 20 21 
0.500000 32.000000 2 2 2 4 5 6 6 7 7 9 10 10 12 13 15 16 16 18 19 19 20 
0.400000 36.000000 2 3 3 4 6 7 8 8 10 10 12 13 13 14 15 16 17 20 20 20 21 
0.600000 50.000000 1 2 3 5 5 8 8 8 11 11 12 12 13 16 16 17 17 19 20 21 21 
0.400000 43.000000 1 4 4 5 6 7 7 8 8 11 11 12 13 13 13 13 15 16 17 19 19 
0.400000 36.000000 1 3 7 8 8 8 8 8 10 11 12 12 13 14 16 16 17 17 17 19 21 
0.500000 43.000000 1 2 3 3 4 5 10 11 12 12 13 13 13 15 15 15 16 16 17 18 19 
0.600000 26.000000 1 1 1 2 2 2 3 6 7 7 9 9 9 10 12 14 17 18 18 19 20 
0.400000 31.000000 1 3 3 5 7 7 10 10 10 11 11 12 15 15 16 17 17 17 19 20 21 
0.500000 27.000000 1 4 5 5 8 10 10 10 11 11 13 13 13 14 17 18 20 20 20 21 21 
0.400000 38.000000 1 3 3 4 5 5 6 6 7 9 10 11 12 12 12 14 15 15 16 17 18 
0.500000 34.000000 1 1 1 2 3 4 5 9 11 12 13 13 13 14 16 16 18 19 20 20 21 
0.500000 41.000000 1 3 3 3 3 4 4 8 10 11 11 12 13 15 15 16 18 19 20 21 21 
0.400000 31.000000 3 3 4 6 7 7 8 9 9 10 13 14 15 17 17 17 17 20 21 21 21 
0.400000 37.000000 1 2 3 4 8 10 10 11 12 12 13 14 15 15 15 17 19 20 21 21 21 
0.500000 40.000000 2 2 3 3 4 4 6 6 7 7 8 9 10 12 12 13 15 18 20 21 21 
0.500000 39.000000 2 2 2 3 4 6 6 8 11 11 14 14 16 18 18 19 20 20 21 21 21 
0.600000 30.000000 1 1 2 3 4 6 6 7 7 9 9 10 11 13 13 18 18 18 20 20 21 
0.500000 32.000000 3 3 7 8 10 11 12 13 13 13 14 16 16 18 18 19 20 20 21 21 21 
0.400000 38.000000 1 2 3 3 4 6 7 7 7 8 8 8 9 12 13 15 15 17 18 19 19 
0.500000 26.000000 1 1 4 8 8 8 9 9 10 10 10 11 13 13 14 16 17 18 18 19 20 
0.400000 41.000000 1 1 2 2 3 3 4 4 4 5 5 7 8 8 9 10 11 12 15 20 20 
0.500000 42.000000 1 1 2 3 5 7 11 11 12 12 13 13 15 15 16 16 17 19 19 19 21 
0.500000 46.000000 2 4 5 5 6 7 8 8 9 12 14 15 15 16 16 17 18 20 20 21 21 
0.400000 37.000000 1 2 3 6 6 6 7 8 8 10 10 11 12 13 13 17 17 19 19 20 21 
0.500000 33.000000 1 1 2 4 5 6 10 10 11 13 13 15 15 16 16 16 17 18 20 20 20 
0.500000 22.000000 1 2 4 5 6 7 7 7 7 7 8 9 9 11 12 13 13 17 18 19 20 
0.400000 37.000000 1 2 2 3 3 4 4 4 5 9 9 10 10 11 11 12 15 16 17 19 21 
0.400000 40.000000 1 1 1 2 2 3 4 4 5 6 8 13 13 13 14 16 16 17 17 19 20 
0.400000 37.000000 1 3 3 4 5 6 6 7 9 10 11 11 12 12 12 14 15 16 17 20 21 
0.500000 43.000000 1 2 2 2 3 4 4 5 7 11 11 12 13 15 15 16 16 17 18 19 21 
0.500000 43.000000 3 3 3 4 4 5 5 5 5 6 6 8 10 11 13 14 16 18 19 19 20 
0.400000 27.000000 2 6 7 8 8 10 11 12 12 12 13 14 14 14 14 15 16 17 19 19 21 
0.500000 25.000000 1 2 6 7 7 7 8 9 9 13 13 15 15 16 18 19 19 19 20 20 21 
0.400000 32.000000 1 1 4 5 7 8 8 9 9 12 12 13 14 15 16 16 17 17 19 21 21 
0.500000 41.000000 1 3 5 6 6 7 8 9 12 13 14 15 15 16 16 17 17 18 20 20 21 
0.700000 17.000000 1 7 7 7 7 8 9 11 12 13 13 16 16 16 16 17 18 19 19 20 21 
0.500000 33.000000 1 2 5 8 8 8 9 10 10 11 11 12 16 17 18 18 20 20 21 21 21 
0.400000 31.000000 1 2 2 4 5 5 6 6 7 7 7 12 12 13 14 17 17 20 21 21 21 
0.500000 30.000000 1 3 4 6 8 9 9 9 10 10 11 12 13 14 16 16 18 19 20 20 21 
0.500000 39.000000 1 3 6 7 8 8 10 10 11 11 11 12 15 15 15 15 17 18 18 19 19 
0.400000 36.000000 1 4 6 6 7 8 9 9 10 10 11 12 12 15 15 15 16 17 20 20 21 
0.500000 43.000000 1 4 4 4 8 8 8 8 9 9 9 10 13 13 15 15 16 16 17 18 18 
0.400000 29.000000 1 2 3 6 6 6 7 7 9 10 12 14 14 15 16 16 17 17 17 19 20 
0.600000 26.000000 1 2 3 5 7 7 8 9 9 9 10 11 14 15 16 17 18 18 18 20 20 
0.500000 24.000000 1 1 1 2 2 3 4 4 7 7 8 10 12 13 14 14 16 16 17 17 18 
0.600000 50.000000 1 2 4 4 5 5 5 6 7 8 8 9 11 12 12 13 16 17 18 21 21 
0.500000 25.000000 1 1 3 4 4 7 8 9 10 10 10 11 12 14 14 16 16 17 18 19 21 
0.500000 26.000000 1 1 5 5 5 5 7 11 12 14 14 15 16 18 19 19 20 20 21 21 21 
0.500000 32.000000 1 1 3 4 4 5 5 7 8 9 10 10 15 16 18 18 19 20 21 21 21 
0.500000 27.000000 2 2 6 6 7 8 9 10 10 12 14 14 15 16 17 17 18 18 18 21 21 
0.700000 53.000000 1 5 6 8 8 8 9 9 12 12 13 13 13 15 16 16 17 18 18 19 21 
0.500000 34.000000 2 5 6 8 8 8 9 10 10 10 13 15 16 17 17 18 18 19 20 21 21 
0.500000 36.000000 1 2 3 4 5 5 5 6 10 10 10 12 12 13 15 15 16 18 18 18 21 
0.400000 37.000000 1 1 2 3 4 5 5 7 8 8 9 10 11 12 15 19 19 20 20 21 21 
0.400000 36.000000 1 2 3 4 4 6 8 9 10 10 11 12 13 14 14 15 15 15 17 18 19 
0.600000 31.000000 2 2 5 5 7 9 9 9 10 11 11 11 12 13 17 18 19 19 19 21 21 
0.700000 57.000000 1 1 2 2 6 6 8 8 9 12 12 12 13 13 13 15 16 16 18 19 20 
0.400000 21.000000 1 4 4 5 5 5 7 7 7 7 8 9 11 14 14 16 17 19 19 20 21 
0.400000 37.000000 1 1 3 3 3 4 5 6 6 7 8 8 10 10 12 12 13 14 17 20 20 
0.400000 38.000000 2 2 2 3 3 3 3 3 4 6 7 7 10 12 12 12 14 15 16 19 20 
0.400000 38.000000 1 3 5 6 6 7 8 8 9 10 12 13 15 16 16 19 19 19 19 20 21 
0.400000 32.000000 2 3 4 4 5 6 6 7 10 10 11 13 14 14 15 16 19 20 20 20 21 
0.400000 35.000000 1 1 2 2 2 2 3 5 5 6 7 7 9 12 14 15 17 17 19 20 20 
0.400000 41.000000 1 2 2 2 3 3 4 4 4 5 8 9 9 9 9 12 13 13 14 19 20 
0.400000 38.000000 3 3 3 4 5 5 6 8 11 11 12 13 14 14 14 16 16 17 17 19 19 
0.500000 25.000000 1 2 3 5 6 6 7 7 10 11 12 14 14 14 16 17 17 18 20 20 21 
0.400000 34.000000 1 2 2 2 3 3 4 6 6 7 8 10 11 11 14 14 17 18 19 19 20 
0.500000 29.000000 1 1 1 3 5 6 9 9 10 11 12 13 13 14 14 15 17 18 19 20 20 
0.400000 34.000000 1 1 1 3 3 4 4 5 5 6 7 7 11 12 13 14 16 16 17 19 20 
0.500000 29.000000 1 3 6 10 11 11 12 13 14 14 15 16 16 17 17 18 19 19 21 21 21 
0.600000 49.000000 1 2 2 3 4 4 5 8 8 11 11 11 13 16 19 20 20 20 21 21 21 
0.400000 34.000000 3 3 4 4 5 5 7 7 7 9 10 11 11 13 15 15 15 17 17 19 20 
0.400000 37.000000 3 6 6 6 9 9 10 12 13 13 14 14 15 15 16 19 20 20 20 20 21 
0.600000 38.000000 1 1 3 6 6 6 8 9 9 9 9 10 12 13 15 16 18 18 18 19 20 
0.500000 39.000000 2 2 2 3 4 5 6 8 10 10 12 13 14 15 15 16 18 18 19 20 21 
0.600000 39.000000 3 4 5 6 6 9 9 9 10 11 11 11 11 12 12 13 16 18 18 19 21 
0.400000 37.000000 2 3 3 4 7 7 8 12 12 13 13 13 14 15 15 15 16 17 18 20 21 
0.600000 57.000000 1 2 2 6 6 8 9 12 12 12 13 13 13 14 15 15 15 15 17 18 19 
0.400000 34.000000 1 2 3 4 5 5 7 8 9 10 11 12 14 15 15 16 16 17 17 18 20 
0.400000 29.000000 3 4 4 6 7 7 8 9 10 11 12 14 14 14 15 15 16 16 17 18 19 
0.500000 41.000000 1 2 2 3 4 5 8 8 8 9 9 13 13 14 16 16 18 18 19 19 20 
0.400000 33.000000 2 3 5 6 7 10 10 11 12 13 13 14 15 15 17 17 18 20 20 21 21 
0.500000 32.000000 1 1 3 4 4 5 5 6 7 7 9 10 15 16 17 18 19 19 21 21 21 
0.400000 32.000000 3 3 4 5 7 7 8 10 10 12 13 13 13 14 15 17 17 18 19 21 21 
0.400000 41.000000 1 1 1 1 4 4 5 5 6 7 8 8 8 9 10 11 12 13 20 20 20 
0.400000 32.000000 1 1 4 5 5 8 9 10 11 11 13 14 15 15 16 16 17 18 19 20 20 
0.500000 22.000000 6 7 7 9 9 10 10 10 10 10 11 12 12 14 14 15 15 17 20 20 20 
0.400000 30.000000 3 4 5 6 7 8 9 9 11 11 12 14 14 14 16 17 17 19 19 21 21 
0.600000 16.000000 1 4 7 7 8 9 9 10 11 11 12 12 13 14 14 14 16 17 17 19 21 
0.600000 45.000000 1 2 3 3 3 5 6 9 11 11 11 12 13 13 15 16 17 18 19 19 20 
0.600000 47.000000 2 2 3 5 6 7 8 12 12 13 15 15 16 16 17 18 19 19 21 21 21 
0.500000 29.000000 3 4 4 5 7 9 10 10 10 11 11 11 12 13 14 15 18 19 20 21 21 
0.500000 21.000000 1 2 4 7 7 8 10 11 11 12 13 14 15 16 16 17 20 20 20 21 21 
0.500000 34.000000 1 1 1 2 3 4 4 5 5 9 10 12 13 14 15 16 17 17 18 21 21 
0.500000 21.000000 1 2 4 5 5 5 7 7 8 11 14 14 14 15 16 16 17 17 17 18 18 
0.500000 40.000000 1 1 2 2 2 3 3 4 4 5 5 9 10 12 13 14 15 17 18 20 21 
0.500000 26.000000 1 1 1 4 6 10 10 11 11 12 13 14 15 15 16 16 16 17 18 19 20 
0.600000 42.000000 1 1 2 2 3 3 3 3 4 5 6 7 11 11 15 15 18 18 18 18 19 
0.500000 44.000000 2 2 3 3 3 4 5 6 7 8 8 11 14 15 15 16 17 17 17 18 19 
0.400000 34.000000 2 2 2 3 3 4 6 8 8 9 10 11 11 14 14 14 17 17 18 18 19 
0.300000 39.000000 1 2 3 4 4 4 8 8 8 10 13 13 14 15 15 15 16 16 17 17 19 
0.500000 33.000000 2 2 2 3 3 4 7 9 10 10 11 12 12 14 15 16 16 18 18 18 21 
0.500000 42.000000 1 3 3 3 4 4 5 6 9 11 11 12 14 15 16 16 16 17 19 20 21 
0.400000 42.000000 2 2 2 3 4 6 8 10 11 12 13 13 14 15 15 16 17 19 19 19 21 
0.500000 43.000000 1 2 3 5 5 5 6 6 8 8 9 10 11 12 17 18 19 19 20 21 21 
0.400000 39.000000 1 1 2 2 4 8 11 11 12 14 14 15 15 15 15 16 17 18 19 20 21 
0.500000 52.000000 2 3 4 4 5 6 6 8 8 13 14 15 15 15 15 15 17 18 19 19 21 
0.400000 37.000000 2 3 3 4 4 5 6 8 10 10 12 14 15 16 16 16 17 17 19 21 21 
0.400000 26.000000 1 3 5 7 7 7 11 12 13 13 14 14 15 15 16 16 17 18 20 20 20 
0.500000 35.000000 1 1 2 3 4 5 6 6 9 10 12 13 13 14 15 18 18 18 18 21 21 
0.400000 43.000000 1 2 4 5 5 5 5 7 7 8 8 9 9 12 12 15 15 17 17 20 21 
0.500000 34.000000 1 2 3 3 4 5 5 7 7 7 9 9 11 13 18 19 19 19 20 21 21 
0.400000 37.000000 3 4 5 5 5 7 8 8 9 10 12 12 13 14 15 16 17 18 19 21 21 
0.500000 43.000000 1 1 2 3 3 4 5 5 8 8 11 12 13 13 14 15 17 18 18 20 21 
0.400000 34.000000 1 3 4 4 8 10 10 12 12 13 14 15 15 16 16 16 16 16 19 20 21 
0.500000 30.000000 1 1 3 4 5 6 6 7 7 7 7 9 11 12 15 17 18 19 20 21 21 
0.500000 33.000000 1 3 3 4 6 6 7 7 7 10 13 13 13 15 16 16 17 17 17 18 20 
0.400000 35.000000 3 4 5 5 5 6 7 8 8 10 12 12 13 14 14 14 16 17 18 19 21 
0.400000 42.000000 1 2 2 2 5 7 8 8 11 12 13 14 15 15 16 17 19 20 20 20 21 
0.400000 29.000000 1 1 4 5 6 7 7 8 10 12 13 14 15 15 16 18 19 20 20 21 21 
0.500000 47.000000 1 2 2 2 2 4 4 4 5 5 8 8 8 9 9 10 13 17 18 20 21 
0.400000 35.000000 1 1 1 2 3 5 5 6 7 8 12 12 14 14 15 17 18 20 20 21 21 
0.500000 24.000000 1 2 4 5 6 7 7 9 10 10 11 12 12 13 14 14 15 16 18 18 20 
0.500000 22.000000 1 1 3 9 9 9 11 11 14 14 14 16 16 17 19 19 20 20 20 21 21 
0.500000 29.000000 1 2 4 5 5 6 6 9 9 9 10 10 11 12 12 14 14 18 19 20 21 
0.500000 45.000000 2 2 2 3 3 4 5 5 6 8 9 11 13 14 15 16 18 19 19 19 20 
0.500000 31.000000 1 3 4 5 5 6 10 13 13 14 14 16 16 17 18 19 19 20 21 21 21 
0.500000 31.000000 1 1 1 2 3 3 4 5 7 8 10 10 11 12 12 12 14 14 16 18 18 
0.500000 33.000000 1 1 3 4 6 6 8 9 10 10 10 10 12 15 15 16 18 19 19 20 21 
0.500000 33.000000 2 4 4 5 7 7 8 8 11 11 13 13 14 15 15 16 18 18 18 19 21 
0.400000 41.000000 2 2 4 4 6 7 7 8 8 9 9 11 12 13 13 13 13 19 19 20 21 
0.500000 21.000000 1 1 7 8 9 12 12 13 14 14 15 16 19 19 19 20 21 21 21 21 21 
0.400000 32.000000 1 4 5 5 7 8 8 10 11 12 13 14 15 16 16 16 17 18 19 20 21 
0.600000 42.000000 1 2 2 3 3 4 5 6 9 10 11 12 12 12 15 16 16 16 17 18 21 
0.500000 35.000000 1 2 3 4 6 7 8 8 9 10 10 11 12 13 15 16 17 17 18 20 21 
0.400000 30.000000 1 2 3 5 5 7 8 9 10 10 10 11 11 12 14 16 17 17 17 19 19 
0.500000 40.000000 1 3 4 5 5 6 8 8 9 10 11 12 13 16 17 18 19 20 21 21 21 
0.500000 33.000000 1 2 2 3 4 5 5 7 9 9 9 10 11 12 12 12 13 14 16 17 18 
0.600000 45.000000 2 2 2 2 6 6 6 6 7 8 9 11 13 16 17 17 18 18 18 19 21 
0.500000 44.000000 2 2 2 3 4 5 6 6 9 9 11 13 14 15 16 17 18 19 20 20 21 
0.400000 34.000000 1 1 1 3 5 6 10 11 12 12 13 13 14 15 16 17 17 20 20 21 21 
0.500000 43.000000 1 2 3 3 4 5 5 7 8 8 8 12 12 12 14 16 16 18 20 21 21 
0.400000 28.000000 1 6 7 8 9 9 9 10 12 13 14 14 15 15 15 17 18 19 19 20 21 
0.400000 42.000000 1 2 5 5 6 6 6 7 8 8 9 10 11 12 15 17 17 17 19 20 21 
0.500000 42.000000 2 2 3 3 3 4 4 8 8 10 10 11 12 13 13 15 15 16 17 18 19 
0.500000 27.000000 1 2 2 4 5 5 7 9 9 11 12 12 13 13 14 14 16 16 18 18 19 
0.500000 21.000000 3 4 7 7 9 9 10 11 12 13 13 14 14 14 14 15 17 18 20 20 21 
0.500000 32.000000 1 6 7 7 8 8 11 11 12 13 13 15 16 16 16 16 17 18 20 20 20 
0.500000 39.000000 1 2 3 4 5 9 11 11 13 13 13 14 15 15 16 16 18 18 19 20 20 
0.500000 35.000000 1 2 2 3 3 3 6 7 7 7 8 9 11 13 16 17 17 18 18 19 19 
0.500000 42.000000 3 3 4 4 5 5 6 6 8 8 9 9 10 11 13 16 17 18 20 20 21 
0.500000 33.000000 1 1 2 5 6 9 9 11 12 13 13 14 15 16 17 17 18 20 20 21 21 
0.400000 29.000000 4 5 7 7 8 8 9 9 9 10 11 12 13 14 15 15 16 17 18 19 20 
0.500000 41.000000 2 2 3 3 5 5 6 7 8 9 10 11 12 13 19 19 19 20 20 21 21 
0.500000 29.000000 3 4 5 7 8 9 9 10 11 12 12 13 14 14 16 16 18 19 20 21 21 
0.400000 33.000000 1 2 2 4 5 6 7 8 8 8 10 10 11 12 12 13 14 14 17 18 19 
0.500000 39.000000 2 3 3 4 5 5 6 10 10 10 11 11 11 12 12 12 13 15 16 18 20 
0.600000 43.000000 2 2 3 3 5 7 11 12 13 13 13 15 16 16 17 18 19 19 19 21 21 
0.400000 27.000000 2 4 4 7 8 8 9 9 9 10 12 12 13 14 14 14 15 16 19 19 21 
0.400000 28.000000 1 3 4 5 7 9 10 11 11 12 12 13 14 14 14 15 16 19 20 20 21 
0.500000 30.000000 2 3 4 5 7 7 7 10 15 15 16 16 16 16 17 18 18 19 19 21 21 
0.500000 36.000000 1 3 3 5 6 9 10 10 12 12 13 13 13 15 18 18 19 20 21 21 21 
0.600000 28.000000 1 2 3 7 9 9 11 11 12 13 13 13 14 16 16 17 18 18 19 19 21 
0.400000 39.000000 1 2 2 3 3 4 6 8 9 11 13 14 15 16 16 17 19 19 19 20 21 
0.400000 34.000000 2 3 4 4 5 6 7 8 8 10 10 10 12 13 14 15 16 18 19 20 21 
0.500000 41.000000 1 2 2 3 3 5 5 6 6 10 11 11 12 13 13 16 17 18 19 19 20 
0.600000 44.000000 1 1 1 2 2 3 4 4 4 6 6 9 13 13 16 18 19 20 21 21 21 
0.500000 41.000000 2 3 3 3 5 5 6 7 7 8 8 8 9 10 15 17 17 18 19 19 20 
0.500000 28.000000 3 3 7 9 10 10 10 10 10 10 12 13 14 15 16 17 18 19 19 20 21 
0.500000 40.000000 1 1 1 3 3 5 6 6 7 7 8 8 12 12 13 17 18 20 20 21 21 
0.500000 46.000000 1 1 2 2 4 5 5 6 6 6 6 8 12 12 14 14 16 17 18 18 21 
0.400000 38.000000 2 3 3 4 6 6 8 9 10 10 12 13 14 15 15 16 16 17 17 17 19 
0.500000 22.000000 4 6 7 7 7 8 8 9 10 10 10 11 11 12 14 14 17 18 19 20 21 
0.600000 21.000000 1 1 2 6 7 7 7 9 9 9 13 13 15 16 16 17 17 17 18 18 19 
0.500000 39.000000 1 2 3 4 6 6 9 10 11 11 11 13 15 15 16 17 18 18 20 20 21 
0.500000 35.000000 1 1 3 4 5 5 5 6 7 7 7 8 10 12 12 15 16 18 19 20 21 
0.400000 37.000000 1 1 3 3 3 5 6 7 7 8 10 10 11 12 12 12 12 15 15 19 19 
0.600000 22.000000 1 1 4 4 5 6 7 7 9 10 10 11 12 13 14 15 16 16 17 18 18 
0.500000 37.000000 1 2 2 2 3 4 4 5 6 7 8 9 10 12 12 14 16 16 18 19 21 
0.500000 39.000000 1 2 3 3 4 5 8 10 11 11 13 15 16 16 16 16 18 19 19 20 20 
0.500000 22.000000 1 2 2 4 4 5 7 7 7 7 10 11 11 11 16 17 17 19 20 21 21 
0.400000 30.000000 1 1 2 3 4 4 6 7 8 10 12 14 14 14 15 16 16 18 19 20 21 
0.400000 41.000000 1 2 4 6 6 6 6 6 7 8 10 12 13 13 14 14 17 19 19 20 21 
0.500000 33.000000 1 3 3 3 4 6 8 9 9 10 10 10 10 10 12 12 13 17 18 18 21 
0.400000 34.000000 1 3 3 4 5 6 6 8 10 10 12 13 14 14 14 15 17 18 19 20 21 
0.400000 34.000000 1 1 1 2 2 3 4 4 5 7 7 8 9 10 12 13 13 15 19 19 20 
0.500000 35.000000 2 3 4 4 5 6 7 9 10 10 11 11 11 11 12 12 16 19 20 21 21 
0.500000 40.000000 1 2 4 5 5 5 7 8 8 8 9 9 9 11 13 16 17 18 18 19 20 
0.400000 31.000000 6 6 6 7 7 7 7 8 8 8 10 11 11 12 15 16 17 18 19 20 20 
0.400000 33.000000 1 3 4 4 4 5 7 7 8 10 11 11 12 12 13 13 14 15 16 16 17 
0.400000 24.000000 1 2 2 4 5 5 7 7 8 8 9 10 12 14 14 14 16 17 19 20 20 
0.600000 43.000000 2 3 3 5 5 9 9 9 11 12 13 15 16 16 17 18 19 20 20 21 21 
0.300000 38.000000 1 2 4 4 4 5 5 7 8 8 11 11 11 14 14 15 15 19 20 20 21 
0.500000 36.000000 3 5 5 5 7 8 8 9 9 9 12 13 14 16 18 18 19 19 19 21 21 
0.600000 50.000000 1 2 2 5 5 6 7 8 9 11 12 12 13 13 15 16 16 18 20 20 20 
0.400000 38.000000 1 2 4 6 6 7 7 8 9 9 9 11 11 12 12 12 13 14 15 20 20 
0.500000 35.000000 1 1 2 3 4 5 5 5 5 7 8 8 9 10 14 17 18 18 20 20 21 
0.400000 40.000000 1 1 2 3 4 4 6 8 8 9 9 10 11 11 12 12 14 15 15 18 19 
0.500000 44.000000 2 2 3 4 4 5 6 6 6 9 9 10 11 12 13 15 16 18 19 20 21 
0.700000 16.000000 1 1 2 4 5 7 7 7 9 9 12 14 16 16 17 17 19 20 21 21 21 
0.400000 41.000000 1 2 2 2 3 3 3 4 6 8 9 10 12 12 12 14 15 15 19 20 21 
0.500000 38.000000 1 3 3 4 5 5 5 7 8 9 10 12 12 12 13 13 14 16 16 18 19 
0.500000 41.000000 2 3 3 3 3 4 5 5 5 8 11 14 16 16 16 17 18 19 19 20 21 
0.500000 36.000000 2 2 3 4 5 5 9 9 9 9 11 11 14 16 18 19 20 20 20 21 21 
0.400000 38.000000 1 1 2 4 5 6 7 8 8 10 12 12 13 13 13 16 16 17 19 19 21 
0.600000 42.000000 1 1 1 1 3 3 4 5 5 6 11 13 13 16 17 17 18 19 19 21 21 
0.500000 17.000000 1 2 2 4 4 5 7 7 7 7 7 9 10 12 13 14 14 14 17 19 20 
0.500000 44.000000 2 5 5 5 6 7 9 9 9 11 11 12 12 12 14 15 16 17 19 20 21 
0.500000 45.000000 3 4 5 6 6 6 7 7 8 9 11 11 15 15 15 16 17 17 18 19 20 
0.400000 28.000000 1 2 2 3 4 4 7 7 10 12 14 14 15 15 16 16 16 17 19 19 21 
0.600000 36.000000 2 2 3 3 6 6 9 10 10 11 11 16 17 17 18 18 19 20 21 21 21 
0.400000 29.000000 2 2 3 6 6 7 7 7 10 11 12 13 14 14 15 16 17 18 19 20 20 
0.400000 34.000000 1 2 3 6 7 8 8 10 12 13 13 14 14 15 15 17 18 19 20 20 21 
0.500000 44.000000 2 2 3 5 6 6 8 8 8 10 11 12 13 13 13 14 17 17 18 18 19 
0.400000 34.000000 1 1 2 3 4 6 6 10 10 11 13 13 15 16 17 17 17 19 20 21 21 
0.400000 37.000000 2 2 3 6 6 8 10 11 11 11 12 12 13 13 13 14 14 17 17 18 20 
0.500000 32.000000 1 1 2 3 5 9 11 11 11 12 12 13 13 14 14 15 16 18 18 18 18 
0.400000 37.000000 1 2 3 4 5 6 7 7 8 8 8 12 13 13 14 15 16 18 18 19 20 
0.500000 28.000000 1 1 3 4 5 6 6 7 7 7 8 9 10 11 11 12 14 17 17 18 20 
0.600000 16.000000 1 1 1 1 2 7 7 7 8 9 9 9 14 15 16 17 17 18 19 20 20 
0.400000 31.000000 1 2 6 7 7 8 9 9 11 12 12 13 13 14 15 15 17 17 19 19 21 
0.400000 29.000000 2 3 4 4 5 5 7 10 11 14 14 14 15 16 16 16 17 18 19 20 21 
0.500000 32.000000 3 5 7 8 8 8 8 10 10 10 10 11 12 15 17 18 18 19 20 21 21 
0.400000 39.000000 2 2 3 4 4 4 5 5 6 7 7 8 9 9 9 9 12 14 15 17 19 
0.500000 21.000000 5 6 6 8 9 11 11 11 12 14 14 14 14 14 16 17 18 18 19 19 21 
0.400000 34.000000 1 2 5 5 6 6 7 8 10 10 10 11 12 12 13 13 19 19 20 20 21 
0.500000 42.000000 1 1 1 3 3 3 4 5 6 6 8 10 11 11 12 13 17 19 20 20 21 
0.400000 35.000000 3 3 4 6 6 7 8 8 10 10 11 11 12 13 14 16 18 19 20 20 21 
0.400000 35.000000 1 1 2 3 5 5 8 10 10 10 11 12 12 12 13 13 13 13 17 17 20 
0.400000 29.000000 1 2 4 6 6 7 7 8 10 10 12 12 13 14 16 19 19 20 21 21 21 
0.500000 27.000000 1 2 2 4 5 6 7 7 9 10 11 11 12 12 13 14 15 16 18 19 20 
0.400000 40.000000 1 1 2 4 4 4 5 5 5 6 7 8 14 14 15 15 16 18 20 20 21 
0.500000 38.000000 1 2 3 5 5 6 7 10 11 11 12 13 13 15 17 17 17 18 19 21 21 
0.400000 41.000000 2 3 3 5 6 6 8 8 11 12 13 13 14 14 15 17 17 18 19 20 21 
0.600000 49.000000 2 3 5 6 6 6 7 8 8 9 9 12 12 13 15 16 18 19 19 20 21 
0.400000 29.000000 2 4 6 8 10 11 11 11 12 14 14 14 15 16 16 16 17 18 19 20 21 
0.400000 44.000000 1 4 5 6 6 8 8 8 10 11 12 12 13 14 14 15 15 17 17 18 21 
0.500000 21.000000 1 4 4 6 7 7 8 9 9 9 10 11 14 14 15 15 18 19 19 19 21 
0.500000 37.000000 3 4 4 6 7 7 8 9 9 9 11 12 13 14 15 15 15 18 18 19 21 
0.400000 24.000000 1 2 2 5 7 8 8 10 13 13 13 14 14 14 14 17 18 19 19 20 20 
0.500000 30.000000 2 4 4 6 6 9 9 9 10 11 14 15 16 16 16 16 17 17 18 19 21 
0.500000 27.000000 1 4 6 7 8 8 9 10 11 11 11 13 14 15 17 18 19 19 20 21 21 
0.400000 31.000000 1 2 3 5 6 7 8 8 10 10 10 11 11 14 15 17 17 17 18 19 20 
0.500000 27.000000 1 3 4 4 7 7 8 10 10 10 10 11 11 13 13 16 17 19 19 19 21 
0.500000 43.000000 1 2 3 4 4 5 6 8 8 9 11 13 14 15 16 16 18 18 19 19 21 
0.500000 27.000000 1 1 2 3 4 6 7 8 10 10 11 13 13 14 14 16 17 17 18 18 20 
0.500000 40.000000 3 5 6 7 8 8 8 9 9 11 13 14 15 15 16 18 18 18 19 19 19 
0.400000 32.000000 1 1 3 6 7 9 10 13 13 13 13 13 15 15 17 17 19 19 19 20 21 
0.500000 38.000000 1 3 3 3 3 3 5 5 8 9 10 10 11 11 14 17 18 19 19 19 20 
0.500000 36.000000 2 2 3 3 4 7 9 9 10 11 12 13 15 16 17 18 19 20 21 21 21 
0.500000 27.000000 1 3 6 6 8 11 13 14 14 14 14 15 16 17 18 18 19 19 19 21 21 
0.400000 36.000000 1 3 3 3 3 3 6 7 7 8 11 12 12 14 14 16 17 19 19 20 21 
0.600000 18.000000 2 5 5 7 7 9 12 13 13 14 14 14 16 17 18 18 20 20 21 21 21 
0.400000 41.000000 1 1 1 2 2 3 5 9 11 11 12 12 12 12 13 13 13 14 15 20 20 
0.500000 31.000000 1 1 4 5 5 6 8 10 10 11 12 13 14 15 16 16 17 18 19 19 21 
0.400000 46.000000 2 2 3 4 4 6 6 8 9 11 11 11 12 13 13 14 15 17 20 20 21 
0.400000 30.000000 1 7 7 8 8 8 9 11 12 14 15 15 15 16 16 17 17 18 19 20 21 
0.400000 44.000000 1 2 2 4 5 5 5 8 8 10 11 13 14 15 15 17 17 19 20 20 21 
0.500000 43.000000 2 2 3 3 3 4 4 5 5 8 8 9 10 11 12 12 14 15 16 18 20 
0.500000 25.000000 1 4 5 6 6 7 9 9 9 12 13 14 14 15 16 17 17 18 20 21 21 
0.500000 33.000000 2 4 7 7 8 8 8 9 9 9 10 11 12 12 12 15 16 18 19 21 21 
0.400000 39.000000 1 2 2 3 6 6 7 7 8 8 8 8 9 11 12 12 14 18 19 19 20 
0.500000 36.000000 1 2 3 3 3 4 4 6 9 9 9 9 10 11 13 13 14 18 18 19 19 
0.500000 29.000000 1 2 3 4 6 7 8 10 10 11 11 11 12 12 14 14 15 17 18 18 21 
0.500000 36.000000 1 1 3 4 6 7 8 8 10 11 11 12 14 15 15 15 16 17 18 18 18 
0.400000 33.000000 1 4 4 5 6 6 7 8 9 9 9 11 12 14 14 15 16 16 17 19 20 
0.500000 43.000000 1 2 3 3 5 5 5 8 9 11 11 12 12 12 14 15 15 18 18 19 21 
0.500000 37.000000 1 2 3 3 3 4 4 5 9 11 11 12 14 14 16 16 18 19 19 21 21 
0.500000 40.000000 1 2 2 3 5 5 5 5 6 9 14 16 16 17 17 18 19 19 20 21 21 
0.500000 48.000000 2 4 5 5 6 6 6 10 11 11 12 15 15 15 16 16 16 17 18 19 20 
0.400000 22.000000 1 1 1 2 2 7 8 8 10 10 11 14 14 14 15 17 19 19 19 20 20 
0.400000 48.000000 1 2 4 6 6 8 8 8 8 11 12 12 14 14 16 16 16 17 17 19 21 
0.400000 37.000000 1 1 1 4 4 6 6 11 13 13 13 14 15 15 17 18 19 20 21 21 21 
0.400000 28.000000 1 2 3 7 8 8 9 10 12 12 13 14 14 14 15 16 17 17 19 20 21 
0.400000 32.000000 3 4 5 7 7 8 9 9 10 11 13 15 15 15 16 16 17 18 19 20 20 
0.600000 21.000000 1 1 2 2 2 2 4 7 9 10 10 14 16 16 16 16 17 18 19 20 20 
0.400000 29.000000 1 4 4 4 6 7 7 8 8 9 9 11 11 13 14 15 19 20 20 21 21 
0.400000 35.000000 2 2 2 3 4 5 6 7 7 7 8 8 10 11 15 17 17 19 19 20 21 
0.400000 37.000000 1 1 1 2 2 3 3 5 7 11 12 12 13 14 15 15 16 17 19 20 20 
0.500000 46.000000 2 3 4 4 5 5 5 6 6 9 9 11 11 12 14 16 19 20 20 21 21 
0.400000 36.000000 1 1 1 2 3 4 4 5 5 8 11 11 11 14 14 15 18 19 20 20 21 
0.600000 23.000000 5 6 7 9 9 10 10 11 11 11 13 14 15 16 16 17 17 18 18 19 20 
0.400000 30.000000 1 3 4 6 6 7 9 11 11 11 14 14 14 15 15 16 17 18 19 20 20 
0.500000 33.000000 3 5 5 6 7 8 9 9 10 11 12 12 14 16 16 17 17 18 20 21 21 
0.400000 43.000000 1 1 3 5 6 6 6 6 6 7 8 8 10 12 14 15 17 19 19 20 20 
0.500000 38.000000 3 3 4 4 5 6 7 7 9 9 11 11 12 14 15 15 17 18 20 21 21 
0.400000 32.000000 3 4 5 6 6 6 7 7 8 10 11 14 14 15 18 18 19 20 20 21 21 
0.400000 34.000000 1 2 3 3 4 5 9 9 11 12 12 12 14 14 14 14 15 16 19 20 21 
0.700000 18.000000 1 1 2 5 7 7 7 7 8 9 9 9 11 11 16 17 17 18 18 18 19 
0.500000 28.000000 1 4 4 4 5 6 6 7 7 9 10 11 12 13 14 15 16 18 19 21 21 
0.500000 32.000000 1 1 3 4 5 6 7 8 9 10 11 12 14 15 16 16 17 18 19 20 21 
0.400000 38.000000 1 1 2 3 4 5 6 7 7 10 11 12 12 12 15 15 15 16 20 20 21 
0.400000 45.000000 1 3 4 4 6 6 6 6 8 8 10 11 11 12 14 15 15 15 17 18 19 
0.500000 37.000000 1 1 3 3 4 5 7 8 9 10 11 12 13 15 17 19 19 20 21 21 21 
0.400000 33.000000 1 1 2 2 2 4 4 6 10 10 11 12 13 14 15 16 19 19 19 21 21 
0.500000 39.000000 1 2 2 2 3 4 4 4 5 6 8 9 10 10 11 13 13 17 18 20 21 
0.400000 37.000000 1 2 2 2 2 4 5 6 7 8 9 10 10 12 12 12 12 17 21 21 21 
0.400000 34.000000 2 3 3 4 4 7 7 8 8 9 10 11 12 14 15 16 17 19 19 21 21 
0.600000 45.000000 1 2 2 3 4 4 5 5 6 6 9 9 9 11 12 13 16 16 17 18 18 
0.500000 20.000000 1 1 2 7 7 8 9 10 10 10 12 12 13 14 14 14 19 20 20 20 21 
0.400000 42.000000 1 2 2 3 3 4 4 4 5 7 7 8 8 9 12 12 12 15 16 21 21 
0.400000 36.000000 1 2 3 4 5 5 9 10 11 11 12 12 12 12 13 13 14 14 16 19 21 
0.500000 26.000000 2 3 4 6 7 8 9 10 12 13 13 14 14 14 17 17 17 18 21 21 21 
0.400000 42.000000 2 3 5 5 6 8 8 9 9 10 12 12 12 12 13 14 14 15 17 20 21 
0.500000 30.000000 3 4 5 7 7 8 8 9 9 10 11 12 12 13 14 16 16 17 18 18 21 
0.400000 27.000000 1 1 4 4 5 6 7 8 9 9 10 12 13 14 14 15 17 17 20 21 21 
0.400000 39.000000 2 3 3 4 5 5 5 11 13 13 14 14 14 15 15 16 17 17 19 20 20 
0.500000 26.000000 1 3 4 7 7 8 10 10 13 14 15 16 16 16 18 19 19 19 19 21 21 
0.500000 28.000000 1 1 3 5 6 7 8 9 10 12 13 13 14 14 17 17 17 18 19 21 21 
0.400000 31.000000 1 6 7 8 10 10 11 11 12 13 15 15 15 16 16 16 17 17 17 19 20 
0.500000 47.000000 1 3 3 5 7 8 8 8 8 11 12 12 15 15 16 16 19 19 19 20 21 
0.500000 29.000000 1 1 3 6 7 8 9 10 10 13 13 13 14 15 15 17 17 18 18 19 20 
0.500000 38.000000 1 1 1 2 3 3 3 5 7 8 11 11 12 12 14 16 17 18 19 19 21 
0.500000 25.000000 1 2 6 6 7 7 8 10 10 12 13 14 15 16 16 17 17 18 19 20 21 
0.600000 15.000000 1 1 2 4 4 5 7 7 9 12 13 13 14 14 14 16 16 18 19 20 21 
0.600000 50.000000 1 2 2 2 3 4 5 6 6 7 8 11 11 12 15 15 15 17 18 18 19 
0.400000 38.000000 2 3 4 5 6 6 7 8 8 9 10 12 12 13 13 14 14 17 17 20 21 
0.500000 33.000000 1 2 3 4 5 6 6 10 10 12 13 13 14 14 15 18 18 19 20 21 21 
0.400000 30.000000 1 1 2 3 5 6 7 8 10 12 12 14 14 14 15 16 16 18 19 20 20 
0.500000 37.000000 1 1 2 3 3 4 4 4 6 7 9 10 12 15 15 16 16 16 17 18 21 
0.500000 28.000000 1 2 2 3 4 7 7 7 9 9 10 13 15 15 16 16 17 18 18 19 20 
0.500000 40.000000 1 1 1 2 2 3 3 6 7 11 11 11 11 12 12 13 16 17 17 19 20 
0.600000 51.000000 1 2 3 4 4 5 6 6 6 8 8 9 11 13 19 19 20 20 21 21 21 
0.400000 34.000000 3 4 6 8 8 8 9 10 10 10 11 12 12 12 13 13 14 14 18 20 21 
0.500000 40.000000 3 3 3 4 6 9 9 10 11 11 13 14 15 15 15 16 17 18 19 19 20 
0.500000 34.000000 1 1 2 3 3 4 6 6 7 7 8 8 9 9 10 12 14 18 18 19 20 
0.500000 28.000000 1 3 4 5 7 8 9 10 10 10 11 14 15 16 16 17 18 19 19 20 21 
0.400000 38.000000 1 4 6 7 8 8 9 9 9 9 9 12 12 12 13 13 14 15 19 20 21 
0.400000 38.000000 1 2 3 3 3 4 4 6 8 10 12 14 14 14 15 15 15 16 17 18 20 
0.400000 36.000000 2 2 2 3 4 6 8 10 10 11 13 14 15 15 16 17 17 18 19 19 21 
0.400000 35.000000 2 2 3 4 4 7 8 8 9 10 10 11 14 15 15 15 18 19 20 20 21 
0.500000 40.000000 1 3 3 5 8 8 9 10 12 15 15 16 18 19 20 20 20 21 21 21 21 
0.400000 38.000000 1 3 3 3 3 3 4 4 6 9 9 9 11 13 14 14 15 17 19 19 20 
0.400000 32.000000 3 3 3 3 3 4 7 7 7 8 10 10 11 14 14 17 18 19 19 20 21 
0.400000 35.000000 1 1 3 4 4 5 6 6 7 8 9 10 10 11 12 12 14 15 16 17 17 
0.400000 41.000000 2 2 3 4 4 5 5 6 7 9 11 11 11 14 15 15 17 19 20 20 21 
0.500000 30.000000 2 2 3 4 4 5 5 7 9 10 10 10 10 12 12 13 13 14 17 18 21 
0.400000 41.000000 2 2 3 3 4 4 4 5 5 6 6 9 10 12 13 14 16 19 20 21 21 
0.400000 35.000000 1 3 3 5 5 5 6 6 10 12 12 12 13 14 14 14 14 14 19 19 19 
0.500000 40.000000 1 2 2 3 3 4 5 5 7 8 9 10 12 13 15 15 17 18 18 20 21 
0.400000 30.000000 2 3 3 6 7 8 11 11 12 14 14 14 14 14 15 18 18 19 19 20 21 
0.500000 40.000000 1 2 3 4 6 6 6 7 8 9 11 13 14 15 15 16 18 18 18 19 19 
0.500000 31.000000 1 2 5 5 7 9 9 9 10 11 12 12 12 13 13 16 16 17 19 20 21 
0.500000 33.000000 3 3 5 8 9 10 11 12 12 13 13 14 14 16 16 18 18 18 19 21 21 
0.500000 34.000000 1 5 5 5 6 6 7 7 8 9 10 10 12 15 15 16 18 18 19 19 20 
0.500000 34.000000 1 1 3 3 4 4 5 6 7 9 10 11 13 14 15 17 18 18 19 21 21 
0.400000 36.000000 1 1 3 4 5 5 6 7 7 8 8 9 11 12 12 14 17 20 20 21 21 
0.500000 42.000000 1 1 2 3 5 5 6 7 8 8 9 11 12 14 15 18 19 19 20 20 21 
0.400000 44.000000 4 4 5 6 6 8 8 8 8 10 11 12 14 14 14 15 16 18 19 20 21 
0.500000 34.000000 1 1 3 4 5 5 6 7 8 9 9 13 13 14 14 15 18 18 19 19 20 
0.500000 25.000000 1 1 2 3 5 7 7 9 12 12 13 14 14 16 16 16 17 18 19 20 21 
0.500000 36.000000 2 2 3 3 3 4 4 5 7 7 7 8 9 13 14 15 16 18 18 18 20 
0.500000 33.000000 3 6 7 8 8 8 9 11 11 11 12 13 14 14 16 17 18 18 18 19 21 
0.500000 32.000000 1 1 2 3 4 5 6 8 8 9 10 10 10 10 11 13 18 18 19 19 20 
0.400000 38.000000 1 2 4 4 5 5 5 6 6 7 8 9 14 14 15 16 18 19 19 20 21 
0.500000 37.000000 1 3 3 3 4 5 7 9 9 9 10 11 12 12 13 15 16 16 18 19 20 
0.500000 33.000000 3 4 5 6 7 7 7 8 8 9 9 9 9 9 13 15 18 18 18 20 20 
0.400000 32.000000 1 2 2 4 5 6 8 9 10 10 11 13 14 14 15 15 19 19 20 20 20 
0.500000 35.000000 1 2 2 3 4 5 7 8 10 11 12 13 16 16 18 19 19 20 21 21 21 
0.500000 34.000000 1 1 2 2 3 4 6 7 8 11 12 12 14 14 15 16 18 18 20 21 21 
0.400000 33.000000 1 1 2 4 4 5 5 5 7 8 8 9 10 10 13 13 16 17 17 19 19 
0.600000 42.000000 1 2 3 3 4 6 6 6 6 7 9 11 11 16 16 18 18 19 19 19 21 
0.600000 49.000000 1 2 3 4 5 5 6 6 8 9 11 11 15 16 17 17 17 19 20 21 21 
0.500000 32.000000 1 2 3 5 5 7 8 9 10 11 13 14 15 18 18 18 18 19 19 21 21 
0.400000 36.000000 5 5 6 7 8 8 8 9 9 11 12 13 14 14 15 16 17 17 18 19 20 
0.500000 43.000000 2 5 5 5 6 6 8 10 10 11 12 15 15 16 16 16 17 17 18 19 20 
0.400000 39.000000 2 4 5 5 5 7 7 8 12 12 13 14 15 15 15 16 16 16 18 19 20 
0.400000 35.000000 2 3 5 5 7 8 8 9 11 11 12 14 14 15 16 17 17 18 19 20 21 
0.600000 48.000000 2 2 3 4 4 5 6 9 11 12 13 15 16 16 16 16 17 20 20 21 21 
0.400000 38.000000 1 1 1 2 3 3 3 4 4 6 8 8 9 9 14 17 17 20 20 21 21 
0.500000 23.000000 1 1 4 4 4 6 6 7 7 7 8 9 10 10 13 14 16 17 18 20 21 
0.500000 38.000000 1 1 1 2 2 3 3 4 5 7 8 9 11 12 16 16 18 19 20 20 21 
0.500000 39.000000 1 2 2 2 3 3 5 9 9 10 11 15 15 16 17 17 18 19 19 19 21 
0.400000 32.000000 1 1 4 4 5 6 7 7 8 9 10 10 11 12 12 12 13 15 20 21 21 
0.400000 40.000000 1 2 2 3 4 5 6 8 8 12 12 14 14 15 17 18 19 21 21 21 21 
0.500000 38.000000 2 3 5 5 6 8 8 10 10 10 12 13 15 17 18 19 19 19 21 21 21 
0.400000 34.000000 2 2 2 3 4 5 7 8 8 9 10 12 13 14 14 16 17 19 19 20 21 
0.400000 35.000000 1 4 4 5 6 7 8 10 11 11 12 13 13 14 15 15 16 16 18 19 20 
0.500000 25.000000 1 4 4 5 6 7 7 7 10 10 12 13 13 13 15 16 16 18 20 20 21 
0.500000 32.000000 1 1 2 4 4 6 6 7 7 9 11 15 15 16 17 17 18 19 21 21 21 
0.700000 52.000000 1 2 2 2 4 5 5 6 6 8 9 9 11 13 13 13 18 18 18 19 19 
0.500000 33.000000 1 1 3 3 5 5 7 11 13 13 14 14 15 16 17 18 18 19 20 20 21 
0.500000 46.000000 1 2 3 3 4 6 6 7 8 8 8 8 9 11 12 15 17 18 20 20 21 
0.400000 30.000000 1 3 4 4 5 6 6 6 7 7 7 9 10 11 13 14 19 19 19 19 21 
0.500000 32.000000 2 2 3 3 5 7 7 10 10 10 11 12 15 16 16 17 17 18 19 19 21 
0.500000 34.000000 1 3 3 5 5 5 6 7 7 9 9 11 12 14 14 15 18 18 19 19 20 
0.500000 34.000000 1 2 3 3 5 5 6 9 10 10 12 13 13 14 15 16 17 18 18 18 18 
0.500000 43.000000 1 2 3 3 3 4 4 4 5 8 9 11 11 11 12 13 14 16 16 17 19 
0.500000 33.000000 1 2 3 4 6 7 9 10 11 11 11 12 12 13 14 15 16 17 18 20 21 
0.500000 35.000000 1 1 2 2 2 2 3 4 4 7 9 13 14 15 15 16 17 17 18 18 21 
0.500000 41.000000 1 2 2 3 3 4 4 4 6 6 8 9 9 9 11 11 12 14 16 18 18 
0.500000 32.000000 2 2 3 3 6 6 9 10 11 12 13 14 14 14 14 15 17 18 18 18 20 
0.600000 18.000000 1 6 9 11 11 11 12 12 12 13 13 14 14 14 16 18 19 20 21 21 21 
0.400000 38.000000 1 1 2 2 3 4 4 5 8 10 11 14 15 15 16 17 19 20 20 21 21 
0.400000 28.000000 1 2 4 7 7 8 8 9 9 9 10 11 12 13 13 13 19 19 20 20 21 
0.500000 31.000000 1 2 4 7 8 8 9 9 9 9 10 11 11 15 15 18 18 18 19 20 21 
0.500000 35.000000 1 2 3 4 5 5 6 7 9 10 13 14 15 15 16 18 18 20 20 20 21 
0.500000 29.000000 3 4 5 7 7 7 7 8 10 12 12 13 13 15 16 17 18 19 21 21 21 
0.500000 28.000000 1 1 1 3 4 5 8 9 9 10 11 11 12 14 14 16 17 17 18 19 21 
0.500000 43.000000 1 1 2 3 3 3 3 4 4 5 8 8 8 11 14 15 15 17 18 18 20 
0.500000 42.000000 1 1 1 1 2 2 3 3 4 5 6 7 8 9 9 12 12 12 13 17 20 
0.500000 47.000000 1 2 3 4 4 5 5 6 8 8 9 11 11 12 14 15 16 18 19 20 21 
0.400000 36.000000 1 2 2 3 4 4 5 6 7 8 8 9 9 10 10 11 15 18 19 19 19 
0.500000 37.000000 1 3 5 5 6 9 9 10 11 11 12 14 15 15 16 17 18 19 20 20 21 
0.400000 34.000000 1 2 3 4 5 6 8 10 10 12 13 14 14 15 16 16 19 19 20 20 21 
0.400000 39.000000 1 2 2 4 4 5 6 6 8 8 9 9 10 12 12 14 14 16 18 20 21 
0.400000 28.000000 2 3 4 8 10 11 11 12 14 14 14 14 14 15 15 15 16 18 20 20 20 
0.400000 31.000000 1 2 3 4 5 7 7 7 8 9 10 11 11 12 12 12 12 13 13 14 20 
0.400000 32.000000 3 3 3 4 5 7 7 8 10 11 11 11 13 13 14 14 17 17 19 19 20 
0.500000 34.000000 1 3 5 5 6 6 8 9 9 10 10 11 14 15 17 17 18 18 19 20 21 
0.400000 28.000000 4 4 6 7 7 7 8 8 9 10 10 11 12 13 13 14 15 15 17 17 18 
0.400000 40.000000 2 3 3 3 3 6 7 8 8 9 12 13 14 15 15 17 17 19 19 20 21 
0.500000 48.000000 4 5 6 6 6 6 7 8 8 8 8 13 13 14 18 18 19 19 20 21 21 
0.400000 36.000000 1 1 2 3 3 4 4 6 10 11 11 14 15 15 15 16 16 17 17 18 20 
0.500000 30.000000 2 2 2 5 6 7 7 8 9 10 12 13 14 15 17 18 18 18 19 21 21 
0.500000 35.000000 1 2 3 3 4 4 5 6 7 8 9 9 11 14 14 16 17 18 18 20 21 
0.600000 34.000000 2 3 3 5 6 6 6 7 7 9 9 10 10 11 12 16 17 18 18 18 20 
0.600000 43.000000 2 2 3 6 6 6 8 8 9 10 12 12 13 16 16 18 18 18 20 21 21 
0.500000 22.000000 1 4 4 6 7 8 10 10 10 11 11 12 14 14 14 15 17 18 20 21 21 
0.500000 36.000000 1 1 2 2 5 5 6 8 8 10 10 11 12 13 16 17 18 18 20 20 21 
0.600000 44.000000 2 2 3 3 4 5 5 6 7 8 9 9 11 12 16 16 17 18 19 20 21 
0.500000 34.000000 2 5 6 7 8 8 9 9 10 13 13 15 16 16 16 17 17 18 18 20 20 
0.500000 45.000000 1 2 2 5 6 8 8 9 10 11 12 13 15 16 17 17 17 19 19 21 21 
0.400000 36.000000 2 3 3 4 5 5 6 8 8 9 9 11 14 14 14 18 18 19 20 20 21 
0.500000 30.000000 1 3 3 4 5 6 7 10 11 14 14 14 15 16 18 18 19 19 19 21 21 
0.600000 50.000000 1 2 2 3 4 5 8 12 12 13 13 13 15 16 16 16 19 20 20 21 21 
0.500000 22.000000 1 1 4 4 5 7 7 7 8 9 11 11 13 14 15 15 16 17 18 18 19 
0.600000 21.000000 1 4 5 5 7 9 10 11 11 12 14 14 15 16 16 16 17 17 18 18 21 
0.400000 42.000000 1 3 3 4 5 5 6 8 8 10 11 13 13 14 15 15 17 17 17 20 20 
0.600000 25.000000 3 5 7 9 10 11 11 12 13 13 14 14 16 16 18 18 20 20 20 21 21 
0.400000 33.000000 1 1 3 4 4 4 6 9 10 10 11 11 11 14 15 15 17 19 19 21 21 
0.400000 33.000000 2 2 4 4 5 6 9 9 9 10 10 13 14 15 15 16 16 17 19 19 20 
0.500000 31.000000 1 2 5 5 6 6 7 9 10 10 12 12 12 13 14 15 16 18 18 19 21 
0.500000 37.000000 3 3 4 5 5 5 6 7 8 8 10 10 10 12 13 18 19 19 20 21 21 
0.500000 37.000000 3 4 4 4 5 5 8 9 10 11 11 11 13 14 15 16 16 18 18 20 21 
0.400000 43.000000 2 2 3 3 4 4 4 5 8 9 9 11 11 11 12 13 14 15 19 20 21 
0.500000 43.000000 1 3 4 6 8 8 10 11 11 12 12 13 15 15 16 16 16 17 17 18 21 
0.500000 29.000000 3 6 7 7 9 10 11 13 13 14 15 15 16 16 16 18 18 18 19 19 20 
0.500000 33.000000 1 3 3 4 8 9 10 10 11 11 12 13 13 14 15 16 17 18 18 19 21 
0.500000 28.000000 1 2 3 4 5 7 8 8 10 10 11 14 14 16 16 17 17 18 18 20 21 
0.500000 30.000000 1 3 4 5 5 5 7 7 7 8 9 9 10 16 16 17 17 19 19 19 21 
0.400000 25.000000 1 2 2 4 5 7 7 7 8 9 11 12 14 15 15 15 16 17 19 19 20 
0.400000 37.000000 2 5 5 6 6 7 8 9 10 11 12 12 13 14 14 15 17 19 19 20 21 
0.500000 37.000000 1 1 3 5 5 5 10 10 11 12 13 13 15 15 16 17 18 19 19 20 21 
0.500000 45.000000 1 2 3 6 7 8 11 11 12 12 13 13 15 15 15 16 18 19 19 20 21 
0.600000 47.000000 3 4 5 6 6 8 9 9 15 15 16 16 16 17 17 17 17 20 21 21 21 
0.400000 22.000000 1 1 1 4 7 7 9 9 10 11 13 14 15 15 15 15 17 17 19 19 20 
0.400000 39.000000 1 1 2 3 4 4 5 5 5 11 11 13 14 15 16 16 19 19 19 20 21 
0.400000 36.000000 2 5 5 5 8 9 9 9 9 9 10 12 12 13 14 15 17 17 19 20 21 
0.400000 30.000000 1 4 4 5 5 5 7 9 9 10 10 11 13 13 14 15 15 18 19 19 20 
0.500000 41.000000 1 2 2 3 3 3 4 5 6 6 7 9 11 13 16 17 17 17 20 20 21 
0.500000 33.000000 1 2 3 3 6 7 8 9 9 11 11 14 14 17 17 18 19 20 20 21 21 
0.400000 30.000000 1 1 2 2 2 6 6 6 9 10 10 12 13 14 14 16 17 17 17 19 20 
0.500000 46.000000 2 2 5 5 5 6 10 11 12 12 13 13 13 15 15 16 17 18 20 20 21 
0.500000 37.000000 1 1 1 2 2 3 5 8 11 11 13 14 15 16 18 18 19 19 19 20 21 
0.400000 37.000000 1 2 3 4 4 4 5 5 7 7 8 9 11 14 15 15 16 17 20 20 21 
0.500000 31.000000 1 2 3 5 6 7 8 9 10 10 10 11 11 12 12 12 14 15 17 17 18 
0.500000 28.000000 2 2 5 7 7 8 10 10 11 11 11 15 17 18 18 19 20 20 21 21 21 
0.500000 35.000000 2 2 3 5 5 5 7 7 7 8 8 9 13 16 16 17 17 18 18 20 20 
0.500000 34.000000 1 2 3 5 6 7 8 9 9 10 11 12 13 14 15 16 17 18 19 19 19 
0.400000 38.000000 3 4 5 5 6 7 7 8 8 9 10 11 11 12 15 15 15 17 17 18 19 
0.500000 35.000000 2 2 3 3 6 9 10 10 13 13 13 14 15 16 16 17 17 17 18 20 20 
0.500000 31.000000 1 3 3 6 7 8 9 10 10 10 11 11 12 14 15 16 17 17 17 18 18 
0.400000 20.000000 1 4 5 6 7 7 7 8 8 9 11 11 14 14 15 15 17 17 19 20 20 
0.500000 26.000000 2 3 4 5 7 7 9 10 10 11 11 12 13 14 14 15 18 19 19 20 21 
0.400000 39.000000 2 2 2 3 4 4 4 5 6 8 10 11 11 12 12 13 14 14 14 16 18 
0.500000 32.000000 3 3 5 6 6 9 9 9 10 10 10 11 14 17 17 18 19 20 20 21 21 
0.500000 44.000000 3 3 4 4 4 5 8 9 11 11 12 13 13 14 15 15 16 16 16 17 18 
0.400000 34.000000 1 1 3 4 4 5 6 6 7 7 7 8 8 10 12 12 14 15 17 18 21 
0.400000 42.000000 1 3 4 6 8 9 10 11 12 13 14 15 15 15 15 16 19 20 20 20 21 
0.400000 37.000000 2 2 3 4 5 6 8 9 10 10 11 12 12 13 13 14 16 17 19 20 21 
0.500000 37.000000 1 2 3 5 5 8 9 9 9 9 10 11 11 12 16 17 17 17 19 20 21 
