0.500000 45.000000 0.300000 175.000000 4 12 16 6 7 18 4 20 9 3 18 10 21 17 3 16 13 1 3 9 7 
0.400000 40.000000 0.200000 10.000000 3 10 17 9 1 21 4 10 20 1 19 21 8 11 4 2 12 18 17 5 10 
0.400000 35.000000 0.200000 10.000000 20 7 18 19 18 13 15 18 21 7 4 17 1 15 20 13 21 18 21 6 18 
0.600000 40.000000 0.200000 155.000000 10 19 19 16 16 21 9 11 3 12 12 8 19 14 18 2 15 12 4 10 19 
0.600000 10.000000 0.200000 65.000000 20 10 18 14 10 12 2 19 16 15 20 19 14 1 15 17 13 20 20 8 12 
0.500000 10.000000 0.200000 60.000000 16 19 16 15 19 19 7 8 3 8 14 7 9 12 10 9 19 19 18 20 14 
0.600000 0.000000 0.500000 65.000000 15 6 6 21 19 1 17 14 17 16 20 6 10 17 2 21 20 19 2 20 7 
0.400000 5.000000 0.300000 65.000000 21 8 7 10 4 10 14 12 5 3 1 17 16 6 21 2 21 7 18 7 12 
0.400000 15.000000 0.300000 80.000000 9 1 2 4 2 8 2 5 9 9 21 13 3 19 21 6 4 11 7 12 10 
0.500000 0.000000 0.400000 65.000000 16 17 3 13 15 10 10 6 17 15 17 17 21 14 11 21 20 13 20 1 9 
0.600000 10.000000 0.300000 75.000000 12 7 19 11 16 15 16 6 17 11 5 20 7 5 20 14 2 10 21 4 20 
0.500000 45.000000 0.200000 0.000000 5 17 20 21 13 7 18 20 18 17 21 5 3 8 7 8 10 4 20 2 20 
0.800000 30.000000 0.200000 145.000000 16 10 19 3 1 7 20 4 20 20 16 9 4 18 17 15 1 9 21 3 7 
0.700000 45.000000 0.300000 160.000000 21 2 13 20 2 18 4 18 9 17 7 18 8 4 3 19 9 11 20 1 18 
0.400000 45.000000 0.200000 10.000000 7 15 10 13 8 17 6 21 1 4 10 4 4 3 4 20 3 21 20 9 14 
0.300000 50.000000 0.200000 5.000000 11 16 6 2 9 3 9 20 3 9 6 3 21 20 15 16 9 9 3 17 18 
0.500000 15.000000 0.200000 70.000000 15 20 7 18 18 11 15 4 20 8 6 10 18 4 7 8 9 7 13 20 16 
0.400000 10.000000 0.300000 75.000000 15 21 7 20 2 13 5 21 13 11 21 7 5 7 3 12 3 21 14 19 4 
0.400000 60.000000 0.300000 5.000000 8 16 12 1 6 3 13 9 2 18 17 4 19 14 21 5 16 4 8 4 13 
0.400000 15.000000 0.300000 80.000000 18 8 15 13 10 3 4 12 2 11 1 7 19 21 8 4 7 2 21 15 13 
0.600000 55.000000 0.200000 170.000000 16 10 4 11 2 19 2 8 6 4 3 1 19 4 20 15 13 18 8 5 4 
0.400000 50.000000 0.200000 10.000000 11 17 6 8 11 16 12 18 18 21 9 17 5 20 15 20 17 9 15 12 8 
0.600000 45.000000 0.200000 160.000000 4 8 19 8 11 13 11 9 21 3 9 20 17 20 3 3 10 12 16 9 19 
0.400000 5.000000 0.300000 60.000000 8 8 11 7 7 5 11 20 4 18 16 9 15 7 5 20 18 6 11 18 17 
0.300000 10.000000 0.200000 50.000000 10 17 3 2 9 21 15 14 16 16 20 3 4 1 11 19 7 14 19 10 5 
0.700000 40.000000 0.200000 155.000000 3 17 20 12 19 8 12 7 20 20 13 10 4 16 2 4 19 13 15 21 19 
0.300000 15.000000 0.200000 55.000000 9 19 21 18 2 15 10 11 5 9 18 9 19 16 7 2 2 18 4 14 6 
0.500000 15.000000 0.300000 80.000000 13 14 4 10 2 16 13 1 12 9 13 2 19 17 4 6 6 17 9 9 17 
0.500000 40.000000 0.200000 155.000000 10 10 1 3 9 3 3 18 10 12 7 17 15 18 16 3 4 16 21 2 14 
0.700000 15.000000 0.200000 80.000000 14 20 5 2 18 19 12 12 4 19 17 20 5 7 20 21 15 15 17 1 7 
0.300000 15.000000 0.200000 55.000000 10 8 19 19 10 12 9 19 15 20 3 21 13 16 10 10 18 21 15 14 5 
0.500000 5.000000 0.300000 70.000000 11 7 4 9 14 21 20 10 8 16 14 17 8 18 15 12 15 9 7 15 18 
0.300000 10.000000 0.200000 65.000000 3 21 15 6 12 9 17 3 21 3 6 1 17 7 14 13 10 20 16 9 16 
0.500000 10.000000 0.300000 75.000000 21 10 15 20 16 21 7 7 16 10 11 4 5 6 15 4 11 4 14 12 15 
0.600000 45.000000 0.200000 160.000000 10 2 9 12 12 12 12 8 19 12 4 5 21 1 19 8 14 17 20 2 9 
0.300000 10.000000 0.200000 45.000000 7 21 12 9 11 12 3 14 14 7 12 20 13 1 17 18 16 12 8 2 1 
0.600000 10.000000 0.200000 75.000000 14 10 18 2 16 17 20 20 21 2 1 14 17 15 17 20 15 8 21 7 16 
0.500000 55.000000 0.300000 5.000000 16 17 6 21 4 5 4 10 20 13 3 20 14 18 20 8 15 6 10 18 4 
0.500000 50.000000 0.200000 175.000000 5 5 16 9 10 17 19 12 11 17 13 4 18 11 8 11 4 9 4 11 11 
0.600000 10.000000 0.300000 75.000000 13 18 2 7 11 4 3 10 20 4 7 9 15 17 16 19 2 7 14 13 20 
0.400000 5.000000 0.300000 65.000000 6 15 18 18 4 14 16 14 19 9 9 14 17 13 7 5 6 12 10 13 21 
0.500000 5.000000 0.300000 70.000000 2 19 6 7 10 16 8 17 1 7 20 18 9 16 13 14 18 20 3 6 10 
0.600000 50.000000 0.200000 165.000000 6 4 8 15 19 7 4 19 12 21 14 8 1 4 18 4 19 11 4 6 14 
0.600000 40.000000 0.200000 155.000000 1 12 10 12 18 19 5 15 15 21 20 18 16 4 2 3 20 1 14 8 20 
0.300000 30.000000 0.200000 60.000000 3 19 11 3 10 17 19 13 17 3 5 17 15 19 17 3 8 8 14 6 21 
0.700000 45.000000 0.300000 165.000000 20 12 9 3 20 1 21 9 3 18 11 10 12 10 9 19 21 4 3 2 18 
0.600000 10.000000 0.200000 45.000000 7 14 10 20 11 18 11 19 11 12 20 17 16 2 19 20 11 12 17 1 4 
0.300000 50.000000 0.200000 25.000000 4 8 4 18 5 2 17 6 14 17 1 15 20 14 13 21 3 9 3 12 19 
0.500000 50.000000 0.300000 175.000000 6 16 2 16 19 18 4 6 1 14 18 4 18 20 15 21 5 6 20 14 18 
0.400000 5.000000 0.300000 70.000000 13 5 10 19 18 9 3 7 5 18 10 11 1 17 13 8 8 21 20 14 14 
0.400000 25.000000 0.300000 90.000000 6 3 15 13 18 14 18 13 19 1 11 4 21 5 15 13 5 13 21 2 15 
0.400000 10.000000 0.200000 50.000000 6 19 2 18 19 18 17 4 16 12 12 7 11 6 16 11 16 16 10 7 15 
