0.900000 85.000000 1 1 1 2 3 4 
0.700000 87.000000 1 2 3 4 5 6 
0.500000 106.000000 2 3 3 3 4 6 
2.000000 78.000000 1 1 2 5 6 6 
1.700000 78.000000 1 2 5 5 6 6 
0.900000 83.000000 1 1 2 3 5 5 
0.500000 97.000000 2 3 4 4 6 6 
0.700000 88.000000 1 1 2 3 4 6 
1.500000 79.000000 1 2 4 4 5 6 
0.600000 91.000000 1 2 3 3 4 5 
0.600000 90.000000 1 2 3 6 6 6 
1.400000 79.000000 2 4 5 6 6 6 
0.800000 85.000000 1 1 2 3 5 6 
0.700000 85.000000 2 3 4 5 5 6 
0.500000 111.000000 2 3 3 3 3 4 
0.700000 87.000000 1 1 2 3 6 6 
0.600000 94.000000 1 1 2 3 3 4 
0.500000 104.000000 1 2 3 3 3 4 
0.700000 87.000000 1 2 3 4 5 6 
0.700000 87.000000 1 2 3 4 5 6 
0.800000 84.000000 1 2 3 5 5 6 
0.700000 85.000000 2 3 4 5 5 6 
0.700000 88.000000 1 1 2 3 4 6 
1.500000 79.000000 1 2 4 5 5 5 
1.400000 79.000000 2 4 5 5 6 6 
1.700000 79.000000 1 1 2 4 5 5 
0.900000 83.000000 1 1 2 3 5 5 
0.600000 89.000000 2 3 4 5 6 6 
0.500000 113.000000 2 3 3 3 3 3 
0.700000 86.000000 2 3 4 4 5 5 
0.600000 91.000000 1 2 3 4 6 6 
0.500000 97.000000 2 3 4 4 6 6 
0.600000 89.000000 2 3 4 4 5 6 
1.200000 80.000000 2 4 4 5 5 6 
0.700000 87.000000 1 2 3 4 4 5 
0.600000 90.000000 1 1 2 3 3 5 
0.700000 87.000000 1 2 3 4 5 6 
0.700000 87.000000 1 2 3 4 5 6 
2.000000 78.000000 1 1 2 4 5 6 
0.800000 85.000000 1 1 2 3 5 6 
0.700000 86.000000 2 3 4 4 5 5 
1.100000 81.000000 2 4 4 4 5 6 
1.500000 79.000000 1 2 4 4 5 6 
0.700000 85.000000 2 3 4 5 5 6 
1.200000 80.000000 2 4 4 5 5 6 
0.600000 91.000000 1 2 3 3 4 5 
1.500000 79.000000 1 2 4 4 5 5 
1.500000 79.000000 1 2 4 4 5 6 
0.500000 97.000000 1 2 3 3 3 5 
2.000000 78.000000 1 1 2 4 4 6 
0.500000 99.000000 1 2 3 3 4 6 
0.500000 97.000000 2 3 4 4 6 6 
0.800000 85.000000 1 1 2 3 5 6 
0.900000 82.000000 1 2 3 5 5 5 
0.600000 91.000000 1 2 3 3 4 5 
0.600000 88.000000 2 3 5 6 6 6 
0.500000 102.000000 1 2 3 3 3 6 
2.000000 78.000000 1 1 2 4 4 6 
1.200000 80.000000 2 4 4 5 5 6 
1.700000 79.000000 1 1 2 5 5 5 
1.600000 78.000000 2 5 6 6 6 6 
0.600000 90.000000 1 1 2 3 3 5 
0.800000 84.000000 1 2 3 5 5 6 
0.500000 99.000000 1 2 3 3 4 6 
0.700000 87.000000 1 2 3 4 5 6 
0.700000 85.000000 2 3 4 5 5 6 
0.600000 89.000000 2 3 4 4 5 6 
0.600000 89.000000 2 3 4 4 5 6 
0.400000 110.000000 2 3 3 4 6 6 
1.500000 79.000000 1 2 4 4 5 6 
1.500000 79.000000 1 2 4 5 5 6 
0.600000 89.000000 2 3 4 4 5 6 
1.700000 79.000000 1 1 2 4 4 4 
0.500000 99.000000 1 2 3 3 4 6 
0.600000 91.000000 1 2 3 3 4 5 
0.700000 87.000000 1 1 2 3 6 6 
0.600000 93.000000 1 2 3 4 4 4 
2.000000 78.000000 1 1 2 4 5 6 
0.500000 109.000000 2 3 3 3 4 4 
0.500000 95.000000 2 3 3 4 5 6 
2.100000 78.000000 1 1 2 4 6 6 
2.000000 78.000000 1 1 2 5 6 6 
0.500000 99.000000 1 2 3 3 4 6 
0.800000 84.000000 1 2 3 4 5 5 
1.700000 79.000000 1 1 2 4 5 5 
0.700000 88.000000 1 1 2 3 4 6 
1.500000 79.000000 1 2 4 4 5 6 
0.700000 87.000000 1 2 3 4 4 5 
1.800000 78.000000 1 2 4 6 6 6 
1.700000 78.000000 1 2 5 5 6 6 
0.700000 84.000000 2 3 5 5 6 6 
1.700000 79.000000 1 1 2 4 5 5 
0.700000 87.000000 1 2 3 4 5 6 
0.600000 94.000000 1 1 2 3 3 4 
1.700000 79.000000 1 1 2 4 4 5 
0.800000 83.000000 2 3 5 5 5 6 
0.800000 83.000000 2 3 4 5 5 5 
2.100000 78.000000 1 1 2 4 6 6 
1.700000 78.000000 1 2 5 5 6 6 
0.500000 109.000000 2 3 3 3 4 4 
0.600000 94.000000 1 1 2 3 3 4 
0.900000 83.000000 1 1 2 3 5 5 
0.600000 89.000000 2 3 4 5 6 6 
0.700000 87.000000 1 2 3 4 5 6 
1.100000 81.000000 2 4 4 4 5 6 
0.600000 92.000000 1 2 3 4 4 6 
0.700000 85.000000 2 3 4 5 5 6 
1.600000 79.000000 1 2 4 5 6 6 
0.500000 97.000000 2 3 3 4 4 5 
0.600000 90.000000 1 2 3 6 6 6 
0.500000 109.000000 2 3 3 3 4 4 
1.200000 80.000000 2 4 4 5 5 5 
0.600000 89.000000 2 3 4 4 5 6 
0.700000 86.000000 1 2 3 5 6 6 
1.500000 79.000000 1 2 4 4 5 5 
0.700000 86.000000 2 3 4 4 5 5 
0.400000 108.000000 2 3 3 6 6 6 
0.600000 89.000000 2 3 4 5 6 6 
2.300000 78.000000 1 1 1 2 4 6 
0.500000 99.000000 1 2 3 3 4 6 
0.900000 85.000000 1 1 1 2 3 6 
0.800000 85.000000 1 1 2 3 4 5 
1.500000 79.000000 1 2 4 4 5 6 
0.800000 85.000000 1 1 2 3 5 6 
2.000000 78.000000 1 1 2 4 5 6 
0.700000 87.000000 1 2 3 4 5 6 
1.200000 80.000000 2 4 4 4 5 5 
0.800000 84.000000 1 2 3 5 5 6 
0.800000 84.000000 1 2 3 5 5 6 
2.300000 78.000000 1 1 1 2 5 6 
0.600000 91.000000 1 2 3 3 4 5 
0.700000 87.000000 1 2 3 4 5 6 
0.600000 91.000000 1 2 3 4 6 6 
1.900000 78.000000 1 1 2 5 5 6 
0.700000 88.000000 1 1 2 3 4 6 
0.700000 86.000000 2 3 4 4 5 5 
1.000000 82.000000 2 4 4 4 6 6 
1.500000 79.000000 1 2 4 5 5 6 
1.400000 80.000000 1 2 4 4 4 6 
0.600000 91.000000 1 2 3 4 6 6 
0.500000 101.000000 1 2 3 3 4 4 
1.200000 80.000000 2 4 4 6 6 6 
0.600000 89.000000 2 3 4 5 6 6 
0.600000 88.000000 1 2 3 3 5 5 
0.600000 91.000000 1 2 3 4 6 6 
0.800000 85.000000 1 1 2 3 4 5 
0.500000 94.000000 1 2 3 3 5 6 
1.300000 81.000000 1 2 4 4 4 4 
0.600000 89.000000 2 3 4 5 6 6 
0.800000 84.000000 1 2 3 4 5 5 
1.500000 79.000000 1 2 4 4 5 6 
0.700000 87.000000 1 2 3 4 4 5 
1.600000 79.000000 1 2 4 4 6 6 
0.500000 97.000000 1 2 3 3 3 5 
0.600000 91.000000 1 2 3 3 4 5 
1.900000 78.000000 1 1 2 5 5 6 
0.600000 90.000000 1 1 2 3 3 5 
0.500000 91.000000 2 3 3 5 5 6 
1.700000 79.000000 1 1 2 4 4 4 
0.800000 84.000000 1 2 3 4 5 5 
0.700000 86.000000 2 3 4 4 5 5 
0.800000 85.000000 1 1 2 3 4 5 
0.400000 108.000000 2 3 3 6 6 6 
0.600000 88.000000 1 2 3 3 5 5 
0.900000 83.000000 1 1 2 3 5 5 
1.400000 80.000000 1 2 4 4 4 6 
0.700000 88.000000 1 1 2 3 4 6 
1.200000 80.000000 2 4 4 5 5 6 
0.700000 87.000000 1 1 2 3 6 6 
0.700000 87.000000 1 2 3 4 5 6 
2.000000 78.000000 1 1 2 4 5 6 
0.800000 85.000000 1 1 2 3 4 5 
0.600000 89.000000 2 3 4 5 6 6 
2.200000 77.000000 1 2 6 6 6 6 
0.700000 87.000000 1 2 3 4 5 6 
0.900000 83.000000 1 1 2 3 5 5 
0.600000 90.000000 1 1 2 3 3 5 
1.600000 79.000000 1 2 4 4 6 6 
1.700000 79.000000 1 1 2 4 4 5 
2.200000 78.000000 1 1 1 2 5 5 
2.000000 78.000000 1 1 2 4 5 6 
0.700000 89.000000 1 1 2 3 4 4 
2.000000 78.000000 1 1 2 4 5 6 
0.700000 87.000000 1 2 3 4 5 6 
0.600000 88.000000 1 2 3 3 5 5 
1.500000 79.000000 1 2 4 4 5 6 
1.500000 79.000000 1 2 4 4 5 6 
0.800000 83.000000 2 3 5 5 5 6 
1.600000 79.000000 1 2 4 5 6 6 
0.500000 91.000000 2 3 3 5 5 6 
0.600000 92.000000 1 2 3 4 4 6 
0.800000 84.000000 1 2 3 5 5 6 
0.500000 97.000000 2 3 4 4 6 6 
0.600000 89.000000 2 3 4 4 5 6 
0.500000 101.000000 1 1 2 3 3 3 
0.500000 97.000000 2 3 3 4 4 5 
0.500000 101.000000 1 2 3 3 4 4 
0.700000 87.000000 1 1 2 3 6 6 
0.900000 82.000000 1 2 3 5 5 5 
1.500000 79.000000 1 2 4 5 5 5 
0.600000 92.000000 1 2 3 4 4 6 
0.700000 87.000000 1 2 3 4 5 6 
0.600000 91.000000 1 2 3 3 4 5 
0.800000 84.000000 1 2 3 5 5 6 
0.500000 97.000000 2 3 3 4 4 5 
0.700000 87.000000 1 2 3 4 5 6 
0.800000 84.000000 1 2 3 4 5 5 
0.500000 98.000000 1 2 3 3 6 6 
0.500000 91.000000 2 3 3 5 5 6 
1.400000 79.000000 2 4 5 6 6 6 
1.400000 79.000000 2 4 5 6 6 6 
1.500000 79.000000 1 2 5 5 5 5 
1.000000 84.000000 1 1 1 1 2 3 
2.600000 78.000000 1 1 1 1 2 4 
0.500000 101.000000 1 2 3 3 4 4 
2.300000 78.000000 1 1 1 2 5 6 
0.500000 106.000000 2 3 3 3 4 6 
0.800000 84.000000 1 2 3 4 5 5 
0.500000 98.000000 1 2 3 3 6 6 
1.900000 78.000000 1 1 2 5 5 6 
0.500000 95.000000 2 3 3 4 5 6 
0.600000 94.000000 1 1 2 3 3 4 
0.600000 90.000000 1 1 2 3 3 5 
0.800000 84.000000 1 2 3 4 5 5 
0.800000 84.000000 1 2 3 4 5 5 
1.400000 80.000000 1 2 4 4 4 6 
1.000000 82.000000 2 4 4 4 6 6 
0.800000 84.000000 1 2 3 4 5 5 
0.600000 89.000000 2 3 4 4 5 6 
0.800000 85.000000 1 1 2 3 5 6 
0.500000 94.000000 2 3 3 3 5 5 
0.500000 97.000000 2 3 4 4 6 6 
1.900000 78.000000 1 1 2 5 5 6 
0.800000 85.000000 1 1 2 3 5 6 
0.500000 94.000000 2 3 3 5 6 6 
1.500000 79.000000 1 2 4 4 5 5 
1.600000 78.000000 2 4 6 6 6 6 
0.600000 89.000000 2 3 4 5 6 6 
1.500000 79.000000 1 2 4 5 5 6 
0.500000 94.000000 2 3 3 5 6 6 
1.100000 81.000000 2 4 4 4 4 5 
0.500000 98.000000 1 2 3 3 6 6 
0.500000 94.000000 1 2 3 3 5 6 
0.500000 102.000000 1 2 3 3 3 6 
0.500000 97.000000 2 3 4 4 6 6 
0.700000 84.000000 2 3 5 5 6 6 
0.700000 88.000000 1 1 2 3 4 6 
0.700000 87.000000 1 2 3 4 4 5 
0.500000 107.000000 1 2 3 3 3 3 
0.700000 87.000000 1 2 3 4 5 6 
2.200000 78.000000 1 1 1 2 4 5 
0.700000 86.000000 1 2 3 5 6 6 
0.600000 92.000000 1 2 3 4 4 6 
0.500000 94.000000 1 2 3 3 5 6 
1.500000 79.000000 1 2 4 4 5 6 
0.700000 86.000000 2 3 4 4 5 5 
1.500000 79.000000 1 2 4 5 5 6 
0.600000 91.000000 1 2 3 4 6 6 
0.700000 86.000000 2 3 4 4 5 5 
0.900000 85.000000 1 1 1 2 3 4 
1.700000 79.000000 1 1 2 4 4 4 
0.500000 92.000000 2 3 3 4 5 5 
0.700000 89.000000 1 1 2 3 4 4 
1.700000 78.000000 1 2 5 5 6 6 
0.900000 84.000000 2 4 4 4 4 6 
0.800000 85.000000 1 1 2 3 4 5 
0.800000 85.000000 1 1 2 3 5 6 
0.600000 92.000000 1 2 3 4 4 6 
1.500000 79.000000 1 2 5 5 5 6 
2.000000 78.000000 1 1 2 4 5 6 
1.400000 79.000000 2 4 5 6 6 6 
0.800000 83.000000 2 3 4 5 5 5 
0.700000 89.000000 1 1 2 3 4 4 
1.200000 80.000000 2 4 4 5 5 6 
0.600000 89.000000 2 3 4 4 5 6 
0.800000 82.000000 2 3 5 5 5 5 
0.500000 91.000000 2 3 3 5 5 6 
0.500000 99.000000 2 3 3 3 4 5 
1.500000 79.000000 1 2 4 5 5 6 
1.700000 79.000000 1 1 2 4 4 5 
0.500000 92.000000 2 3 3 4 5 5 
0.500000 94.000000 1 2 3 3 5 6 
0.800000 85.000000 1 1 2 3 4 5 
0.600000 93.000000 1 2 3 4 4 4 
0.600000 89.000000 2 3 4 4 5 6 
0.700000 86.000000 1 2 3 5 6 6 
0.800000 85.000000 1 1 2 3 5 6 
1.000000 82.000000 2 4 4 4 6 6 
0.500000 95.000000 2 3 3 4 5 6 
0.600000 89.000000 2 3 4 4 5 6 
0.600000 87.000000 2 3 3 5 5 5 
0.600000 91.000000 1 2 3 3 4 5 
0.500000 97.000000 2 3 3 3 5 6 
1.200000 80.000000 2 4 4 6 6 6 
0.500000 94.000000 2 3 3 3 5 5 
1.400000 80.000000 1 2 4 4 4 6 
1.200000 80.000000 2 4 4 5 5 6 
1.200000 80.000000 2 4 4 5 6 6 
0.700000 87.000000 1 2 3 4 5 6 
1.600000 79.000000 1 2 4 5 6 6 
0.500000 97.000000 2 3 3 4 4 5 
0.500000 97.000000 2 3 4 4 6 6 
1.400000 80.000000 1 2 4 4 4 5 
1.600000 79.000000 1 2 4 5 6 6 
2.000000 78.000000 1 1 2 5 6 6 
1.700000 79.000000 1 1 2 4 4 4 
0.500000 97.000000 1 2 3 3 3 5 
1.900000 78.000000 1 1 2 5 5 6 
1.600000 79.000000 1 2 4 5 6 6 
0.900000 82.000000 1 2 3 5 5 5 
0.800000 84.000000 1 2 3 5 5 6 
0.600000 88.000000 1 2 3 3 5 5 
1.500000 79.000000 1 2 4 5 5 6 
2.000000 78.000000 1 1 2 4 5 6 
0.500000 99.000000 2 3 3 3 4 5 
1.700000 79.000000 1 1 2 4 4 4 
0.700000 89.000000 1 1 2 3 4 4 
0.500000 98.000000 1 2 3 3 6 6 
0.500000 95.000000 2 3 3 4 5 6 
0.800000 84.000000 1 2 3 5 5 6 
1.400000 79.000000 2 4 5 5 5 6 
0.600000 87.000000 2 3 3 5 5 5 
1.700000 79.000000 1 1 2 4 5 5 
0.700000 87.000000 1 2 3 4 5 6 
0.700000 88.000000 1 1 2 3 4 6 
0.800000 84.000000 1 2 3 5 5 6 
1.500000 79.000000 1 2 5 5 5 6 
1.400000 79.000000 2 4 5 5 5 6 
2.400000 77.000000 1 1 2 6 6 6 
0.600000 93.000000 1 2 3 4 4 4 
2.300000 78.000000 1 1 1 2 4 6 
0.500000 101.000000 1 2 3 3 4 4 
0.500000 102.000000 2 3 3 4 4 6 
0.600000 93.000000 1 1 2 3 3 6 
1.200000 80.000000 2 4 4 6 6 6 
0.700000 88.000000 1 1 2 3 4 6 
0.600000 93.000000 1 1 2 3 3 6 
1.400000 79.000000 2 4 5 5 6 6 
0.600000 90.000000 1 1 2 3 3 5 
1.500000 79.000000 1 2 4 4 5 5 
0.600000 94.000000 1 1 2 3 3 4 
1.500000 79.000000 1 2 5 5 5 6 
0.800000 82.000000 2 3 5 5 5 5 
1.800000 78.000000 1 2 5 6 6 6 
0.700000 86.000000 2 3 4 4 5 5 
0.500000 97.000000 2 3 3 4 4 5 
1.200000 80.000000 2 4 4 5 6 6 
0.500000 106.000000 2 3 3 3 4 6 
2.300000 78.000000 1 1 1 2 4 6 
2.700000 77.000000 1 1 1 2 6 6 
0.500000 99.000000 1 2 3 3 4 6 
0.500000 97.000000 2 3 3 3 5 6 
0.600000 89.000000 2 3 4 4 5 6 
0.700000 86.000000 1 2 3 5 6 6 
1.000000 82.000000 2 4 4 4 6 6 
0.500000 99.000000 1 2 3 3 4 6 
0.600000 89.000000 2 3 4 5 6 6 
0.700000 84.000000 2 3 5 5 6 6 
0.800000 84.000000 1 2 3 5 5 6 
0.700000 86.000000 1 2 3 5 6 6 
0.600000 92.000000 1 2 3 4 4 6 
1.400000 79.000000 2 4 5 5 5 6 
1.400000 79.000000 2 4 5 6 6 6 
0.600000 90.000000 1 1 2 3 3 5 
0.600000 89.000000 2 3 4 4 5 6 
1.400000 79.000000 2 5 5 5 5 6 
1.200000 80.000000 2 4 4 5 6 6 
1.100000 81.000000 2 4 4 4 5 6 
0.600000 90.000000 1 2 3 6 6 6 
0.600000 89.000000 2 3 4 4 5 6 
1.700000 78.000000 1 2 5 5 6 6 
0.500000 95.000000 2 3 3 4 5 6 
0.600000 90.000000 2 3 4 4 4 5 
1.700000 79.000000 1 1 2 4 5 5 
0.500000 98.000000 1 2 3 3 6 6 
0.600000 89.000000 2 3 4 5 6 6 
1.400000 79.000000 2 5 5 6 6 6 
0.900000 83.000000 1 1 2 3 5 5 
2.000000 78.000000 1 1 2 5 6 6 
0.500000 97.000000 2 3 3 3 5 6 
2.300000 78.000000 1 1 1 2 4 6 
0.800000 83.000000 2 3 5 5 5 6 
0.500000 99.000000 1 2 3 3 4 6 
0.700000 87.000000 1 2 3 4 4 5 
0.600000 89.000000 2 3 4 5 6 6 
1.300000 81.000000 1 2 4 4 4 4 
2.000000 78.000000 1 1 2 5 6 6 
0.500000 97.000000 2 3 3 4 4 5 
0.800000 85.000000 1 1 2 3 5 6 
0.700000 87.000000 1 1 2 3 6 6 
0.700000 89.000000 1 1 2 3 4 4 
0.500000 97.000000 2 3 4 4 6 6 
1.700000 79.000000 1 1 2 5 5 5 
1.400000 80.000000 1 2 4 4 4 5 
1.400000 79.000000 2 5 5 6 6 6 
0.600000 94.000000 1 1 2 3 3 4 
1.800000 78.000000 1 2 4 6 6 6 
0.500000 99.000000 1 2 3 3 4 6 
0.700000 87.000000 1 2 3 4 4 5 
0.600000 89.000000 2 3 4 5 6 6 
1.400000 79.000000 2 5 5 5 6 6 
1.500000 79.000000 1 2 4 4 5 6 
0.500000 94.000000 1 2 3 3 5 6 
0.700000 88.000000 1 1 2 3 4 6 
0.600000 90.000000 1 2 3 6 6 6 
0.900000 82.000000 1 2 3 5 5 5 
0.500000 94.000000 2 3 3 5 6 6 
0.800000 83.000000 2 3 5 5 5 6 
0.600000 91.000000 1 2 3 3 4 5 
1.200000 80.000000 2 4 4 5 6 6 
0.600000 89.000000 2 3 4 4 5 6 
0.700000 85.000000 2 3 4 5 5 6 
2.400000 77.000000 1 1 2 6 6 6 
0.700000 87.000000 1 2 3 4 4 5 
0.700000 85.000000 2 3 4 5 5 6 
0.600000 92.000000 1 2 3 4 4 6 
0.800000 85.000000 1 1 2 3 4 5 
1.400000 80.000000 1 2 4 4 4 5 
0.500000 99.000000 1 2 3 3 4 6 
0.600000 88.000000 1 2 3 3 5 5 
1.600000 78.000000 2 5 6 6 6 6 
0.500000 99.000000 1 2 3 3 4 6 
1.600000 79.000000 1 2 4 4 6 6 
0.800000 82.000000 2 3 5 5 5 5 
0.500000 94.000000 1 2 3 3 5 6 
0.600000 89.000000 2 3 4 5 6 6 
1.000000 82.000000 2 4 4 4 6 6 
1.400000 79.000000 2 4 5 5 6 6 
1.800000 78.000000 1 2 4 6 6 6 
0.600000 92.000000 1 2 3 4 4 6 
0.500000 101.000000 2 3 4 4 4 4 
0.900000 85.000000 1 1 1 2 3 4 
0.600000 88.000000 1 2 3 3 5 5 
1.800000 78.000000 1 2 4 6 6 6 
0.700000 88.000000 1 1 2 3 4 6 
2.700000 77.000000 1 1 1 2 6 6 
1.800000 78.000000 1 2 4 6 6 6 
0.700000 88.000000 1 1 2 3 4 6 
0.500000 99.000000 1 2 3 3 4 6 
0.600000 89.000000 2 3 4 4 5 6 
0.800000 83.000000 2 3 5 5 5 6 
1.600000 79.000000 1 2 4 5 6 6 
3.000000 77.000000 1 1 1 1 2 6 
0.600000 91.000000 1 2 3 3 4 5 
0.500000 97.000000 2 3 4 4 6 6 
1.500000 79.000000 1 2 4 4 5 5 
1.500000 79.000000 1 2 4 4 5 6 
0.700000 87.000000 1 2 3 4 5 6 
0.400000 110.000000 2 3 3 4 6 6 
0.600000 91.000000 1 2 3 4 6 6 
1.700000 79.000000 1 1 2 4 5 5 
0.500000 99.000000 2 3 3 3 4 5 
2.300000 78.000000 1 1 1 2 4 6 
0.700000 87.000000 1 2 3 4 5 6 
0.500000 97.000000 2 3 3 4 4 5 
0.800000 84.000000 1 2 3 5 5 6 
0.500000 94.000000 1 2 3 3 5 6 
0.500000 95.000000 2 3 4 6 6 6 
0.500000 106.000000 2 3 3 3 4 6 
2.200000 78.000000 1 1 1 2 5 5 
0.500000 101.000000 1 2 3 3 4 4 
0.800000 84.000000 1 2 3 5 5 6 
1.500000 79.000000 1 2 4 4 5 5 
0.800000 85.000000 1 1 2 3 5 6 
0.800000 85.000000 1 1 2 3 4 5 
0.600000 92.000000 1 2 3 4 4 6 
0.600000 87.000000 2 3 3 5 5 5 
0.600000 93.000000 1 1 2 3 3 6 
0.800000 84.000000 1 2 3 5 5 6 
0.600000 93.000000 1 1 2 3 3 6 
1.400000 79.000000 2 4 5 6 6 6 
0.500000 94.000000 1 2 3 3 5 6 
0.500000 97.000000 1 2 3 3 3 5 
3.000000 77.000000 1 1 1 1 2 6 
0.800000 84.000000 1 2 3 4 5 5 
0.600000 91.000000 1 2 3 3 4 5 
1.600000 79.000000 1 2 4 5 6 6 
0.600000 91.000000 1 2 3 3 4 5 
0.700000 87.000000 1 2 3 4 4 5 
2.100000 78.000000 1 1 2 4 6 6 
1.400000 80.000000 1 2 4 4 4 5 
1.400000 79.000000 2 4 5 5 5 5 
0.600000 89.000000 2 3 4 5 6 6 
0.500000 92.000000 2 3 3 4 5 5 
0.900000 83.000000 1 1 2 3 5 5 
2.200000 78.000000 1 1 1 2 5 5 
0.500000 102.000000 1 2 3 3 3 6 
2.100000 78.000000 1 1 2 4 6 6 
1.500000 79.000000 1 2 4 5 5 5 
0.700000 87.000000 1 2 3 4 5 6 
0.800000 85.000000 1 1 2 3 4 5 
1.000000 82.000000 2 4 4 4 6 6 
1.500000 79.000000 1 2 5 5 5 6 
1.500000 79.000000 1 2 4 4 5 6 
0.500000 92.000000 2 3 3 4 5 5 
0.600000 89.000000 2 3 4 5 6 6 
0.700000 85.000000 2 3 4 5 5 6 
1.200000 80.000000 2 4 4 5 5 6 
0.500000 102.000000 1 2 3 3 3 6 
0.500000 97.000000 2 3 4 4 6 6 
0.700000 89.000000 1 1 2 3 4 4 
1.500000 79.000000 1 2 4 4 5 6 
0.700000 88.000000 1 1 2 3 4 6 
1.700000 78.000000 1 2 5 5 6 6 
0.500000 104.000000 1 2 3 3 3 4 
0.500000 92.000000 2 3 3 4 5 5 
1.200000 80.000000 2 4 4 5 5 6 
1.400000 79.000000 2 4 5 6 6 6 
1.900000 78.000000 1 1 2 5 5 6 
1.500000 79.000000 1 2 4 5 5 6 
0.600000 94.000000 1 1 2 3 3 4 
0.500000 102.000000 2 3 3 4 4 6 
2.300000 78.000000 1 1 1 2 5 6 
0.600000 89.000000 2 3 4 4 5 6 
1.400000 79.000000 2 4 5 6 6 6 
2.000000 78.000000 1 1 2 4 5 6 
1.600000 79.000000 1 2 4 5 6 6 
0.600000 91.000000 1 2 3 4 6 6 
0.700000 87.000000 1 2 3 4 5 6 
0.500000 104.000000 1 2 3 3 3 4 
0.700000 88.000000 1 1 2 3 4 6 
1.700000 78.000000 1 2 5 5 6 6 
0.500000 99.000000 2 3 4 4 4 6 
0.600000 87.000000 2 3 3 5 5 5 
1.600000 78.000000 2 4 6 6 6 6 
0.700000 88.000000 1 1 2 3 4 6 
0.700000 89.000000 1 1 2 3 4 4 
1.000000 83.000000 1 1 1 2 3 5 
0.500000 104.000000 1 2 3 3 3 4 
1.200000 80.000000 2 4 4 6 6 6 
2.000000 78.000000 1 1 2 4 5 6 
0.700000 87.000000 1 2 3 4 5 6 
0.700000 87.000000 1 1 2 3 6 6 
2.200000 78.000000 1 1 1 2 4 4 
0.500000 99.000000 2 3 4 4 4 6 
0.500000 102.000000 1 2 3 3 3 6 
1.400000 79.000000 2 4 5 5 6 6 
1.400000 79.000000 2 4 5 5 6 6 
0.700000 87.000000 1 2 3 4 5 6 
1.900000 78.000000 1 1 2 5 5 6 
0.500000 94.000000 2 3 6 6 6 6 
0.400000 110.000000 2 3 3 4 6 6 
0.500000 97.000000 2 3 3 4 4 5 
1.700000 79.000000 1 1 2 4 4 5 
1.500000 79.000000 1 2 5 5 5 6 
1.700000 78.000000 1 2 5 5 6 6 
0.600000 92.000000 1 2 3 4 4 6 
0.500000 101.000000 1 2 3 3 4 4 
2.400000 77.000000 1 1 2 6 6 6 
0.500000 97.000000 1 2 3 3 3 5 
0.700000 89.000000 1 1 2 3 4 4 
0.800000 84.000000 1 2 3 4 5 5 
1.500000 79.000000 1 2 4 5 5 6 
0.500000 94.000000 1 2 3 3 5 6 
0.700000 86.000000 1 2 3 5 6 6 
0.600000 90.000000 1 2 3 6 6 6 
0.800000 85.000000 1 1 2 3 4 5 
0.800000 84.000000 1 2 3 5 5 6 
1.400000 79.000000 2 4 5 5 6 6 
1.500000 79.000000 1 2 4 5 5 6 
0.500000 99.000000 1 2 3 3 4 6 
0.600000 90.000000 1 1 2 3 3 5 
0.600000 89.000000 2 3 4 5 6 6 
0.700000 87.000000 1 1 2 3 6 6 
1.500000 79.000000 1 2 4 4 5 5 
1.400000 80.000000 1 2 4 4 4 5 
0.900000 82.000000 1 2 3 5 5 5 
0.600000 89.000000 2 3 4 5 6 6 
0.700000 85.000000 2 3 4 5 5 6 
0.500000 101.000000 2 3 4 4 4 4 
0.800000 83.000000 2 3 4 5 5 5 
1.600000 79.000000 1 2 4 5 6 6 
0.600000 93.000000 1 1 2 3 3 6 
0.600000 94.000000 1 1 2 3 3 4 
0.600000 92.000000 1 2 3 4 4 6 
0.500000 91.000000 2 3 3 5 5 6 
1.700000 78.000000 1 2 5 5 6 6 
0.500000 95.000000 2 3 4 6 6 6 
0.500000 97.000000 2 3 4 4 6 6 
1.500000 79.000000 1 2 5 5 5 6 
0.800000 85.000000 1 1 2 3 5 6 
0.500000 98.000000 1 2 3 3 6 6 
2.100000 78.000000 1 1 2 4 6 6 
2.300000 78.000000 1 1 1 2 4 6 
0.700000 86.000000 2 3 4 4 5 5 
0.500000 99.000000 1 2 3 3 4 6 
0.700000 85.000000 2 3 4 5 5 6 
0.800000 85.000000 1 1 2 3 5 6 
0.800000 83.000000 2 3 5 5 5 6 
1.800000 78.000000 1 2 5 6 6 6 
0.700000 88.000000 1 1 2 3 4 6 
0.500000 106.000000 2 3 3 3 4 6 
0.900000 83.000000 1 1 2 3 5 5 
0.700000 86.000000 1 2 3 5 6 6 
0.800000 83.000000 2 3 4 5 5 5 
0.600000 91.000000 1 2 3 3 4 5 
0.700000 87.000000 1 2 3 4 5 6 
0.700000 87.000000 1 2 3 4 5 6 
0.500000 111.000000 2 3 3 3 3 4 
1.500000 79.000000 1 2 4 4 5 5 
0.500000 101.000000 1 2 3 3 4 4 
0.500000 97.000000 1 2 3 3 3 5 
0.700000 88.000000 1 1 2 3 4 6 
2.000000 78.000000 1 1 2 4 4 6 
0.600000 92.000000 1 2 3 4 4 6 
0.700000 87.000000 1 2 3 4 5 6 
0.500000 91.000000 2 3 3 5 5 6 
0.700000 86.000000 1 2 3 5 6 6 
1.400000 79.000000 2 4 5 5 5 5 
0.600000 90.000000 1 2 3 6 6 6 
0.700000 87.000000 1 2 3 4 5 6 
0.700000 86.000000 1 2 3 5 6 6 
0.700000 87.000000 1 2 3 4 4 5 
0.700000 87.000000 1 2 3 4 5 6 
0.800000 84.000000 1 2 3 4 5 5 
1.900000 78.000000 1 1 2 5 5 6 
2.000000 78.000000 1 1 2 4 4 6 
2.100000 78.000000 1 1 2 4 6 6 
0.500000 99.000000 1 2 3 3 4 6 
0.700000 85.000000 2 3 4 5 5 6 
0.700000 86.000000 2 3 4 4 5 5 
0.500000 94.000000 1 2 3 3 5 6 
1.800000 78.000000 1 2 4 6 6 6 
2.300000 78.000000 1 1 1 2 5 6 
0.800000 84.000000 1 2 3 4 5 5 
0.700000 87.000000 1 2 3 4 4 5 
0.500000 94.000000 2 3 3 3 5 5 
2.100000 78.000000 1 1 2 4 6 6 
0.600000 91.000000 1 2 3 3 4 5 
0.500000 94.000000 1 2 3 3 5 6 
0.800000 85.000000 1 1 2 3 4 5 
2.500000 78.000000 1 1 1 1 2 5 
0.900000 83.000000 1 1 2 3 5 5 
0.600000 94.000000 1 1 2 3 3 4 
2.100000 78.000000 1 1 2 4 6 6 
0.500000 99.000000 1 2 3 3 4 6 
0.400000 110.000000 2 3 3 4 6 6 
0.600000 90.000000 2 3 4 4 4 5 
0.500000 97.000000 1 2 3 3 3 5 
0.600000 94.000000 1 1 2 3 3 4 
1.400000 79.000000 2 4 5 5 6 6 
2.100000 78.000000 1 1 2 4 6 6 
1.200000 80.000000 2 4 4 5 6 6 
0.600000 88.000000 1 2 3 3 5 5 
0.700000 88.000000 1 1 2 3 4 6 
1.600000 79.000000 1 2 4 5 6 6 
0.500000 97.000000 2 3 3 3 5 6 
0.700000 86.000000 1 2 3 5 6 6 
1.900000 78.000000 1 1 2 5 5 6 
2.200000 78.000000 1 1 1 2 5 5 
1.500000 79.000000 1 2 4 5 5 5 
0.500000 94.000000 1 2 3 3 5 6 
0.600000 91.000000 1 2 3 4 6 6 
0.600000 89.000000 2 3 4 5 6 6 
0.700000 88.000000 1 1 2 3 4 6 
0.500000 94.000000 1 2 3 3 5 6 
0.700000 87.000000 1 2 3 4 4 5 
1.500000 79.000000 1 2 4 4 5 6 
0.600000 93.000000 1 2 3 4 4 4 
1.600000 79.000000 1 2 4 5 6 6 
0.500000 99.000000 1 2 3 3 4 6 
0.800000 84.000000 1 2 3 5 5 6 
1.600000 78.000000 2 5 6 6 6 6 
1.400000 80.000000 1 2 4 4 4 5 
0.500000 99.000000 1 2 3 3 4 6 
1.500000 79.000000 1 2 4 5 5 6 
0.500000 99.000000 2 3 3 3 4 5 
2.100000 78.000000 1 1 2 4 6 6 
0.700000 88.000000 1 1 2 3 4 6 
0.500000 94.000000 1 2 3 3 5 6 
0.600000 90.000000 1 1 2 3 3 5 
0.800000 85.000000 1 1 2 3 5 6 
2.100000 78.000000 1 1 2 4 6 6 
0.800000 84.000000 1 2 3 4 5 5 
2.700000 77.000000 1 1 1 2 6 6 
0.500000 92.000000 2 3 3 4 5 5 
0.500000 91.000000 2 3 3 5 5 6 
0.800000 84.000000 1 2 3 5 5 6 
0.800000 82.000000 2 3 5 5 5 5 
0.400000 108.000000 2 3 3 6 6 6 
0.500000 91.000000 2 3 3 5 5 6 
1.400000 80.000000 1 2 4 4 4 6 
0.700000 85.000000 2 3 4 5 5 6 
0.500000 94.000000 1 2 3 3 5 6 
0.500000 92.000000 2 3 3 4 5 5 
0.500000 99.000000 2 3 3 3 4 5 
1.100000 81.000000 2 4 4 4 5 6 
0.500000 97.000000 2 3 3 4 4 5 
2.000000 78.000000 1 1 2 4 4 6 
0.700000 86.000000 1 2 3 5 6 6 
2.600000 78.000000 1 1 1 1 2 4 
0.700000 87.000000 1 2 3 4 5 6 
0.700000 87.000000 1 2 3 4 5 6 
0.700000 87.000000 1 2 3 4 5 6 
0.800000 85.000000 1 1 2 3 4 5 
1.500000 79.000000 1 2 4 4 5 6 
1.400000 79.000000 2 4 5 5 6 6 
0.900000 85.000000 1 1 1 2 3 4 
0.700000 87.000000 1 2 3 4 4 5 
0.800000 84.000000 1 2 3 5 5 6 
0.600000 91.000000 1 2 3 4 6 6 
1.500000 79.000000 1 2 4 4 5 6 
0.700000 87.000000 1 1 2 3 6 6 
0.500000 104.000000 1 2 3 3 3 4 
2.000000 78.000000 1 1 2 4 5 6 
0.500000 99.000000 2 3 4 4 4 6 
0.600000 93.000000 1 1 2 3 3 6 
0.700000 88.000000 1 1 2 3 4 6 
2.000000 78.000000 1 1 2 5 6 6 
0.600000 88.000000 1 2 3 3 5 5 
0.600000 90.000000 1 1 2 3 3 5 
0.500000 104.000000 1 2 3 3 3 4 
1.400000 80.000000 1 2 4 4 4 5 
0.800000 83.000000 2 3 4 5 5 5 
0.600000 90.000000 1 1 2 3 3 5 
0.600000 91.000000 1 2 3 4 6 6 
0.500000 97.000000 2 3 3 4 4 5 
2.300000 78.000000 1 1 1 2 4 6 
0.700000 85.000000 2 3 4 5 5 6 
0.500000 102.000000 2 3 3 4 4 6 
1.100000 81.000000 2 4 4 4 4 5 
0.700000 86.000000 1 2 3 5 6 6 
2.200000 78.000000 1 1 1 2 4 5 
0.500000 97.000000 2 3 4 4 6 6 
0.500000 99.000000 2 3 3 3 4 5 
0.500000 101.000000 1 2 3 3 4 4 
0.900000 85.000000 1 1 1 2 3 4 
2.200000 78.000000 1 1 1 2 4 5 
0.700000 87.000000 1 2 3 4 5 6 
0.500000 95.000000 2 3 3 4 5 6 
0.500000 101.000000 1 2 3 3 4 4 
1.100000 81.000000 2 4 4 4 5 6 
0.500000 104.000000 1 2 3 3 3 4 
0.500000 97.000000 1 2 3 3 3 5 
0.500000 97.000000 2 3 4 4 6 6 
0.600000 91.000000 1 2 3 4 6 6 
0.700000 86.000000 1 2 3 5 6 6 
0.600000 87.000000 2 3 3 5 5 5 
2.100000 78.000000 1 1 2 4 6 6 
0.600000 94.000000 1 1 2 3 3 4 
2.100000 78.000000 1 1 2 4 6 6 
0.900000 83.000000 1 1 2 3 5 5 
0.700000 85.000000 2 3 4 5 5 6 
1.200000 80.000000 2 4 4 5 5 6 
1.200000 80.000000 2 4 4 4 5 5 
0.800000 85.000000 1 1 2 3 4 5 
0.800000 84.000000 1 2 3 5 5 6 
0.500000 102.000000 2 3 3 4 4 6 
0.500000 97.000000 2 3 3 3 5 6 
1.000000 83.000000 1 1 1 2 3 5 
0.700000 87.000000 1 2 3 4 4 5 
0.600000 91.000000 1 2 3 4 6 6 
0.800000 85.000000 1 1 2 3 5 6 
1.500000 79.000000 1 2 4 5 5 5 
0.900000 83.000000 1 1 2 3 5 5 
0.800000 82.000000 2 3 5 5 5 5 
1.400000 79.000000 2 4 5 5 5 5 
0.500000 94.000000 2 3 3 5 6 6 
2.300000 78.000000 1 1 1 2 4 6 
0.600000 93.000000 1 1 1 2 3 3 
0.600000 92.000000 1 2 3 4 4 6 
0.600000 92.000000 1 2 3 4 4 6 
0.800000 84.000000 1 2 3 4 5 5 
1.500000 79.000000 1 2 4 4 5 5 
0.500000 101.000000 2 3 3 3 3 5 
0.700000 88.000000 1 1 2 3 4 6 
0.600000 92.000000 1 2 3 4 4 6 
0.700000 87.000000 1 1 2 3 6 6 
0.700000 87.000000 1 2 3 4 5 6 
0.600000 89.000000 2 3 4 5 6 6 
0.600000 89.000000 2 3 4 4 5 6 
0.500000 94.000000 2 3 3 5 6 6 
0.500000 94.000000 1 2 3 3 5 6 
0.600000 90.000000 1 2 3 6 6 6 
1.800000 78.000000 1 2 4 6 6 6 
1.700000 78.000000 1 2 5 5 6 6 
0.500000 104.000000 1 2 3 3 3 4 
0.600000 93.000000 1 1 1 2 3 3 
1.100000 81.000000 2 4 4 4 4 5 
0.500000 109.000000 2 3 3 3 4 4 
0.800000 85.000000 1 1 2 3 4 5 
0.700000 87.000000 1 1 2 3 6 6 
0.600000 93.000000 1 2 3 4 4 4 
0.800000 84.000000 1 2 3 4 5 5 
0.700000 84.000000 2 3 5 5 6 6 
0.800000 84.000000 1 2 3 5 5 6 
0.600000 90.000000 1 1 2 3 3 5 
0.400000 110.000000 2 3 3 4 6 6 
0.800000 84.000000 1 2 3 5 5 6 
0.500000 97.000000 1 2 3 3 3 5 
0.600000 88.000000 1 2 3 3 5 5 
1.400000 79.000000 2 4 5 6 6 6 
0.500000 94.000000 1 2 3 3 5 6 
0.500000 102.000000 2 3 3 4 4 6 
3.000000 77.000000 1 1 1 1 2 6 
1.400000 80.000000 1 2 4 4 4 6 
0.600000 92.000000 1 2 3 4 4 6 
0.500000 94.000000 1 2 3 3 5 6 
0.500000 98.000000 1 2 3 3 6 6 
0.700000 87.000000 1 1 2 3 6 6 
0.700000 88.000000 1 1 2 3 4 6 
2.000000 78.000000 1 1 2 4 5 6 
0.800000 85.000000 1 1 2 3 4 5 
0.500000 102.000000 1 2 3 3 3 6 
0.500000 92.000000 2 3 3 4 5 5 
0.600000 93.000000 1 2 3 4 4 4 
1.400000 79.000000 2 4 5 5 5 6 
1.900000 78.000000 1 1 2 5 5 6 
0.800000 84.000000 1 2 3 5 5 6 
0.600000 94.000000 1 1 2 3 3 4 
0.700000 87.000000 1 1 2 3 6 6 
0.700000 87.000000 1 2 3 4 5 6 
1.500000 79.000000 1 2 4 4 5 5 
1.500000 79.000000 1 2 4 5 5 5 
0.500000 102.000000 1 2 3 3 3 6 
0.500000 102.000000 2 3 3 4 4 6 
0.700000 87.000000 1 2 3 4 5 6 
1.400000 79.000000 2 4 5 5 5 6 
2.200000 78.000000 1 1 1 2 4 5 
1.200000 80.000000 2 4 4 5 5 6 
0.800000 85.000000 1 1 2 3 4 5 
1.700000 79.000000 1 1 2 4 4 5 
1.600000 79.000000 1 2 4 4 6 6 
1.600000 79.000000 1 2 4 5 6 6 
0.700000 89.000000 1 1 2 3 4 4 
1.700000 79.000000 1 1 2 4 5 5 
0.500000 94.000000 1 2 3 3 5 6 
0.600000 89.000000 2 3 4 4 5 6 
0.700000 88.000000 1 1 2 3 4 6 
1.400000 80.000000 1 2 4 4 4 5 
0.400000 108.000000 2 3 3 6 6 6 
0.700000 85.000000 2 3 4 5 5 6 
2.000000 78.000000 1 1 2 4 5 6 
1.700000 79.000000 1 1 2 4 5 5 
1.500000 79.000000 1 2 4 5 5 5 
0.600000 89.000000 2 3 4 5 6 6 
0.900000 85.000000 1 1 1 2 3 6 
0.500000 94.000000 2 3 3 5 6 6 
2.200000 78.000000 1 1 1 2 4 5 
1.400000 79.000000 2 4 5 5 5 6 
1.900000 78.000000 1 1 2 5 5 6 
1.500000 79.000000 1 2 4 5 5 6 
0.500000 101.000000 1 2 3 3 4 4 
0.700000 87.000000 1 2 3 4 4 5 
1.400000 79.000000 2 4 5 6 6 6 
2.200000 78.000000 1 1 1 2 4 5 
0.800000 84.000000 1 2 3 4 5 5 
0.400000 110.000000 2 3 3 4 6 6 
0.500000 95.000000 2 3 3 4 5 6 
0.800000 84.000000 1 2 3 4 5 5 
0.800000 85.000000 1 1 2 3 4 5 
2.300000 78.000000 1 1 1 2 4 6 
1.000000 83.000000 1 1 1 2 3 5 
0.600000 92.000000 1 2 3 4 4 6 
1.600000 79.000000 1 2 4 5 6 6 
1.700000 79.000000 1 1 2 4 5 5 
0.500000 102.000000 2 3 3 4 4 6 
0.700000 87.000000 1 2 3 4 5 6 
0.500000 91.000000 2 3 3 5 5 6 
2.700000 77.000000 1 1 1 2 6 6 
1.700000 79.000000 1 1 2 4 4 5 
2.600000 78.000000 1 1 1 1 2 4 
0.500000 99.000000 2 3 4 4 4 6 
0.600000 91.000000 1 2 3 4 6 6 
0.600000 91.000000 1 2 3 4 6 6 
1.500000 79.000000 1 2 4 4 5 5 
0.700000 85.000000 2 3 4 5 5 6 
0.800000 85.000000 1 1 2 3 4 5 
0.600000 87.000000 2 3 3 5 5 5 
1.700000 79.000000 1 1 2 4 4 4 
1.600000 79.000000 1 2 4 5 6 6 
0.600000 90.000000 2 3 4 4 4 5 
0.500000 92.000000 2 3 3 4 5 5 
0.800000 85.000000 1 1 2 3 4 5 
2.000000 78.000000 1 1 2 4 5 6 
0.600000 88.000000 2 3 5 6 6 6 
0.700000 86.000000 2 3 4 4 5 5 
0.500000 92.000000 2 3 3 4 5 5 
0.900000 85.000000 1 1 1 2 3 4 
0.600000 88.000000 2 3 5 6 6 6 
1.800000 78.000000 1 2 5 6 6 6 
0.600000 92.000000 1 2 3 4 4 6 
0.500000 97.000000 2 3 4 4 6 6 
0.700000 86.000000 1 2 3 5 6 6 
0.600000 91.000000 1 2 3 4 6 6 
0.800000 84.000000 1 2 3 4 5 5 
2.100000 78.000000 1 1 2 4 6 6 
0.500000 95.000000 2 3 3 4 5 6 
0.700000 87.000000 1 2 3 4 4 5 
1.400000 79.000000 2 4 5 6 6 6 
0.500000 97.000000 2 3 3 3 5 6 
1.400000 79.000000 2 4 5 5 6 6 
0.600000 88.000000 1 2 3 3 5 5 
1.500000 79.000000 1 2 4 4 5 6 
0.500000 102.000000 1 2 3 3 3 6 
2.400000 77.000000 1 1 2 6 6 6 
0.500000 99.000000 1 2 3 3 4 6 
0.600000 91.000000 1 2 3 3 4 5 
2.100000 78.000000 1 1 2 4 6 6 
3.000000 77.000000 1 1 1 1 2 6 
1.200000 80.000000 2 4 4 6 6 6 
0.500000 104.000000 1 2 3 3 3 4 
0.600000 92.000000 1 2 3 4 4 6 
0.800000 85.000000 1 1 2 3 4 5 
1.700000 78.000000 1 2 5 5 6 6 
0.900000 83.000000 1 1 2 3 5 5 
1.200000 80.000000 2 4 4 5 5 5 
0.800000 85.000000 1 1 2 3 4 5 
0.700000 89.000000 1 1 2 3 4 4 
0.800000 85.000000 1 1 2 3 4 5 
0.700000 84.000000 2 3 5 5 6 6 
1.400000 79.000000 2 4 5 5 6 6 
0.600000 90.000000 1 2 3 6 6 6 
0.800000 85.000000 1 1 2 3 4 5 
0.700000 87.000000 1 1 2 3 6 6 
0.500000 97.000000 2 3 3 4 4 5 
0.600000 94.000000 1 1 2 3 3 4 
0.600000 89.000000 2 3 4 4 5 6 
0.500000 97.000000 2 3 4 4 6 6 
1.500000 79.000000 1 2 4 5 5 5 
0.400000 108.000000 2 3 3 6 6 6 
0.600000 91.000000 1 2 3 3 4 5 
0.500000 109.000000 2 3 3 3 4 4 
1.500000 79.000000 1 2 5 5 5 5 
1.700000 79.000000 1 1 2 5 5 5 
1.500000 79.000000 1 2 4 4 5 5 
0.500000 106.000000 2 3 3 3 4 6 
0.500000 102.000000 2 3 3 4 4 6 
1.500000 79.000000 1 2 4 4 5 5 
0.600000 93.000000 1 2 3 4 4 4 
0.700000 88.000000 1 1 2 3 4 6 
1.000000 84.000000 1 1 1 1 2 3 
1.800000 78.000000 1 2 5 6 6 6 
0.700000 86.000000 1 2 3 5 6 6 
1.400000 80.000000 1 2 4 4 4 5 
0.500000 94.000000 1 2 3 3 5 6 
0.500000 104.000000 1 2 3 3 3 4 
0.700000 84.000000 2 3 5 5 6 6 
0.500000 105.000000 2 3 3 4 4 4 
0.700000 86.000000 1 2 3 5 6 6 
1.400000 79.000000 2 5 5 5 5 6 
0.800000 82.000000 2 3 5 5 5 5 
0.500000 101.000000 1 1 2 3 3 3 
1.500000 79.000000 1 2 4 4 5 6 
0.600000 89.000000 2 3 4 5 6 6 
0.600000 88.000000 2 3 5 6 6 6 
0.800000 83.000000 2 3 4 5 5 5 
1.400000 80.000000 1 2 4 4 4 6 
0.800000 85.000000 1 1 2 3 5 6 
0.500000 105.000000 2 3 3 4 4 4 
0.700000 86.000000 1 2 3 5 6 6 
0.500000 97.000000 2 3 3 4 4 5 
0.800000 85.000000 1 1 2 3 4 5 
0.500000 99.000000 1 2 3 3 4 6 
1.800000 78.000000 1 2 5 6 6 6 
1.100000 81.000000 2 4 4 4 4 5 
0.800000 84.000000 1 2 3 5 5 6 
0.500000 99.000000 2 3 4 4 4 6 
0.700000 87.000000 1 2 3 4 5 6 
0.500000 97.000000 2 3 3 4 4 5 
0.500000 91.000000 2 3 3 5 5 6 
0.500000 94.000000 1 2 3 3 5 6 
0.600000 89.000000 2 3 4 5 6 6 
1.200000 80.000000 2 4 4 5 5 5 
0.700000 85.000000 2 3 4 5 5 6 
0.500000 102.000000 1 2 3 3 3 6 
1.700000 79.000000 1 1 2 4 4 5 
2.000000 78.000000 1 1 2 4 4 6 
0.400000 112.000000 2 3 3 3 6 6 
0.700000 87.000000 1 2 3 4 4 5 
1.700000 78.000000 1 2 5 5 6 6 
0.600000 93.000000 1 1 2 3 3 6 
1.500000 79.000000 1 2 4 5 5 5 
0.600000 90.000000 1 2 3 6 6 6 
0.600000 92.000000 1 2 3 4 4 6 
2.200000 78.000000 1 1 1 2 4 5 
1.400000 79.000000 2 5 5 5 6 6 
0.600000 91.000000 1 2 3 4 6 6 
0.500000 94.000000 1 2 3 3 5 6 
1.600000 78.000000 2 4 6 6 6 6 
0.600000 90.000000 1 2 3 6 6 6 
2.000000 78.000000 1 1 2 4 5 6 
0.600000 91.000000 1 2 3 4 6 6 
1.500000 79.000000 1 2 4 4 5 6 
0.700000 84.000000 2 3 5 5 6 6 
0.700000 86.000000 1 2 3 5 6 6 
2.100000 78.000000 1 1 2 4 6 6 
0.600000 89.000000 2 3 4 5 6 6 
2.000000 78.000000 1 1 2 4 4 6 
0.700000 87.000000 1 2 3 4 4 5 
0.500000 95.000000 2 3 3 4 5 6 
0.800000 85.000000 1 1 2 3 4 5 
0.700000 87.000000 1 2 3 4 5 6 
0.500000 95.000000 2 3 3 4 5 6 
0.600000 91.000000 1 2 3 4 6 6 
0.700000 87.000000 1 2 3 4 4 5 
1.700000 79.000000 1 1 2 4 4 4 
1.100000 81.000000 2 4 4 4 5 6 
0.800000 85.000000 1 1 2 3 4 5 
