date time lat lon depth mag dist baz cordeg phase phi delta err_phi_min err_phi_max err_dt_min err_dt_max confidence_level SplitInt SplitInt_err_min SplitInt_err_max delta_XC phi_XC Qa E_red Eig_ratio category 
15-Apr-2016 14:11:26 13.400800 -92.367000 22.410000 6.100000 93.512570 292.195490 -7.816500 SKS 106.000000 4.000000 -Inf Inf 0.000000 Inf 284980.641514 -0.291224 -0.589500 0.007051 0.274060 -33.804510 -0.825119 72.379882 0.024715 poor 
19-Apr-2016 05:25:39 -55.728300 -27.230700 14.000000 6.200000 105.640210 203.550390 -7.816500 SKS 136.000000 0.410256 -Inf Inf 0.000000 Inf 38988.155501 0.250906 0.042976 0.458836 0.234001 -22.449610 0.090145 19.623021 0.046933 poor 
20-Apr-2016 08:33:47 0.639000 -80.210400 14.000000 6.200000 93.963060 274.660520 -7.816500 SKS 97.000000 4.000000 -Inf Inf 0.000000 Inf 188696.857711 -0.079243 -0.310942 0.152455 0.108818 -37.339480 -0.987915 22.081639 0.031524 null-measurement 
18-May-2016 16:46:43 0.494700 -79.616000 29.950000 6.900000 93.632540 274.144140 -7.816500 SKS 17.000000 1.025641 -Inf Inf 0.000000 Inf 45272.110371 0.405092 0.248707 0.561476 0.417684 51.144140 -0.361673 50.064217 0.032268 poor 
28-May-2016 09:46:59 -56.240900 -26.935300 78.000000 7.200000 105.995850 203.128690 -7.816500 SKS 140.000000 0.615385 -Inf Inf 0.000000 Inf 59267.223259 0.471861 0.266475 0.677247 0.501881 -21.871310 0.373397 54.958444 0.049607 poor 
05-Jun-2016 16:25:33 -4.587000 125.626400 429.620000 6.300000 107.747630 79.114000 -7.816500 SKS 5.000000 1.435897 170.000000 75.000000 0.102564 4.000000 29691.689424 0.578068 0.355057 0.801079 0.576991 38.114000 -0.341122 75.723861 0.076862 poor 
07-Jun-2016 10:51:37 18.363700 -105.173100 10.000000 6.300000 97.934030 304.760140 -7.816500 SKS 36.000000 3.589744 -Inf Inf 0.000000 Inf 8491.187422 0.014196 -0.052524 0.080915 0.000000 -8.239860 -0.983180 8.647819 0.011981 null-measurement 
07-Jun-2016 19:15:15 1.278900 126.371200 31.000000 6.300000 104.120500 74.284420 -7.816500 SKS 21.000000 1.025641 177.000000 54.000000 0.512821 1.948718 10849.724635 0.993083 0.839573 1.146592 1.000318 23.284420 0.920167 91.083566 0.112631 good 
25-Jul-2016 17:26:50 -26.106700 -70.511100 72.000000 6.100000 105.155260 248.293550 -7.816500 SKS 70.000000 4.000000 -Inf Inf 0.000000 Inf 5813.151302 -0.021940 -0.086913 0.043032 0.018490 -65.706450 -0.979709 17.341801 0.012076 null-measurement 
29-Jul-2016 21:18:24 18.542900 145.507300 196.000000 7.700000 102.929650 48.148840 -7.816500 SKS 26.000000 0.717949 158.000000 40.000000 0.307692 1.743590 4400.994071 0.483079 0.417993 0.548166 0.478945 1.148840 0.088080 84.830120 0.027997 average 
04-Aug-2016 14:15:12 -22.334300 -66.007800 270.000000 6.200000 99.575250 248.293050 -7.816500 SKS 157.000000 2.461538 -Inf Inf 0.000000 Inf 4467.024544 -0.056257 -0.115812 0.003297 0.058842 -68.706950 -0.992199 18.159153 0.009720 null-measurement 
04-Aug-2016 16:24:33 24.944700 142.014100 510.000000 6.300000 95.833210 47.114440 -7.816500 SKS 32.000000 0.307692 -Inf Inf 0.000000 Inf 11987.716801 0.149960 0.082959 0.216960 0.149927 2.114440 -0.186558 37.371595 0.016047 null-measurement 
20-Nov-2016 20:57:44 -31.622600 -68.625900 108.000000 6.400000 107.532730 242.837560 -7.816500 SKS 65.000000 4.000000 -Inf Inf 0.000000 Inf 17206.027889 0.033435 -0.098196 0.165065 0.037860 20.837560 -0.971944 16.583127 0.041592 null-measurement 
20-Nov-2016 20:57:44 -31.622600 -68.625900 108.000000 6.400000 107.532730 242.837560 -7.816500 SKKS 148.000000 2.358974 -Inf Inf 0.000000 Inf 17961.931867 -0.199987 -0.327701 -0.072274 0.181803 -78.162440 -0.951478 42.438775 0.031604 poor 
20-Nov-2016 20:57:44 -31.622600 -68.625900 108.000000 6.400000 107.532730 242.837560 -7.816500 SKIKS 148.000000 2.358974 -Inf Inf 0.000000 Inf 18422.162314 -0.199177 -0.328795 -0.069559 0.181803 -78.162440 -0.951478 42.452349 0.031601 poor 
10-Jan-2017 06:13:48 4.478200 122.617100 627.170000 7.300000 99.211880 74.751720 -7.816500 SKS 12.000000 0.923077 174.000000 54.000000 0.410256 2.051282 6477.622751 0.724114 0.617203 0.831025 0.729995 34.751720 0.226207 86.742340 0.053801 good 
18-Feb-2017 12:10:17 -23.861300 -66.659200 222.000000 6.400000 101.055740 247.580930 -7.816500 SKS 156.000000 2.564103 -Inf Inf 0.000000 Inf 3663.526089 -0.023925 -0.080541 0.032691 0.017758 -68.419070 -0.980174 24.099986 0.008018 null-measurement 
21-Feb-2017 14:09:04 -19.281400 -63.904700 595.980000 6.500000 96.044190 249.135670 -7.816500 SKS 71.000000 3.076923 -Inf Inf 0.000000 Inf 13407.663252 -0.098366 -0.205899 0.009167 0.092330 -64.864330 -0.950815 16.380589 0.034030 null-measurement 
15-Apr-2017 08:19:43 -23.265300 -67.722500 155.000000 6.300000 101.368300 248.702940 -7.816500 SKS 70.000000 3.794872 -Inf Inf 0.000000 Inf 4758.429672 -0.075513 -0.146283 -0.004743 0.087250 -66.297060 -0.948194 17.916833 0.009584 null-measurement 
10-May-2017 23:23:36 -56.414000 -25.743200 15.000000 6.500000 105.810040 202.441610 -7.816500 SKS 122.000000 1.230769 113.000000 19.000000 0.102564 4.000000 11143.533410 0.343429 0.231590 0.455269 0.363850 -19.558390 -0.565821 43.452766 0.021916 poor 
12-May-2017 10:41:26 12.918700 -90.061100 16.000000 6.200000 92.301150 290.241900 -7.816500 SKS 15.000000 2.769231 -Inf Inf 0.000000 Inf 131703.600041 -0.172261 -0.493824 0.149303 0.205423 -29.758100 -0.921676 37.285134 0.041546 poor 
22-Jun-2017 12:31:03 13.717400 -90.971800 38.120000 6.800000 92.345000 291.432470 -7.816500 SKS 18.000000 2.974359 -Inf Inf 0.000000 Inf 10351.795592 -0.132453 -0.278396 0.013491 0.123254 -27.567530 -0.971914 31.161680 0.034063 null-measurement 
11-Aug-2017 05:28:25 14.006500 120.739100 172.000000 6.200000 91.108490 69.427420 -7.816500 SKS 48.000000 1.128205 -Inf Inf 0.000000 Inf 20161.120443 0.691400 0.478457 0.904344 0.689643 20.427420 -0.026195 65.583213 0.119363 poor 
10-Oct-2017 06:32:21 -18.571500 -69.752600 85.000000 6.300000 99.580090 253.508640 -7.816500 SKS 70.000000 1.230769 -Inf Inf 0.000000 Inf 7616.497711 0.096812 0.020325 0.173298 0.083244 24.508640 -0.944871 11.272757 0.016018 null-measurement 
21-Jan-2018 01:06:42 -18.880600 -69.444500 116.000000 6.300000 99.575700 253.077770 -7.816500 SKS 162.000000 2.358974 -Inf Inf 0.000000 Inf 4504.211267 -0.029927 -0.090431 0.030578 0.019663 -62.922230 -0.989947 12.287429 0.012051 null-measurement 
02-Apr-2018 13:40:34 -20.658800 -63.005800 559.000000 6.800000 96.396340 247.551450 -7.816500 SKS 154.000000 2.051282 -Inf Inf 0.000000 Inf 7517.632305 -0.122702 -0.202559 -0.042845 0.169028 -70.448550 -0.906635 36.811216 0.022258 null-measurement 
10-Apr-2018 10:19:34 -31.025800 -71.529200 66.000000 6.200000 109.041040 245.015070 -7.816500 SKS 150.000000 3.692308 -Inf Inf 0.000000 Inf 42585.231651 -0.002596 -0.267853 0.262662 0.021470 -75.984930 -1.016263 47.185316 0.028887 null-measurement 
28-Jul-2018 22:47:38 -8.239500 116.508000 14.000000 6.400000 103.692450 88.349930 -7.816500 SKS 10.000000 0.820513 -Inf Inf 0.000000 Inf 16846.840012 0.284265 0.150383 0.418146 0.326087 41.349930 -0.302649 30.051420 0.028987 poor 
05-Aug-2018 11:46:38 -8.258100 116.437500 34.000000 6.900000 103.653950 88.412890 -7.816500 SKS 19.000000 0.923077 6.000000 59.000000 0.410256 1.743590 8181.498425 0.557309 0.475470 0.639148 0.557890 41.412890 0.100464 77.903398 0.063897 average 
17-Aug-2018 15:35:01 -7.371800 119.801700 529.000000 6.500000 105.487240 85.390840 -7.816500 SKS 17.000000 0.923077 1.000000 65.000000 0.307692 2.051282 8878.656044 0.588428 0.479011 0.697844 0.602931 37.390840 0.193013 87.464383 0.068665 good 
24-Aug-2018 09:04:08 -11.035500 -70.828400 630.000000 7.100000 95.193900 259.750330 -7.816500 SKS 75.000000 1.743590 67.000000 77.000000 0.512821 2.974359 2540.261787 0.128241 0.052791 0.203692 0.125843 31.750330 -0.889222 78.618781 0.011606 null-measurement 
28-Aug-2018 07:08:11 -10.773000 124.187100 14.000000 6.200000 110.975760 84.882000 -7.816500 SKS 21.000000 0.820513 -Inf Inf 0.000000 Inf 25717.117197 0.588362 0.371817 0.804907 0.602052 45.882000 0.132101 49.381615 0.062465 poor 
07-Sep-2018 02:12:06 -2.253200 -78.790300 110.500000 6.200000 94.927170 271.587470 -7.816500 SKS 87.000000 1.128205 -Inf Inf 0.000000 Inf 9196.747457 0.139361 0.050112 0.228610 0.125330 45.587470 -0.809463 29.844489 0.028322 null-measurement 
28-Sep-2018 10:02:45 -0.255900 119.846200 20.000000 7.500000 100.591850 80.121100 -7.816500 SKS 55.000000 1.025641 -Inf Inf 0.000000 Inf 46730.888322 0.757461 0.533482 0.981441 0.752052 28.121100 0.074870 76.242833 0.070945 poor 
11-Dec-2018 02:26:29 -58.544600 -26.385600 133.000000 7.100000 107.826220 201.628010 -7.816500 SKS 176.000000 0.307692 -Inf Inf 0.000000 Inf 35884.417789 0.219741 0.020111 0.419371 0.237518 -27.371990 0.197794 10.157555 0.037432 poor 
11-Dec-2018 02:26:29 -58.544600 -26.385600 133.000000 7.100000 107.826220 201.628010 -7.816500 SKKS 98.000000 4.000000 -Inf Inf 0.000000 Inf 445869.555140 0.311144 -0.642019 1.264307 0.000000 -45.371990 -0.823471 NaN 0.137847 poor 
05-Jan-2019 19:25:38 -8.144000 -71.587000 570.410000 6.800000 93.753300 262.364000 -7.816500 SKS 78.000000 2.358974 -Inf Inf 0.000000 Inf 39054.493345 0.120213 -0.065322 0.305747 0.114314 29.364000 -1.036447 19.939826 0.044716 null-measurement 
06-Jan-2019 17:27:18 2.258000 126.758000 43.210000 6.600000 103.687620 73.300280 -7.816500 SKS 30.000000 0.923077 176.000000 61.000000 0.512821 2.153846 12304.069627 0.908942 0.768131 1.049753 0.931216 27.300280 0.914260 81.948838 0.073752 average 
21-Jan-2019 23:59:23 -10.327800 119.152100 26.000000 6.000000 107.027420 88.090510 -7.816500 SKS 3.000000 4.000000 -Inf Inf 0.000000 Inf 31779.007272 0.007853 -0.186063 0.201770 0.000000 -37.909490 -0.911263 51.071802 0.041965 null-measurement 
22-Jan-2019 05:10:03 -10.414800 119.016500 24.000000 6.300000 106.987840 88.251740 -7.816500 SKS 29.000000 0.717949 -Inf Inf 0.000000 Inf 41795.138052 0.598713 0.410032 0.787394 0.583586 44.251740 0.452467 77.979354 0.058152 poor 
22-Feb-2019 10:17:23 -2.186200 -77.050500 145.000000 7.500000 93.618370 270.433300 -7.816500 SKS 3.000000 4.000000 -Inf Inf 0.000000 Inf 10267.358117 0.127918 -0.006352 0.262188 0.140254 48.433300 -0.975071 23.181251 0.008842 null-measurement 
01-Mar-2019 08:50:42 -14.713100 -70.154600 267.000000 7.000000 97.233110 256.615100 -7.816500 SKS 80.000000 4.000000 -Inf Inf 0.000000 Inf 26021.659343 -0.088629 -0.345344 0.168086 0.088422 -55.384900 -0.969388 32.777879 0.034155 null-measurement 
15-Mar-2019 05:03:50 -17.874400 -65.907200 359.000000 6.300000 96.438690 251.480550 -7.816500 SKS 170.000000 1.333333 -Inf Inf 0.000000 Inf 24291.065658 0.254749 0.078217 0.431282 0.267611 28.480550 -0.655357 23.406173 0.057931 poor 
12-Apr-2019 11:40:49 -1.814600 122.579800 15.460000 6.800000 103.634660 79.289750 -7.816500 SKS 14.000000 1.025641 3.000000 31.000000 0.615385 1.538462 3075.176944 0.725593 0.641273 0.809912 0.747802 29.289750 0.385462 94.794377 0.065688 good 
04-Jun-2019 04:39:16 29.066500 139.289000 422.000000 6.400000 91.075810 46.633850 -7.816500 SKS 139.000000 0.615385 -Inf Inf 0.000000 Inf 5036.885853 0.045694 0.001133 0.090255 0.035467 2.633850 -0.912203 6.371997 0.007279 null-measurement 
14-Jun-2019 00:19:12 -30.055700 -72.081900 11.000000 6.400000 108.783430 246.123690 -7.816500 SKS 153.000000 4.000000 -Inf Inf 0.000000 Inf 36802.262566 -0.155226 -0.324580 0.014129 0.181583 -72.876310 -0.975143 49.963095 0.013882 poor 
28-Jun-2019 15:51:31 19.851500 144.347700 410.000000 6.400000 101.231040 48.306180 -7.816500 SKS 166.000000 0.615385 -Inf Inf 0.000000 Inf 21888.878864 0.475619 0.335875 0.615364 0.463752 8.306180 0.217151 62.794809 0.033763 poor 
07-Jul-2019 15:08:40 0.512600 126.189200 35.000000 6.900000 104.540870 74.968310 -7.816500 SKS 22.000000 0.717949 178.000000 55.000000 0.410256 1.435897 4778.306490 0.683679 0.612185 0.755173 0.722081 20.968310 0.966582 93.777204 0.058725 good 
16-Oct-2019 11:37:06 6.714700 125.007000 16.120000 6.400000 99.266820 71.452450 -7.816500 SKS 19.000000 1.025641 -Inf Inf 0.000000 Inf 66136.096314 0.956895 0.659018 1.254772 0.964191 35.452450 0.476053 55.245724 0.165856 poor 
29-Oct-2019 01:04:43 6.756700 125.008200 15.000000 6.600000 99.237340 71.422320 -7.816500 SKS 14.000000 1.333333 173.000000 49.000000 0.512821 2.358974 45507.795620 1.185571 0.947041 1.424101 1.462042 2.422320 0.615438 90.346972 0.259652 good 
31-Oct-2019 01:11:19 6.909800 125.178200 10.000000 6.500000 99.243570 71.192080 -7.816500 SKKS 3.000000 1.641026 -Inf Inf 0.000000 Inf 181502.801978 0.886078 0.451183 1.320973 3.785887 -43.807920 -0.675073 34.605113 0.331318 poor 
14-Nov-2019 16:17:40 1.621300 126.415600 33.000000 7.100000 103.906270 74.006990 -7.816500 SKS 25.000000 0.717949 179.000000 56.000000 0.410256 1.230769 4660.079925 0.686782 0.615226 0.758338 0.665217 30.006990 0.811454 89.807047 0.051523 good 
15-Dec-2019 06:11:51 6.696900 125.173900 18.000000 6.800000 99.394370 71.343430 -7.816500 SKS 51.000000 1.025641 164.000000 69.000000 0.102564 4.000000 21150.365549 0.598189 0.422637 0.773742 0.656668 27.343430 0.099133 53.968013 0.069964 poor 
