date time lat lon depth mag dist baz cordeg phase phi delta err_phi_min err_phi_max err_dt_min err_dt_max confidence_level SplitInt SplitInt_err_min SplitInt_err_max delta_XC phi_XC Qa E_red Eig_ratio category 
15-Apr-2016 14:11:26 13.400800 -92.367000 22.410000 6.100000 93.820020 293.175340 6.060330 SKS 116.000000 4.000000 -Inf Inf 0.000000 Inf 41698.995310 -0.155377 -0.352097 0.041344 0.185540 -17.824660 -0.981061 20.542768 0.033240 poor 
19-Apr-2016 05:25:39 -55.728300 -27.230700 14.000000 6.200000 107.249390 204.351440 6.060330 SKS 121.000000 2.358974 -Inf Inf 0.000000 Inf 30021.882754 0.318909 0.077497 0.560321 0.334880 -15.648560 -0.824448 50.270577 0.024834 poor 
20-Apr-2016 08:33:47 0.639000 -80.210400 14.000000 6.200000 94.739690 275.648220 6.060330 SKS 171.000000 2.051282 -Inf Inf 0.000000 Inf 271333.454234 -0.771737 -1.088801 -0.454673 0.771128 -48.351780 -0.519337 83.809736 0.070745 poor 
07-Jun-2016 10:51:37 18.363700 -105.173100 10.000000 6.300000 97.883280 305.862560 6.060330 SKS 114.000000 1.846154 50.000000 124.000000 0.205128 4.000000 14513.778092 0.570196 0.374886 0.765507 0.561187 77.862560 -0.502894 83.515461 0.049519 poor 
07-Jun-2016 19:15:15 1.278900 126.371200 31.000000 6.300000 102.882090 74.914640 6.060330 SKS 73.000000 4.000000 -Inf Inf 0.000000 Inf 35469.407495 -0.075407 -0.265099 0.114285 0.085491 -62.085360 -0.976826 19.190431 0.017054 null-measurement 
25-Jul-2016 17:26:50 -26.106700 -70.511100 72.000000 6.100000 106.488530 249.440870 6.060330 SKS 140.000000 1.435897 117.000000 150.000000 0.717949 2.358974 6119.920792 -0.803458 -0.961200 -0.645717 0.802149 -66.559130 -0.042246 93.195124 0.062345 good 
29-Jul-2016 21:18:24 18.542900 145.507300 196.000000 7.700000 101.349770 48.943810 6.060330 SKS 125.000000 1.230769 52.000000 138.000000 0.102564 4.000000 21653.464051 -0.491749 -0.647840 -0.335659 0.519101 -84.056190 -0.225781 58.854324 0.040934 poor 
04-Aug-2016 14:15:12 -22.334300 -66.007800 270.000000 6.200000 100.909350 249.343590 6.060330 SKS 140.000000 1.538462 119.000000 149.000000 0.820513 2.564103 5369.654852 -0.859031 -1.029754 -0.688308 0.857352 -65.656410 -0.020847 96.512950 0.066732 good 
04-Aug-2016 16:24:33 24.944700 142.014100 510.000000 6.300000 94.246490 47.964420 6.060330 SKS 123.000000 1.743590 94.000000 133.000000 0.512821 3.487179 22332.170373 -0.597986 -0.827077 -0.368895 0.591475 87.964420 -0.444152 78.208192 0.069020 average 
21-Aug-2016 03:45:23 -55.313300 -31.750800 12.000000 6.100000 108.286260 206.859700 6.060330 SKS 127.000000 2.358974 -Inf Inf 0.000000 Inf 49763.969995 0.539365 0.236492 0.842238 0.529873 -11.140300 -0.712609 66.480132 0.044186 poor 
23-Aug-2016 19:39:44 -7.287200 122.434500 533.000000 6.000000 106.276660 83.964690 6.060330 SKS 162.000000 1.435897 -Inf Inf 0.000000 Inf 44536.974314 -0.484754 -0.721428 -0.248080 0.480117 -53.035310 -0.448604 67.263839 0.047986 poor 
18-Feb-2017 12:10:17 -23.861300 -66.659200 222.000000 6.400000 102.401290 248.653410 6.060330 SKS 142.000000 1.641026 131.000000 149.000000 1.025641 2.461538 4033.487448 -0.736402 -0.879777 -0.593027 0.777235 -63.346590 -0.090254 93.239214 0.051513 good 
15-Apr-2017 08:19:43 -23.265300 -67.722500 155.000000 6.300000 102.695330 249.786040 6.060330 SKS 144.000000 1.743590 -Inf Inf 0.000000 Inf 77555.195094 -0.795047 -1.054481 -0.535612 0.793942 -69.213960 -0.297242 88.750638 0.059385 poor 
10-May-2017 23:23:36 -56.414000 -25.743200 15.000000 6.500000 107.413540 203.232480 6.060330 SKS 121.000000 3.076923 -Inf Inf 0.000000 Inf 216904.258477 0.494281 0.146275 0.842288 0.504006 -12.767520 -0.873368 66.279594 0.029436 poor 
24-Oct-2017 10:47:47 -7.216800 123.073500 553.810000 6.700000 106.677470 83.446410 6.060330 SKS 81.000000 2.666667 -Inf Inf 0.000000 Inf 9326.226671 0.157352 0.039588 0.275115 0.185760 38.446410 -0.876038 25.420038 0.015693 poor 
21-Jan-2018 01:06:42 -18.880600 -69.444500 116.000000 6.300000 100.826220 254.146700 6.060330 SKS 148.000000 1.538462 81.000000 162.000000 0.205128 4.000000 15149.015525 -0.699536 -0.907215 -0.491857 0.698144 -62.853300 -0.239701 85.901012 0.052028 poor 
02-Apr-2018 13:40:34 -20.658800 -63.005800 559.000000 6.800000 97.743020 248.546600 6.060330 SKS 145.000000 1.948718 119.000000 154.000000 0.615385 3.794872 20277.132308 -0.550682 -0.756049 -0.345314 0.577430 -71.453400 -0.517497 69.399051 0.076239 poor 
28-Aug-2018 07:08:11 -10.773000 124.187100 14.000000 6.200000 109.951850 85.293200 6.060330 SKS 173.000000 2.153846 -Inf Inf 0.000000 Inf 9056.316720 -0.110990 -0.224818 0.002838 0.108207 -51.706800 -0.943737 13.037572 0.019648 null-measurement 
07-Sep-2018 02:12:06 -2.253200 -78.790300 110.500000 6.200000 95.779510 272.596570 6.060330 SKS 165.000000 1.128205 121.000000 176.000000 0.410256 2.358974 4922.881809 -0.599924 -0.708421 -0.491427 0.588422 -42.403430 -0.095214 90.294128 0.048503 average 
01-Nov-2018 22:19:51 -19.582700 -69.265600 102.000000 6.200000 101.190520 253.513630 6.060330 SKS 140.000000 1.128205 104.000000 154.000000 0.512821 2.051282 5963.049803 -0.773275 -0.903814 -0.642737 0.784148 -58.486370 0.276448 93.937853 0.065660 good 
01-Mar-2019 08:50:42 -14.713100 -70.154600 267.000000 7.000000 98.416670 257.649490 6.060330 SKS 149.000000 0.923077 80.000000 166.000000 0.102564 4.000000 7221.804954 -0.527130 -0.663858 -0.390402 0.527308 -56.350510 -0.001183 58.656848 0.029076 poor 
31-May-2019 10:12:32 6.279500 126.479000 98.720000 6.100000 99.289160 71.392820 6.060330 SKS 140.000000 1.025641 93.000000 155.000000 0.307692 2.256410 26928.499025 -0.611054 -0.753310 -0.468797 0.615535 -67.607180 -0.035622 83.292054 0.114399 average 
07-Jul-2019 15:08:40 0.512600 126.189200 35.000000 6.900000 103.315130 75.586530 6.060330 SKS 160.000000 2.256410 -Inf Inf 0.000000 Inf 51161.474529 -0.235421 -0.503843 0.033002 0.240743 -64.413470 -0.882604 43.311920 0.022841 poor 
