date time lat lon depth mag dist baz cordeg phase phi delta err_phi_min err_phi_max err_dt_min err_dt_max confidence_level SplitInt SplitInt_err_min SplitInt_err_max delta_XC phi_XC Qa E_red Eig_ratio category 15-Apr-2016 14:11:26 13.400800 -92.367000 22.410000 6.100000 93.783150 292.873610 -9.243874 SKS 26.000000 2.564103 -Inf Inf 0.000000 Inf 29298.195906 0.134667 -0.037140 0.306473 0.166097 72.873610 -0.979720 13.369970 0.038374 null-measurement
19-Apr-2016 05:25:39 -55.728300 -27.230700 14.000000 6.200000 106.655610 204.095050 -9.243874 SKS 27.000000 4.000000 -Inf Inf 0.000000 Inf 21748.534833 0.148867 -0.051412 0.349145 0.177821 -16.904950 -0.931315 16.915896 0.018832 null-measurement
20-Apr-2016 08:33:47 0.639000 -80.210400 14.000000 6.200000 94.525710 275.340560 -9.243874 SKS 100.000000 4.000000 -Inf Inf 0.000000 Inf 98363.465926 -0.112167 -0.488521 0.264186 0.174695 -31.659440 -1.033981 40.314368 0.055461 null-measurement
07-Jun-2016 10:51:37 18.363700 -105.173100 10.000000 6.300000 97.977450 305.518910 -9.243874 SKS 42.000000 3.897436 -Inf Inf 0.000000 Inf 221596.335789 0.362273 -0.035122 0.759668 0.355032 -88.481090 -1.018433 54.657597 0.034188 poor
21-Aug-2016 03:45:23 -55.313300 -31.750800 12.000000 6.100000 107.691910 206.595410 -9.243874 SKS 119.000000 2.564103 -Inf Inf 0.000000 Inf 14833.550569 0.140537 -0.002257 0.283331 0.154470 -15.404590 -0.954370 16.985857 0.012904 null-measurement
23-Aug-2016 19:39:44 -7.287200 122.434500 533.000000 6.000000 106.600830 83.845850 -9.243874 SKS 82.000000 4.000000 -Inf Inf 0.000000 Inf 11091.405701 -0.031959 -0.153029 0.089112 0.000000 -53.154150 -0.996577 17.840217 0.028600 null-measurement
18-Feb-2017 12:10:17 -23.861300 -66.659200 222.000000 6.400000 101.958400 248.304400 -9.243874 SKS 78.000000 1.846154 -Inf Inf 0.000000 Inf 223985.121626 -0.510204 -0.765253 -0.255155 0.522912 -64.695600 -0.549812 61.464350 0.038420 poor
21-Feb-2017 14:09:04 -19.281400 -63.904700 595.980000 6.500000 96.932370 249.814440 -9.243874 SKS 82.000000 0.820513 -Inf Inf 0.000000 Inf 7683.191805 -0.315263 -0.413623 -0.216902 0.317294 -62.185560 -0.420953 61.216359 0.015119 poor
15-Apr-2017 08:19:43 -23.265300 -67.722500 155.000000 6.300000 102.260370 249.432980 -9.243874 SKS 88.000000 1.435897 -Inf Inf 0.000000 Inf 168794.080198 -0.791386 -1.024955 -0.557817 0.810552 -65.567020 -0.034124 82.907391 0.061213 poor
22-Jun-2017 12:31:03 13.717400 -90.971800 38.120000 6.800000 92.629240 292.090030 -9.243874 SKS 117.000000 2.051282 -Inf Inf 0.000000 Inf 420552.794333 -0.306070 -0.885389 0.273249 0.250318 -22.909970 -0.768907 21.309106 0.044660 poor
11-Aug-2017 05:28:25 14.006500 120.739100 172.000000 6.200000 90.220010 70.039970 -9.243874 SKS 153.000000 1.846154 70.000000 160.000000 0.000000 4.000000 3588.618962 -0.347798 -0.490718 -0.204877 0.317733 -67.960030 -0.740066 73.366655 0.033321 poor
14-Jan-2018 09:18:45 -15.767500 -74.709200 39.000000 7.100000 101.961830 259.624260 -9.243874 SKS 107.000000 1.333333 -Inf Inf 0.000000 Inf 334043.137307 -1.029965 -1.365948 -0.693982 0.989839 -54.375740 0.310567 78.447288 0.112716 poor
21-Jan-2018 01:06:42 -18.880600 -69.444500 116.000000 6.300000 100.423430 253.801410 -9.243874 SKS 88.000000 1.435897 -Inf Inf 0.000000 Inf 24969.083940 -0.616652 -0.816157 -0.417146 0.610039 -60.198590 -0.288582 56.290538 0.054324 poor
02-Apr-2018 13:40:34 -20.658800 -63.005800 559.000000 6.800000 97.299490 248.230830 -9.243874 SKS 82.000000 1.538462 -Inf Inf 0.000000 Inf 39601.078200 -0.618785 -0.854066 -0.383503 0.638935 -65.769170 -0.307567 63.836760 0.063095 poor
19-Aug-2018 14:56:27 -8.319000 116.627200 21.000000 6.900000 103.169860 88.751630 -9.243874 SKS 87.000000 4.000000 -Inf Inf 0.000000 Inf 172876.490704 0.024078 -0.228202 0.276357 0.070420 38.751630 -1.056542 21.754656 0.005611 null-measurement
07-Sep-2018 02:12:06 -2.253200 -78.790300 110.500000 6.200000 95.536230 272.280050 -9.243874 SKS 95.000000 4.000000 -Inf Inf 0.000000 Inf 206920.773775 -0.181498 -0.445879 0.082883 0.180703 -40.719950 -0.939045 30.438736 0.036967 poor
01-Nov-2018 22:19:51 -19.582700 -69.265600 102.000000 6.200000 100.782910 253.166340 -9.243874 SKS 87.000000 1.025641 -Inf Inf 0.000000 Inf 10097.047247 -0.425344 -0.539994 -0.310694 0.431510 -60.833660 -0.301163 69.527980 0.030558 poor
11-Dec-2018 02:26:29 -58.544600 -26.385600 133.000000 7.100000 108.832570 202.150870 -9.243874 SKS 118.000000 0.512821 -Inf Inf 0.000000 Inf 7836.310336 0.098901 -0.022632 0.220433 0.118466 -21.849130 -0.665799 5.545118 0.011502 null-measurement
22-Jan-2019 05:10:03 -10.414800 119.016500 24.000000 6.300000 106.323190 88.629240 -9.243874 SKS 175.000000 4.000000 -Inf Inf 0.000000 Inf 12966.416296 0.026236 -0.162435 0.214907 0.022570 37.629240 -0.942244 39.395523 0.020271 null-measurement
01-Feb-2019 16:14:12 14.680200 -92.452700 66.000000 6.700000 92.897480 293.796690 -9.243874 SKS 115.000000 4.000000 -Inf Inf 0.000000 Inf 32190.662339 -0.114270 -0.346417 0.117878 0.095945 -23.203310 -0.905414 1.983009 0.065734 poor
22-Feb-2019 10:17:23 -2.186200 -77.050500 145.000000 7.500000 94.244650 271.105740 -9.243874 SKS 103.000000 2.256410 -Inf Inf 0.000000 Inf 25744.340108 -0.725083 -1.030867 -0.419300 0.756229 -44.894260 -0.379171 62.526216 0.051216 poor
01-Mar-2019 08:50:42 -14.713100 -70.154600 267.000000 7.000000 98.041460 257.319600 -9.243874 SKS 159.000000 2.153846 -Inf Inf 0.000000 Inf 248055.941263 -0.516608 -0.805053 -0.228163 0.526795 -61.680400 -0.666065 64.628528 0.023397 poor
14-Jun-2019 00:19:12 -30.055700 -72.081900 11.000000 6.400000 109.698960 246.915990 -9.243874 SKS 135.000000 0.615385 -Inf Inf 0.000000 Inf 18352.760023 -0.403329 -0.594725 -0.211932 0.383683 -72.084010 -0.003999 36.671517 0.030913 poor
24-Jun-2019 02:53:39 -6.407800 129.169200 212.000000 7.300000 110.740730 78.216750 -9.243874 SKS 76.000000 4.000000 -Inf Inf 0.000000 Inf 84591.711311 0.044260 -0.146331 0.234851 0.062140 29.216750 -1.024844 24.262872 0.030201 null-measurement
07-Jul-2019 15:08:40 0.512600 126.189200 35.000000 6.900000 103.708660 75.427780 -9.243874 SKS 162.000000 4.000000 -Inf Inf 0.000000 Inf 102161.027918 -0.115315 -0.354917 0.124286 0.118417 -64.572220 -1.006372 49.196042 0.009285 null-measurement
14-Jul-2019 09:10:51 -0.585800 128.034000 18.980000 7.200000 105.777330 74.827130 -9.243874 SKS 166.000000 4.000000 -Inf Inf 0.000000 Inf 250846.025188 -0.029287 -0.177416 0.118842 0.023937 -58.172870 -0.975674 14.012920 0.015745 null-measurement
