date time lat lon depth mag dist baz cordeg phase phi delta err_phi_min err_phi_max err_dt_min err_dt_max confidence_level SplitInt SplitInt_err_min SplitInt_err_max delta_XC phi_XC Qa E_red Eig_ratio category 
07-Jun-2016 10:51:37 18.363700 -105.173100 10.000000 6.300000 95.929680 303.552770 -3.031176 SKS 122.000000 3.384615 -Inf Inf 0.000000 Inf 141932.018543 0.128465 -0.056307 0.313236 0.110528 78.552770 -0.932839 18.154105 0.023335 null-measurement 
07-Jun-2016 19:15:15 1.278900 126.371200 31.000000 6.300000 104.899170 72.508820 -3.031176 SKS 13.000000 1.025641 -Inf Inf 0.000000 Inf 38270.261055 0.862990 0.639603 1.086376 0.871275 32.508820 0.351001 69.839735 0.078261 poor 
25-Jul-2016 17:26:50 -26.106700 -70.511100 72.000000 6.100000 104.554770 247.542650 -3.031176 SKS 58.000000 1.230769 -Inf Inf 0.000000 Inf 92070.889661 0.331999 0.134363 0.529636 0.343527 20.542650 -0.557267 57.469105 0.024594 poor 
29-Jul-2016 21:18:24 18.542900 145.507300 196.000000 7.700000 102.772200 46.402490 -3.031176 SKS 51.000000 1.538462 47.000000 123.000000 0.102564 3.282051 1961.871361 -0.203786 -0.254016 -0.153556 0.204446 -86.597510 -0.810949 74.801518 0.006009 poor 
04-Aug-2016 14:15:12 -22.334300 -66.007800 270.000000 6.200000 98.978440 247.337420 -3.031176 SKS 52.000000 0.615385 -Inf Inf 0.000000 Inf 6587.016392 0.298911 0.205039 0.392783 0.289643 20.337420 -0.245199 55.113675 0.016682 poor 
04-Aug-2016 16:24:33 24.944700 142.014100 510.000000 6.300000 95.643680 45.633420 -3.031176 SKS 62.000000 0.512821 49.000000 119.000000 0.205128 1.435897 2983.230516 -0.258865 -0.295948 -0.221782 0.254348 -88.366580 -0.172763 74.412820 0.012745 poor 
19-Aug-2016 07:32:22 -55.285200 -31.876600 10.000000 7.400000 107.589230 205.422390 -3.031176 SKS 143.000000 0.205128 -Inf Inf 0.000000 Inf 4802.875534 0.159884 0.071235 0.248533 0.146849 -18.577610 0.295278 26.401028 0.008743 poor 
21-Aug-2016 03:45:23 -55.313300 -31.750800 12.000000 6.100000 107.574990 205.342720 -3.031176 SKS 130.000000 0.410256 -Inf Inf 0.000000 Inf 9242.456750 0.195240 0.105130 0.285350 0.215486 -18.657280 -0.192065 28.894510 0.015430 poor 
20-Nov-2016 20:57:44 -31.622600 -68.625900 108.000000 6.400000 107.124570 242.195900 -3.031176 SKS 55.000000 1.230769 -Inf Inf 0.000000 Inf 8516.640061 0.250135 0.152187 0.348082 0.249902 15.195900 -0.683769 68.536358 0.018005 poor 
20-Nov-2016 20:57:44 -31.622600 -68.625900 108.000000 6.400000 107.124570 242.195900 -3.031176 SKIKS 156.000000 1.333333 -Inf Inf 0.000000 Inf 14121.192779 0.121850 -0.008926 0.252626 0.116805 19.195900 -0.872908 14.320616 0.027747 null-measurement 
10-Jan-2017 06:13:48 4.478200 122.617100 627.170000 7.300000 100.009790 73.150600 -3.031176 SKS 27.000000 1.025641 168.000000 67.000000 0.205128 3.076923 22908.757750 1.001083 0.760511 1.241654 1.036444 30.150600 0.899895 78.267992 0.102060 average 
18-Feb-2017 12:10:17 -23.861300 -66.659200 222.000000 6.400000 100.483030 246.680710 -3.031176 SKS 63.000000 2.358974 -Inf Inf 0.000000 Inf 4121.596606 0.120744 0.016654 0.224835 0.120176 19.680710 -0.911755 60.454682 0.009088 null-measurement 
21-Feb-2017 14:09:04 -19.281400 -63.904700 595.980000 6.500000 95.420100 248.052510 -3.031176 SKS 59.000000 1.230769 -Inf Inf 0.000000 Inf 10615.494567 0.325819 0.215672 0.435967 0.331363 19.052510 -0.626082 77.395882 0.024690 poor 
15-Apr-2017 08:19:43 -23.265300 -67.722500 155.000000 6.300000 100.755950 247.811090 -3.031176 SKS 59.000000 0.615385 -Inf Inf 0.000000 Inf 20979.978295 0.168849 -0.002371 0.340069 0.184074 21.811090 -0.532450 13.300375 0.021974 poor 
10-May-2017 23:23:36 -56.414000 -25.743200 15.000000 6.500000 106.836200 201.695840 -3.031176 SKS 113.000000 1.435897 -Inf Inf 0.000000 Inf 16523.603040 0.050248 -0.098227 0.198723 0.047875 -23.304160 -0.937682 3.029630 0.019731 null-measurement 
11-Aug-2017 05:28:25 14.006500 120.739100 172.000000 6.200000 91.728500 68.104160 -3.031176 SKS 18.000000 0.923077 171.000000 51.000000 0.512821 1.846154 10089.550955 0.916775 0.778092 1.055458 0.885393 30.104160 0.615247 84.247103 0.124202 average 
10-Oct-2017 06:32:21 -18.571500 -69.752600 85.000000 6.300000 98.802810 252.539600 -3.031176 SKS 171.000000 1.333333 -Inf Inf 0.000000 Inf 12698.781941 0.344355 0.204201 0.484509 0.344700 31.539600 -0.650073 41.423766 0.020802 poor 
24-Oct-2017 10:47:47 -7.216800 123.073500 553.810000 6.700000 108.804340 81.074330 -3.031176 SKS 13.000000 1.128205 173.000000 77.000000 0.102564 4.000000 16821.565094 0.716754 0.521405 0.912103 0.736566 36.074330 0.124296 76.313020 0.071527 poor 
24-Oct-2017 10:47:47 -7.216800 123.073500 553.810000 6.700000 108.804340 81.074330 -3.031176 SKKS 8.000000 0.820513 -Inf Inf 0.000000 Inf 18770.589304 0.414441 0.257274 0.571607 0.408818 38.074330 -0.181868 55.323140 0.034931 poor 
14-Jan-2018 09:18:45 -15.767500 -74.709200 39.000000 7.100000 100.223800 257.935020 -3.031176 SKS 65.000000 0.820513 -Inf Inf 0.000000 Inf 13739.533674 0.323305 0.179492 0.467119 0.359062 30.935020 -0.333667 35.487686 0.024466 poor 
21-Jan-2018 01:06:42 -18.880600 -69.444500 116.000000 6.300000 98.813100 252.109780 -3.031176 SKS 51.000000 0.717949 163.000000 71.000000 0.000000 4.000000 7589.293922 0.460236 0.350622 0.569850 0.478090 24.109780 0.031812 75.473802 0.024846 poor 
11-Feb-2018 23:14:15 13.820500 146.437700 10.000000 6.000000 107.226220 48.242710 -3.031176 SKS 65.000000 1.333333 -Inf Inf 0.000000 Inf 521734.784692 -0.594892 -0.907296 -0.282487 0.000000 56.242710 -0.440744 55.332855 0.137083 poor 
