date time lat lon depth mag dist baz cordeg phase phi delta err_phi_min err_phi_max err_dt_min err_dt_max confidence_level SplitInt SplitInt_err_min SplitInt_err_max category
15-Apr-2016 14:11:26 13.400800 -92.367000 22.410000 6.100000 93.087670 292.904530 -5.448619 SKS 82.000000 0.717949 29.000000 106.000000 0.205128 2.153846 9482.301548 0.602643 0.494605 0.710680 average
20-Apr-2016 08:33:47 0.639000 -80.210400 14.000000 6.200000 94.313300 275.408470 -5.448619 SKS 94.000000 3.897436 -Inf Inf 0.000000 Inf 4308.886696 0.030956 -0.053023 0.114936 null-measurement
18-May-2016 07:57:02 0.426100 -79.789900 16.000000 6.700000 94.175760 274.956630 -5.448619 SKS 170.000000 0.512821 -Inf Inf 0.000000 Inf 21529.655449 -0.236841 -0.354836 -0.118845 poor
18-May-2016 16:46:43 0.494700 -79.616000 29.950000 6.900000 94.005850 274.877860 -5.448619 SKS 168.000000 0.820513 -Inf Inf 0.000000 Inf 25078.825554 -0.431887 -0.599224 -0.264551 poor
05-Jun-2016 16:25:33 -4.587000 125.626400 429.620000 6.300000 106.701880 78.976020 -5.448619 SKS 96.000000 0.717949 -Inf Inf 0.000000 Inf 23294.625114 -0.370751 -0.505588 -0.235913 poor
07-Jun-2016 10:51:37 18.363700 -105.173100 10.000000 6.300000 96.970140 305.631390 -5.448619 SKS 66.000000 1.538462 45.000000 103.000000 0.615385 2.974359 47462.925731 1.301526 1.062242 1.540810 average
07-Jun-2016 19:15:15 1.278900 126.371200 31.000000 6.300000 102.886930 74.330990 -5.448619 SKS 123.000000 0.615385 75.000000 164.000000 0.000000 3.794872 18071.866589 -0.572024 -0.710382 -0.433666 poor
25-Jul-2016 17:26:50 -26.106700 -70.511100 72.000000 6.100000 106.582070 249.460330 -5.448619 SKS 106.000000 1.230769 93.000000 124.000000 0.923077 1.641026 6605.902738 -1.178309 -1.298102 -1.058516 good
29-Jul-2016 21:18:24 18.542900 145.507300 196.000000 7.700000 100.845670 48.421040 -5.448619 SKS 119.000000 2.153846 105.000000 127.000000 1.230769 3.179487 13569.811408 -1.063520 -1.327608 -0.799433 average
04-Aug-2016 14:15:12 -22.334300 -66.007800 270.000000 6.200000 101.006120 249.243300 -5.448619 SKS 106.000000 1.025641 83.000000 139.000000 0.615385 1.948718 8764.430430 -0.982119 -1.095013 -0.869225 good
04-Aug-2016 16:24:33 24.944700 142.014100 510.000000 6.300000 93.726140 47.574030 -5.448619 SKS 112.000000 1.948718 85.000000 128.000000 0.820513 3.282051 49472.248744 -1.250059 -1.659180 -0.840939 average
21-Aug-2016 03:45:23 -55.313300 -31.750800 12.000000 6.100000 109.141240 206.803910 -5.448619 SKS 20.000000 0.615385 -Inf Inf 0.000000 Inf 18054.788023 0.123972 -0.007583 0.255526 null-measurement
23-Aug-2016 19:39:44 -7.287200 122.434500 533.000000 6.000000 106.463760 83.309630 -5.448619 SKS 168.000000 2.564103 158.000000 172.000000 0.615385 4.000000 5697.543272 -0.224284 -0.343332 -0.105236 poor
04-Nov-2016 16:20:44 -35.094500 -71.045700 90.000000 6.300000 112.979960 242.750780 -5.448619 SKS 124.000000 1.333333 70.000000 149.000000 0.205128 3.487179 58055.718885 -1.013998 -1.307047 -0.720949 poor
20-Nov-2016 20:57:44 -31.622600 -68.625900 108.000000 6.400000 109.152920 244.056590 -5.448619 SKS 83.000000 1.333333 69.000000 128.000000 0.410256 2.871795 13811.423754 -0.707694 -0.877396 -0.537993 average
18-Feb-2017 12:10:17 -23.861300 -66.659200 222.000000 6.400000 102.511720 248.584490 -5.448619 SKS 111.000000 1.435897 94.000000 129.000000 0.923077 1.948718 21632.025667 -1.499543 -1.684298 -1.314789 good
21-Feb-2017 14:09:04 -19.281400 -63.904700 595.980000 6.500000 97.446400 249.955150 -5.448619 SKS 118.000000 1.025641 91.000000 143.000000 0.615385 1.641026 13963.728261 -1.004868 -1.139923 -0.869814 good
15-Apr-2017 08:19:43 -23.265300 -67.722500 155.000000 6.300000 102.782730 249.723500 -5.448619 SKS 125.000000 1.230769 88.000000 149.000000 0.615385 2.461538 14550.436963 -1.121939 -1.276891 -0.966988 good
12-May-2017 10:41:26 12.918700 -90.061100 16.000000 6.200000 91.963260 290.900480 -5.448619 SKS 33.000000 2.051282 -Inf Inf 0.000000 Inf 120598.117081 0.533358 0.131556 0.935160 poor
20-May-2017 01:06:14 9.381800 123.953700 533.000000 6.000000 95.243810 70.719870 -5.448619 SKS 78.000000 3.076923 71.000000 85.000000 0.717949 4.000000 11937.480843 -0.085151 -0.311323 0.141021 null-measurement
23-Sep-2017 12:53:01 16.625800 -95.077800 10.000000 6.100000 92.348970 296.984700 -5.448619 SKS 69.000000 1.025641 34.000000 107.000000 0.307692 2.461538 6361.363349 0.944424 0.728929 1.159919 average
10-Oct-2017 06:32:21 -18.571500 -69.752600 85.000000 6.300000 100.813020 254.476540 -5.448619 SKS 103.000000 1.128205 93.000000 118.000000 0.820513 1.538462 3999.761062 -0.882943 -0.985617 -0.780270 good
24-Oct-2017 10:47:47 -7.216800 123.073500 553.810000 6.700000 106.854050 82.782290 -5.448619 SKS 107.000000 0.615385 -Inf Inf 0.000000 Inf 16726.955859 -0.431292 -0.588727 -0.273856 poor
14-Jan-2018 09:18:45 -15.767500 -74.709200 39.000000 7.100000 102.198140 259.915880 -5.448619 SKS 114.000000 1.333333 98.000000 141.000000 0.820513 1.948718 8575.103147 -1.219103 -1.358091 -1.080116 good
21-Jan-2018 01:06:42 -18.880600 -69.444500 116.000000 6.300000 100.825390 254.044200 -5.448619 SKS 97.000000 1.230769 80.000000 148.000000 0.410256 2.871795 13668.491148 -0.791436 -0.967896 -0.614975 average
06-Mar-2018 14:13:07 -6.304300 142.611600 20.490000 6.700000 119.232900 66.448870 -5.448619 SKIKS 115.000000 0.615385 -Inf Inf 0.000000 Inf 50068.470762 -0.616078 -0.775251 -0.456905 poor
02-Apr-2018 13:40:34 -20.658800 -63.005800 559.000000 6.800000 97.856640 248.380490 -5.448619 SKS 102.000000 1.128205 90.000000 118.000000 0.820513 1.538462 6439.145377 -1.033003 -1.156147 -0.909859 good
28-Jul-2018 17:07:23 -7.103900 122.726300 578.160000 6.000000 106.533440 82.960080 -5.448619 SKS 88.000000 1.230769 -Inf Inf 0.000000 Inf 62939.185884 -0.173860 -0.323622 -0.024098 poor
17-Aug-2018 15:35:01 -7.371800 119.801700 529.000000 6.500000 104.703390 85.318640 -5.448619 SKS 102.000000 0.512821 -Inf Inf 0.000000 Inf 15729.464402 -0.270592 -0.380469 -0.160716 poor
24-Aug-2018 09:04:08 -11.035500 -70.828400 630.000000 7.100000 96.180610 260.551030 -5.448619 SKS 97.000000 1.230769 87.000000 130.000000 0.410256 2.153846 7339.544400 -0.540680 -0.674771 -0.406589 good
28-Aug-2018 07:08:11 -10.773000 124.187100 14.000000 6.200000 110.164610 84.558030 -5.448619 SKS 116.000000 0.615385 85.000000 175.000000 0.000000 4.000000 12720.464496 -0.504479 -0.658598 -0.350361 poor
28-Aug-2018 22:35:13 16.804400 146.839500 55.000000 6.400000 102.992930 48.294330 -5.448619 SKS 119.000000 1.846154 105.000000 128.000000 1.025641 3.076923 22744.730009 -0.797461 -1.004240 -0.590681 average
07-Sep-2018 02:12:06 -2.253200 -78.790300 110.500000 6.200000 95.411150 272.379250 -5.448619 SKS 99.000000 1.128205 95.000000 146.000000 0.205128 2.256410 1417.739962 -0.206680 -0.252701 -0.160658 poor
08-Sep-2018 07:16:49 7.237700 126.477900 10.000000 6.200000 98.502980 70.251260 -5.448619 SKS 96.000000 0.820513 81.000000 124.000000 0.410256 1.538462 15978.549537 -0.592044 -0.708476 -0.475612 average
28-Sep-2018 10:02:45 -0.255900 119.846200 20.000000 7.500000 99.593940 80.285120 -5.448619 SKS 155.000000 0.923077 82.000000 169.000000 0.102564 4.000000 8411.509087 -0.430590 -0.537950 -0.323230 poor
01-Nov-2018 22:19:51 -19.582700 -69.265600 102.000000 6.200000 101.202490 253.418950 -5.448619 SKS 99.000000 1.333333 89.000000 114.000000 0.923077 1.948718 4300.189482 -0.970178 -1.137118 -0.803238 good
15-Nov-2018 20:02:22 -56.706500 -25.546000 15.000000 6.400000 108.518220 202.893640 -5.448619 SKS 31.000000 3.692308 -Inf Inf 0.000000 Inf 76768.445858 -0.444235 -0.803791 -0.084678 poor
06-Jan-2019 17:27:18 2.258000 126.758000 43.210000 6.600000 102.416480 73.370260 -5.448619 SKS 92.000000 0.717949 77.000000 156.000000 0.205128 2.666667 4481.841266 -0.392318 -0.474971 -0.309666 poor
22-Feb-2019 10:17:23 -2.186200 -77.050500 145.000000 7.500000 94.153970 271.168360 -5.448619 SKS 107.000000 0.615385 95.000000 176.000000 0.205128 1.948718 1568.913623 -0.302769 -0.355720 -0.249818 poor
01-Mar-2019 08:50:42 -14.713100 -70.154600 267.000000 7.000000 98.345180 257.495490 -5.448619 SKS 139.000000 1.025641 92.000000 159.000000 0.410256 2.461538 7012.057744 -0.833612 -0.955428 -0.711795 average
31-Mar-2019 07:04:04 -1.944600 -80.810100 18.000000 6.200000 96.591150 274.057590 -5.448619 SKS 125.000000 0.615385 -Inf Inf 0.000000 Inf 59940.666437 -0.472238 -0.720832 -0.223644 poor
06-Apr-2019 21:55:01 -6.828500 125.041600 539.000000 6.300000 107.928390 81.023490 -5.448619 SKS 96.000000 1.743590 83.000000 165.000000 0.102564 4.000000 23983.309136 -0.654302 -0.894247 -0.414357 poor
26-May-2019 07:41:15 -5.811900 -75.269700 122.570000 8.000000 95.515450 267.366690 -5.448619 SKS 94.000000 1.948718 88.000000 175.000000 0.000000 4.000000 2747.700234 -0.247837 -0.386516 -0.109158 poor
31-May-2019 10:12:32 6.279500 126.479000 98.720000 6.100000 99.223450 70.885830 -5.448619 SKS 98.000000 0.820513 81.000000 133.000000 0.410256 1.641026 18849.838106 -0.629987 -0.744124 -0.515850 average
14-Jun-2019 00:19:12 -30.055700 -72.081900 11.000000 6.400000 110.286840 247.420070 -5.448619 SKS 116.000000 1.435897 90.000000 140.000000 0.923077 2.358974 11558.872759 -1.450092 -1.645408 -1.254777 good
28-Jun-2019 15:51:31 19.851500 144.347700 410.000000 6.400000 99.151750 48.621940 -5.448619 SKS 109.000000 1.333333 58.000000 134.000000 0.307692 3.179487 48873.195396 -1.042483 -1.330363 -0.754603 average
07-Jul-2019 15:08:40 0.512600 126.189200 35.000000 6.900000 103.333500 74.993510 -5.448619 SKS 91.000000 1.025641 76.000000 162.000000 0.102564 3.692308 9947.099442 -0.505633 -0.630060 -0.381205 poor
14-Jul-2019 05:39:23 -18.224200 120.358400 10.000000 6.600000 112.695090 93.050690 -5.448619 SKKS 101.000000 1.025641 -Inf Inf 0.000000 Inf 8331.470502 -0.233526 -0.317604 -0.149447 poor
14-Jul-2019 09:10:51 -0.585800 128.034000 18.980000 7.200000 105.384330 74.332560 -5.448619 SKS 155.000000 1.128205 -Inf Inf 0.000000 Inf 33992.356459 -0.311444 -0.493004 -0.129884 poor
02-Aug-2019 12:03:27 -7.282200 104.790700 49.000000 6.900000 94.217530 96.086160 -5.448619 SKS 167.000000 0.307692 -Inf Inf 0.000000 Inf 6976.554083 -0.169895 -0.415883 0.076094 poor
19-Sep-2019 07:06:33 -6.070800 111.842200 610.000000 6.100000 98.245510 90.181940 -5.448619 SKS 106.000000 0.923077 92.000000 176.000000 0.102564 3.487179 7454.846361 -0.440661 -0.551888 -0.329433 poor
29-Sep-2019 15:57:53 -35.475800 -73.163000 11.000000 6.700000 114.543540 243.670540 -5.448619 SKS 96.000000 1.333333 67.000000 147.000000 0.205128 3.384615 45568.363235 -1.155810 -1.432404 -0.879216 average
14-Nov-2019 16:17:40 1.621300 126.415600 33.000000 7.100000 102.662160 74.063940 -5.448619 SKS 95.000000 1.025641 78.000000 154.000000 0.205128 3.179487 9873.773819 -0.639834 -0.777047 -0.502621 average
